CyberShake_1000_1.xml
376.96,406283.62
414.4,430526.9
331.57,374258.9
328.89,373627.28

CyberShake_1000_2.xml
365.12,394008.7
405.95,420552.59
328.59,370852.01
323.53,367286.78

CyberShake_1000_3.xml
364.13,391861.6
408.3,420852.16
323.55,364500.31
326.43,366345.04

CyberShake_1000_4.xml
389.9,405825
420.69,425895.77
376.58,402265.19
324.8,366644.22

CyberShake_1000_5.xml
364.09,387189.39
399.06,412588.3
332.29,370785.37
326.51,366325.12

CyberShake_1000_6.xml
374.04,398193.82
406.23,417828.01
331.91,372508.61
325.66,366898.06

CyberShake_1000_7.xml
376.79,393381.91
417.54,420721.68
341.93,374289.04
323.94,360134.8

CyberShake_1000_8.xml
366.51,383172.12
392.78,406606.53
321,358335.52
322.69,354143.07

CyberShake_1000_9.xml
391.5,405578.82
424.73,429042.49
336.55,373728.75
332.8,369402.3

CyberShake_1000_10.xml
375.74,401491.49
406.49,421292.22
330.32,371766.51
325.25,368667.09

CyberShake_1000_11.xml
395.79,409811.64
427.11,430382.59
366.56,393068.81
325.66,358815.2

CyberShake_1000_12.xml
383.19,404051.36
412.36,422854.32
331.35,370370.25
329.19,369224.47

CyberShake_1000_13.xml
383.98,408553.05
417.41,430265.1
338.45,379180.41
332.92,375249.02

CyberShake_1000_14.xml
377.83,405697.97
412.74,428481.37
333.02,376255.87
329,373642.91

CyberShake_1000_15.xml
376.94,404504.37
410.89,425903.47
336.59,380338.76
334.57,378476.83

CyberShake_1000_16.xml
371.39,388315.96
404.81,414140.62
327.87,365434.95
324.14,360628.72

CyberShake_1000_17.xml
361.29,383837.56
389.92,401913.06
321.51,359407.76
314.63,355156.57

CyberShake_1000_18.xml
366.57,392751.65
401.53,415305.57
329.04,368467.76
319.32,362172.98

CyberShake_1000_19.xml
370.37,399311.08
401.32,419492.86
329.99,371895.31
323.79,367530.98

CyberShake_1000_20.xml
417.85,423143.46
454.9,450647.03
354.78,385378.33
349.3,379355.09

CyberShake_1000_21.xml
394.91,411465.62
431.36,434883.81
341.46,377552.41
339.25,375930.37

CyberShake_1000_22.xml
386.47,405868.18
418.5,426682.17
339.5,378714.63
333.08,373193.14

CyberShake_1000_23.xml
382.95,392548.46
415.78,419496.46
332.93,365863.23
327.14,360809.69

CyberShake_1000_24.xml
378.34,397929.14
406.5,416146.56
336.03,373859.88
326.66,366677.12

CyberShake_1000_25.xml
387.46,399683.03
427.12,428277.99
334.39,367430.79
331.25,362144.49

CyberShake_1000_26.xml
392.81,403912.31
418.99,425087.7
341.15,374911.27
340.22,369714.15

CyberShake_1000_27.xml
384.18,403946.16
417.84,427374.82
337.12,377131.17
329.72,366741.67

CyberShake_1000_28.xml
362.45,391303.55
399.93,415766.63
323.01,364771.88
320.24,363340.8

CyberShake_1000_29.xml
371.13,395468.08
402.2,415293.49
330.35,370786.1
324.98,366525.28

CyberShake_1000_30.xml
368.99,396905.78
412.35,425237.44
330.99,371505.25
325.74,367844.16

CyberShake_1000_31.xml
362.96,382477.54
403.93,413978.96
332.57,368991.5
325.62,360263.92

CyberShake_1000_32.xml
415.53,428784.7
444.54,447656.97
354.77,389201.08
345.66,382870.77

CyberShake_1000_33.xml
377.09,403652.92
406.33,422357.2
336.67,376835.7
330.13,372461.98

CyberShake_1000_34.xml
378.18,400571.68
412.38,422627.36
333.45,373691.66
329.94,371401.66

CyberShake_1000_35.xml
363.09,378767.42
383.35,398143.33
321.72,357699.03
315.96,352529.58

CyberShake_1000_36.xml
383.67,404341.58
415.56,424729.44
331.44,371409.6
328.2,369095.83

CyberShake_1000_37.xml
388.77,405574.64
421.51,428816.79
339.97,378249.34
333.82,372581.08

CyberShake_1000_38.xml
375.89,398559.27
411.31,422960.74
335.57,375092.27
330.93,371084.62

CyberShake_1000_39.xml
430.82,438954.06
470.13,465038.24
356.57,388138.27
356.36,388376.68

CyberShake_1000_40.xml
409.67,426034.67
444.48,448852.32
349.83,385077.72
343.67,381927.74

CyberShake_1000_41.xml
396.63,417707.14
432.04,440800.4
337.65,378883.03
337.37,378432.82

CyberShake_1000_42.xml
378.86,393122.31
418.03,423638.66
328.72,364480.42
330.45,360625.82

CyberShake_1000_43.xml
378.33,402659.06
416.52,427522.19
335.19,375684.21
330.32,372116.24

CyberShake_1000_44.xml
364.2,391702.31
398.6,414168.47
324.97,365108.21
318.74,360897.78

CyberShake_1000_45.xml
365.78,390965.7
408.08,418535.78
327.64,367043.23
322.76,363390.23

CyberShake_1000_46.xml
412.83,418835.24
448.42,445273.16
346.62,379252.33
344.63,377055.16

CyberShake_1000_47.xml
390.93,404110.01
422.91,426617.87
332.85,365902.22
327.25,359219.7

CyberShake_1000_48.xml
371.3,395616.11
412.06,421990.77
328.37,369253.36
325.09,366414.15

CyberShake_1000_49.xml
391.05,407163.55
420.47,425863.94
338.19,375073.3
334.55,371910.4

CyberShake_1000_50.xml
393.5,412843.12
434.3,439134.48
340.13,378435.14
340.9,378855.15

CyberShake_1000_51.xml
367.38,388608.47
399.49,410065.51
322.89,361022.95
320.28,357338.21

CyberShake_1000_52.xml
387.11,401762.77
425.41,426741.08
334.19,368730.57
330.73,365882.85

CyberShake_1000_53.xml
449.51,449599.47
483.99,471539.01
366.61,393984.27
362.98,392248.7

CyberShake_1000_54.xml
408.5,421969.03
444.55,445417.86
350.8,382193.02
335.99,370285.58

CyberShake_1000_55.xml
425.18,434424.51
464.66,460180.93
352.15,385206.2
353.71,385830.58

CyberShake_1000_56.xml
372.74,390113.96
402.57,414595.52
334.58,371205.95
326.68,364581.85

CyberShake_1000_57.xml
390.51,415629.9
420.69,434950.59
338.94,380731.4
335.81,379176.42

CyberShake_1000_58.xml
384.38,409163.65
416.33,429649.94
337.41,376475.49
332.3,373647.73

CyberShake_1000_59.xml
369.95,397909.79
409.25,423248.67
332.4,374225.7
326.61,370081.55

CyberShake_1000_60.xml
367.17,392535.76
403.1,415522.76
328.7,369587.68
326.03,367402.31

CyberShake_1000_61.xml
358.32,380356.94
399.14,411293.75
324.88,363914.96
320.64,353410.17

CyberShake_1000_62.xml
377.59,408542.07
414.53,432602.87
334.27,377881.66
333.44,379163.67

CyberShake_1000_63.xml
378.75,394736.56
409.27,418997.9
331.98,369021.06
335.17,370523.42

CyberShake_1000_64.xml
391.27,414289.93
425.13,435825.03
345.17,384876.44
339.91,380951.07

CyberShake_1000_65.xml
396.74,408510.06
433.5,437869.11
345.75,381467.57
351.13,380206.9

CyberShake_1000_66.xml
381.69,403191.54
419.1,427725.15
357.75,390631.35
335.29,374711.66

CyberShake_1000_67.xml
384.07,413614.5
418.12,435247.27
338.85,383005.76
333.52,379162.25

CyberShake_1000_68.xml
365.38,389810.08
402.64,416761.46
329.59,369593.5
325.57,366142.71

CyberShake_1000_69.xml
403.47,423742.98
434.69,444040.65
348.1,386682.47
342.68,382451.76

CyberShake_1000_70.xml
380.8,396771.51
421.75,426335.89
335.48,367706.71
329.91,360016.38

CyberShake_1000_71.xml
374.6,399908.44
408.62,422045.94
335.35,377328.48
328.94,372670.2

CyberShake_1000_72.xml
398.34,412306.98
430.03,435346.56
345.9,383709.37
339.55,376208.19

CyberShake_1000_73.xml
368.86,384109.86
402.6,412011.12
324.44,361511.19
323.43,359293.84

CyberShake_1000_74.xml
391.93,404802.27
432.84,436222.33
346.37,380810.41
341.55,376330.45

CyberShake_1000_75.xml
378.75,402101.52
411.37,424442.75
347.11,386392.04
332.77,375427.54

CyberShake_1000_76.xml
434.77,426293.09
466.52,452756.41
355.47,379597.57
353.95,376840.54

CyberShake_1000_77.xml
370.1,391770.39
400.21,411368.07
326.62,365649.47
320.72,361168.85

CyberShake_1000_78.xml
372.25,397147.86
399.6,414808.27
336.83,378076.41
330.3,372366.24

CyberShake_1000_79.xml
436.51,444703.47
457.26,458030.64
362.07,394117.73
357.8,391314.59

CyberShake_1000_80.xml
376.4,397527.15
394.58,408782.5
334.69,373535.57
326.65,367413.98

CyberShake_1000_81.xml
403.52,412860.32
437.9,435703.92
344.45,377654.26
341.95,375823.52

CyberShake_1000_82.xml
390.13,398174.81
428.06,428098.84
335.76,368697.34
321.89,349365.97

CyberShake_1000_83.xml
365.06,391230.27
398.45,412970.55
324.9,366456.55
317.58,361154.21

CyberShake_1000_84.xml
373.88,400942.78
411.55,425523.93
330.54,372784.66
326.46,369508.51

CyberShake_1000_85.xml
386.93,407956.91
422.54,430537.75
345.16,383347.47
337.13,377645.04

CyberShake_1000_86.xml
383.22,402884.76
423.26,428388.46
341.32,377606.58
332.94,371638.43

CyberShake_1000_87.xml
433.74,440594.14
464.76,460911.83
360.09,392285.15
353.39,387350.48

CyberShake_1000_88.xml
363.1,384160.98
402.51,410485.53
325.65,363737.23
318.15,357503.88

CyberShake_1000_89.xml
374.48,402371.16
408.16,424188.37
333.67,376755.96
330.16,374029.28

CyberShake_1000_90.xml
427.39,431234.81
460.82,452586
349.48,379509.16
349.08,379265.14

CyberShake_1000_91.xml
371.45,395940.1
406.5,418541.51
329.7,369424.7
325.51,366839.97

CyberShake_1000_92.xml
387.53,408833.1
425.27,433206.52
338.79,378969.35
336.17,376746.16

CyberShake_1000_93.xml
389.45,411168.49
423.08,432907.96
338.34,377604.48
333.82,375018.97

CyberShake_1000_94.xml
389.35,407496.21
427.2,431809.19
337.99,374867.35
334.13,371779.82

CyberShake_1000_95.xml
371.66,391934.39
404.93,415341.89
330.47,368420.66
325.03,362675.24

CyberShake_1000_96.xml
379.04,401664.22
413.88,424404.41
337.24,375808.26
331.27,371868.99

CyberShake_1000_97.xml
385.3,411223.33
419.11,432984.85
338.62,380306.34
335.2,377802.51

CyberShake_1000_98.xml
443.13,434429.36
479.87,463778.87
360.41,385913.87
359.38,383821.44

CyberShake_1000_99.xml
415.59,428656.4
446.27,448692.08
347.72,382902.36
345.44,381488.26

CyberShake_1000_100.xml
362.53,392608.7
400.65,417416.67
326.49,368639.53
325.12,367557.89

CyberShake_1000_101.xml
392.87,405747.22
423.59,425418.46
341.86,374103.98
331.38,366839.12

CyberShake_1000_102.xml
381.14,401387.46
411.28,420719.66
338.85,378075.26
329.66,370557.11

CyberShake_1000_103.xml
378.09,404055.43
414.83,428359.39
329.99,371982.13
329.19,371700.54

CyberShake_1000_104.xml
372.39,389347.1
412.69,420801.15
339.55,372542.97
328.12,364014.85

CyberShake_1000_105.xml
357.33,374851.39
394.39,404126.93
320.51,356936.43
316.02,352774.27

CyberShake_1000_106.xml
408.83,418109.62
446.3,443435.68
360.76,387064.07
336.25,366110.74

CyberShake_1000_107.xml
370.5,392366.94
409.1,417319.65
331.91,370211.41
325.14,365017.91

CyberShake_1000_108.xml
393.79,404174.8
426.63,428823.15
343.21,375952.72
338.41,372256.52

CyberShake_1000_109.xml
371.45,390661.29
405.26,415449.45
328.91,365636.7
325.04,361476.46

CyberShake_1000_110.xml
395.8,415378.57
428.53,436619.81
345.32,382250.85
338.78,377742.92

CyberShake_1000_111.xml
369.31,395455.16
399.27,414781.12
325.14,367898.91
323.02,366133.73

CyberShake_1000_112.xml
375.57,397180.32
409.45,419128.21
332.88,370790.66
326.04,365699.12

CyberShake_1000_113.xml
370.47,393491.51
405.88,416114.79
326.11,366826.51
324.91,364778.27

CyberShake_1000_114.xml
383.35,409391.44
413.09,428341.64
338.07,380626.06
336.24,379350.13

CyberShake_1000_115.xml
399.28,415061.45
439.71,441732.95
344.14,379278.44
340.16,376229.34

CyberShake_1000_116.xml
368.58,398477.99
404.65,421786.04
327.51,370951.05
324.83,369272.77

CyberShake_1000_117.xml
370.31,399945.78
407.41,423805.58
327.8,371146.61
323.87,368277.75

CyberShake_1000_118.xml
364.82,389262.42
404.78,416528.77
327.44,368604.71
324.81,366473.64

CyberShake_1000_119.xml
364.1,393047.12
401.29,417125.95
326.12,369607.89
324.02,367922.47

CyberShake_1000_120.xml
384.8,407604.64
418.42,429538.16
340.72,379681.11
330.69,373077.45

CyberShake_1000_121.xml
390.55,409035.18
415.7,425243.35
341.29,379136.86
337.3,375610.57

CyberShake_1000_122.xml
424.03,432888.18
440.83,443540.51
349.61,382846.05
347.43,381481.28

CyberShake_1000_123.xml
385.56,403858.85
421.82,427418.9
334.87,372468.01
332.09,370367.14

CyberShake_1000_124.xml
392.97,404639.68
430.05,430461.75
339.57,372714.01
336.89,370724.35

CyberShake_1000_125.xml
393.14,406906.75
424.95,427599.91
341.14,376669.7
332.7,369675.53

CyberShake_1000_126.xml
393.39,403633.38
425.41,427156.45
348.54,379480.68
334.16,367232.22

CyberShake_1000_127.xml
371.88,391563.76
405.46,413514.94
325.91,364443.13
324.28,363275.64

CyberShake_1000_128.xml
372.05,399177.47
412.23,425551.98
332.73,373837.01
326.63,369655.19

CyberShake_1000_129.xml
396.88,409515.21
432.19,433034.93
344.66,378209.2
340.08,374503.98

CyberShake_1000_130.xml
455.43,457732.49
486.44,477672.11
373.37,403651.28
369.24,400757.65

CyberShake_1000_131.xml
375.34,401180.51
409.86,423761.9
329.77,369869.76
325.49,368414.35

CyberShake_1000_132.xml
382.62,399807.44
415.44,424699.3
338.09,374934.22
333.51,368909.69

CyberShake_1000_133.xml
377.55,394515.36
413.14,423711.61
334.42,372982.97
334.72,367539.84

CyberShake_1000_134.xml
366.32,393065.46
405.18,418363.59
331.24,371486.03
326.34,368169.87

CyberShake_1000_135.xml
369.06,400548.67
401.9,421848.79
328.29,372820.42
325.01,370824.59

CyberShake_1000_136.xml
375.19,395804.79
410.93,419395.53
333.45,371026.6
325.83,365378.14

CyberShake_1000_137.xml
362.42,383262.16
403.01,413174.39
326.97,364097.92
322.27,359275.84

CyberShake_1000_138.xml
369.6,398128.55
400.58,418116.91
330.02,371671.64
322.4,366715.34

CyberShake_1000_139.xml
411.95,412362.21
451.74,443840.36
344.97,373477.59
346.64,369260.98

CyberShake_1000_140.xml
364.06,385955.53
399.31,410759.63
322.86,361706.01
320.2,357394.32

CyberShake_1000_141.xml
376.27,391361.45
415.48,420331.88
335.26,368870.14
329.75,364891.97

CyberShake_1000_142.xml
378.51,405689.52
409.82,425879.02
343.38,381796.45
328.84,372440.9

CyberShake_1000_143.xml
360.57,391114.74
397.82,415180.42
325.49,368274.08
325.4,368068.29

CyberShake_1000_144.xml
395.6,404462.41
431.5,431290.72
339.17,372503.94
334.3,367434.14

CyberShake_1000_145.xml
370.66,398209.87
407.02,421798.01
331.37,374785.67
325.52,369769.52

CyberShake_1000_146.xml
355.31,382221.95
391.52,405358.26
326.24,364675.11
318.71,359650.96

CyberShake_1000_147.xml
394.78,408867.42
435.08,436392.19
342.92,377350.37
337.69,371268.18

CyberShake_1000_148.xml
368.92,398186.93
397.38,416720.26
332.31,374391.79
326.54,370869.76

CyberShake_1000_149.xml
400.73,416498.79
436.31,439479.67
341.83,378001.97
342.05,377831.59

CyberShake_1000_150.xml
402.78,420244.44
443.22,446567.5
345.73,383347.8
347.47,384485.17

CyberShake_1000_151.xml
372.88,397134.34
404.45,417618.47
331.01,370571.61
323.24,364873.39

CyberShake_1000_152.xml
389.54,409833.92
427.46,434751.97
339.34,376201.6
334.81,373578.3

CyberShake_1000_153.xml
393.62,404814.51
431.05,429433.49
342.24,375746.76
333.27,368004.49

CyberShake_1000_154.xml
386.43,404504.56
419.27,425968.31
338.33,375198.74
330.84,369685.28

CyberShake_1000_155.xml
376.57,392566.08
410.54,418635.25
328.73,366123.17
325.79,363304.35

CyberShake_1000_156.xml
370.49,391097.51
401.94,412185.32
326.18,366640.68
319.72,361523.82

CyberShake_1000_157.xml
371.77,396098.68
404.07,416792.41
330.13,370958.28
323.86,366145.03

CyberShake_1000_158.xml
364,396055.67
399.32,418724.42
327.55,372731.36
324.46,370171.88

CyberShake_1000_159.xml
367.87,387452.12
405.47,415145.69
326.56,364706.06
324.65,358410.19

CyberShake_1000_160.xml
369.63,385644.56
401.55,412263.01
330.55,366658.07
325.85,362490.8

CyberShake_1000_161.xml
425.18,431621.75
461.1,454560.85
355.27,386854.37
354.17,385870.17

CyberShake_1000_162.xml
380.64,401903.57
411.37,423328.71
337.1,377629.01
331.93,372885.28

CyberShake_1000_163.xml
369.23,396260.81
392.55,411405.6
327.88,369098.22
322.4,365725.95

CyberShake_1000_164.xml
367.98,389432.46
402.54,414156.32
334.99,372394.97
325.81,365193.71

CyberShake_1000_165.xml
356.83,377021.12
391.27,402509.99
320.3,357667.49
316.91,355106.71

CyberShake_1000_166.xml
388.22,404413.9
427.73,430356.01
334.69,369264.05
331.96,367266.1

CyberShake_1000_167.xml
383.78,403960.45
413.79,423403.03
341.12,376133.06
329.96,368432.9

CyberShake_1000_168.xml
370.32,399891.06
403.63,421446.63
331.16,372925.13
323.9,368678.85

CyberShake_1000_169.xml
365.45,395209.9
398.8,416788.82
322.69,367977.12
322.29,367294.59

CyberShake_1000_170.xml
387.99,399769.53
425.99,429023.58
339.12,374015.93
336.84,371445.29

CyberShake_1000_171.xml
404.05,415687.22
441.26,440116.59
343.59,378249.82
343.77,378141.97

CyberShake_1000_172.xml
371.13,399062.9
407.47,422531.5
332.06,374468.95
326.47,370145.93

CyberShake_1000_173.xml
398.55,420052.36
433.23,442753.79
341.59,381290.13
339.49,380271.96

CyberShake_1000_174.xml
372.57,402371.88
406.72,424458.82
329.5,374430.42
328.49,373539.8

CyberShake_1000_175.xml
379.71,405083
396.2,415512.97
334.01,373686.81
327.97,369882.93

CyberShake_1000_176.xml
383.58,405847.89
413.76,425051.87
336.01,374281.61
329.79,370196.71

CyberShake_1000_177.xml
392.75,411383.07
428.29,432803.03
358.94,387423.68
327.89,365200.67

CyberShake_1000_178.xml
409.1,422294.56
428.71,434752.01
347.29,380160.92
341.45,376501.89

CyberShake_1000_179.xml
371.09,387493.64
408.35,415145.72
319.22,356243.04
320.6,350331.34

CyberShake_1000_180.xml
375.98,405114.65
411.95,428633.7
332.96,376509.44
330.84,375791.41

CyberShake_1000_181.xml
370.82,393575.1
402.78,413571.19
328.88,368454.93
324.37,364742.26

CyberShake_1000_182.xml
378.54,404983.63
413.92,428108.25
331.81,373272.42
329.95,371865.85

CyberShake_1000_183.xml
377.73,397685.93
407.1,416618.58
346.38,382466.09
333.15,372407.82

CyberShake_1000_184.xml
369.53,390544.97
401.18,413351.91
328.04,367600.51
325.11,365197.14

CyberShake_1000_185.xml
389.22,400817.88
423.27,426309.51
337.82,371889.4
332.76,367361.42

CyberShake_1000_186.xml
373.5,390789.7
409.49,416656.18
321.61,358235.49
316.75,348663.72

CyberShake_1000_187.xml
372.72,393038.79
406.81,414966.26
347.85,379756.42
323.06,360455

CyberShake_1000_188.xml
399.72,410144.93
441.08,440190.02
350.53,382128.61
342.55,376412.79

CyberShake_1000_189.xml
380.34,406925.06
422.84,434636.68
334.66,376764.07
334.8,376430.16

CyberShake_1000_190.xml
396.38,418853.17
431.77,441417.8
346.16,384385.85
341.88,381416.99

CyberShake_1000_191.xml
375.21,392246.35
401.45,411837.61
327.44,366017.23
325.32,363865.65

CyberShake_1000_192.xml
400.04,420098.51
432.21,441183.78
346.75,386339.53
340.51,381614.85

CyberShake_1000_193.xml
394.44,415061.27
422.21,433051.69
340.61,379343.66
337.64,377284.43

CyberShake_1000_194.xml
430.58,442186.4
462.87,463408.08
361.61,395329.9
360.3,394474.55

CyberShake_1000_195.xml
380.38,402918.09
416.73,426766.17
338.75,379054.69
332.44,373957.92

CyberShake_1000_196.xml
368.89,393406.85
399.67,413402.61
326.72,366262.5
317.4,360366

CyberShake_1000_197.xml
363.23,392553.46
385.74,407056.49
320.3,363860.01
318.42,362470.14

CyberShake_1000_198.xml
392.43,406144.46
429.89,430503.78
341.43,374405.03
335.66,370070.45

CyberShake_1000_199.xml
382.11,396605.74
424.31,426544.69
335.17,369927.18
331.79,365352.14

CyberShake_1000_200.xml
414.86,425775.11
450.1,448614.01
352.09,386292.37
346.12,381576.81

CyberShake_1000_201.xml
383.93,401107.9
418.16,425467.99
335.85,371945.16
330.8,367494.08

CyberShake_1000_202.xml
351.47,370812.65
397.65,405669.69
316.12,352255.58
314.55,343014.76

CyberShake_1000_203.xml
397.87,416853.98
432.98,439441.98
347.32,384191.9
342.12,380824.4

CyberShake_1000_204.xml
359.64,386109.39
396.43,409256.95
326.74,367308.01
322.04,364296.92

CyberShake_1000_205.xml
431.35,432632.29
463.83,453411.84
361.44,388656.99
362.57,389282.27

CyberShake_1000_206.xml
378.17,402146.36
413.92,425325.57
336.82,377988.44
332.88,373817.53

CyberShake_1000_207.xml
385.85,406119.98
416.76,425857.11
340.33,379670.64
331.88,373359.34

CyberShake_1000_208.xml
380.7,400897.89
414,422205.98
328.06,368979.01
323.23,365567.16

CyberShake_1000_209.xml
357.51,381923
402.5,413125.96
326.56,365430.2
323.93,363334.25

CyberShake_1000_210.xml
407.31,413520
443.76,440821.72
341.91,371201.49
336.84,362761.48

CyberShake_1000_211.xml
377.09,399789.9
418.64,426567.66
333.34,373358.02
331.32,371759.83

CyberShake_1000_212.xml
390.44,403750.81
430.36,431659.13
351.18,380012.44
332.36,365211.76

CyberShake_1000_213.xml
400.51,411663.85
436.15,434776.88
343.77,377031.42
341.38,375161

CyberShake_1000_214.xml
385.69,398104.48
419.61,419941.13
329.7,363469.72
325.49,360242.29

CyberShake_1000_215.xml
373.83,402412.75
408.67,425037.62
328.8,371287.38
324.36,368785.87

CyberShake_1000_216.xml
378,391352.53
416.65,422734.28
329.44,364718.59
326.1,354882.78

CyberShake_1000_217.xml
430.63,439549.13
446.77,449695.84
354.8,388655.66
354.23,388130.67

CyberShake_1000_218.xml
381.7,406052.59
414.69,427114.69
333.27,373882.6
330.59,372210.11

CyberShake_1000_219.xml
426.68,433944.03
461.32,456299.76
355.37,389093.79
355.4,388694.19

CyberShake_1000_220.xml
427.4,426423.66
463.2,453100.04
359.66,386362.04
354.03,381699.5

CyberShake_1000_221.xml
381.67,402868.33
417.93,427937.05
337.19,376163.22
334.61,372908.83

CyberShake_1000_222.xml
380.13,394337.51
405.7,414131.1
329.91,366719.06
329,365338.03

CyberShake_1000_223.xml
372.79,392336.03
404.78,414975.97
328.42,366189.59
325.94,362813.18

CyberShake_1000_224.xml
420.07,423527.85
453.44,445261.11
347.66,377706.23
347.25,377275.19

CyberShake_1000_225.xml
385.66,403407.31
408.89,418371.97
337.84,374501.03
333.15,371377.61

CyberShake_1000_226.xml
359.76,379129.92
385.31,399701.93
320.6,356345.97
318.9,354020.4

CyberShake_1000_227.xml
367.82,393750.23
400.01,414311.58
337.66,376377.79
323.39,366363.2

CyberShake_1000_228.xml
384.95,398120.57
433.74,436244.74
341.25,376956.48
340.38,371678.22

CyberShake_1000_229.xml
368,390726.15
399.34,410697.22
326.08,366485.41
323.23,364093.47

CyberShake_1000_230.xml
401.44,421847.6
426.28,437687.6
350.22,387467.38
343.91,383783.08

CyberShake_1000_231.xml
362.34,394168.11
400.86,419154.92
328.14,370420.71
321.91,366950.3

CyberShake_1000_232.xml
409.05,418811.26
448.45,444349.91
348.08,380854.22
346.61,379592.29

CyberShake_1000_233.xml
400.97,405458.38
435.07,433381.53
338.99,370568.23
340.66,367580.52

CyberShake_1000_234.xml
389.97,401919.72
421.36,425482.14
337.35,371644.03
334.71,369609.29

CyberShake_1000_235.xml
375.62,395414.72
403.97,414580.08
330.38,370241.13
327.98,367605.23

CyberShake_1000_236.xml
373.66,385357.34
406.87,411483.43
325.74,357339.82
322.75,349345.71

CyberShake_1000_237.xml
372.02,398692.16
407.38,420192.84
335.14,375822.3
328.2,370307.72

CyberShake_1000_238.xml
371.28,400776.31
396.3,416509.93
328.5,371705.08
326.66,371197.7

CyberShake_1000_239.xml
372.24,397349.63
407.48,419802.17
330.22,372787.75
327.05,369758.63

CyberShake_1000_240.xml
420.76,424514.94
454.52,446331.55
348.21,378646.81
345.23,376729.57

CyberShake_1000_241.xml
372.9,393162.59
412.91,421481.04
342.65,374799
325.68,361713.87

CyberShake_1000_242.xml
386.86,400528.51
427.73,430141.18
335.91,366946.02
331.06,360011.93

CyberShake_1000_243.xml
375.36,392607.9
403.71,413086.92
334.13,369884.46
327.93,365359.29

CyberShake_1000_244.xml
391.68,409017.34
423.51,429616.8
340.88,375873.1
331.72,369873.4

CyberShake_1000_245.xml
412.13,422678.87
447.57,445790.15
355.52,388575.46
351.82,385609.96

CyberShake_1000_246.xml
406.65,418318.83
441.42,440870.5
343.49,378355.09
340.43,376314.28

CyberShake_1000_247.xml
388.18,404681.39
418.77,424644.37
335.71,370973.63
329.32,366590.08

CyberShake_1000_248.xml
370.39,399479.36
405.63,422434.64
328.6,372529.37
324.46,369737.57

CyberShake_1000_249.xml
403.14,409524.55
432.94,434582
343.3,376261.65
343.78,374642.17

CyberShake_1000_250.xml
369.74,391514.27
406.37,415925.61
328.18,367351.46
325.76,364922.18

CyberShake_1000_251.xml
368.53,394526.49
391.38,408966.88
330.09,369918.34
321.22,364000.74

CyberShake_1000_252.xml
366.43,392720.76
398,413259.28
326.14,366165.55
320.78,363488.97

CyberShake_1000_253.xml
364.78,386774.72
394.83,407944.4
323.85,364882.78
319.23,360303.12

CyberShake_1000_254.xml
371.04,399704.6
406.95,423133.57
330.82,372964.06
324.37,368767.58

CyberShake_1000_255.xml
407.07,415387.41
440.46,437840.3
340.54,374678.23
339.05,373298.66

CyberShake_1000_256.xml
403.68,420353.43
438.75,443136.02
345.8,382557.37
343.19,380644.47

CyberShake_1000_257.xml
373.33,398916.01
404.99,419366.88
330.82,371548.12
329.46,370678.54

CyberShake_1000_258.xml
414.32,432284.47
441.76,450194.86
353.67,391284.02
349.66,389089.08

CyberShake_1000_259.xml
368.11,397458.77
400.74,418495.74
328.46,370251.14
324.29,368181.85

CyberShake_1000_260.xml
399.34,416033.12
432.49,437194.78
350.04,386197.61
341.86,379693.4

CyberShake_1000_261.xml
381.64,398450.16
407.6,417516.76
330.48,366935.88
329.53,364099.41

CyberShake_1000_262.xml
367.02,385483.6
398.86,411658.21
326.63,365940.56
323.46,362551.5

CyberShake_1000_263.xml
370.81,394137.22
408.62,419272.15
332.88,372930.86
325.62,367474.6

CyberShake_1000_264.xml
397.53,413345.02
430.59,436359.86
344.55,379088.66
335.77,370986.76

CyberShake_1000_265.xml
389.07,401617.52
434.05,435307.81
347.33,379172.25
327.57,357891.87

CyberShake_1000_266.xml
386.13,403014.35
426.43,431183.07
344.11,380503.46
334.67,371344.04

CyberShake_1000_267.xml
402.79,417121.48
437.81,439044.85
359.9,389090.67
340.46,374442.26

CyberShake_1000_268.xml
397.94,415729.02
432.79,437959.17
343.28,378480.11
338.47,374742.22

CyberShake_1000_269.xml
371.33,396944.19
395.92,412424.43
326.43,366430.18
318.46,361427.46

CyberShake_1000_270.xml
363.06,384742.51
394.7,406724.27
327.24,365241.77
320.14,360115.52

CyberShake_1000_271.xml
381.2,406096.04
418.85,430675.44
336.84,377497.42
333.14,375034.31

CyberShake_1000_272.xml
356.75,381533.55
397.2,407251.71
330.99,367244.26
317.38,356963.39

CyberShake_1000_273.xml
384.11,405840.78
408.66,420741.81
363.91,394564.38
325.84,367028.57

CyberShake_1000_274.xml
362.21,380797.15
398.29,409967.77
320.2,359548.68
319.28,348957.87

CyberShake_1000_275.xml
386.31,413904.98
418.29,434481.75
340.47,382177.19
335.49,379373.67

CyberShake_1000_276.xml
410.26,421185.07
446.04,444334.88
349.2,380912.6
344.64,377824.77

CyberShake_1000_277.xml
372.07,392658.09
404.52,416626.97
332.11,370792.46
326.91,367098.57

CyberShake_1000_278.xml
380.75,393627.9
421.41,425444.84
332.38,365323.24
332.38,362262.05

CyberShake_1000_279.xml
418.34,420509.01
453.46,448132.1
353.4,383164.67
350.16,380207.59

CyberShake_1000_280.xml
375.84,393009.14
412.6,419156.07
331.38,366772.1
329.01,363831.23

CyberShake_1000_281.xml
395.62,415816.15
429.38,437591.76
339.62,376987.12
334.07,373947.58

CyberShake_1000_282.xml
372.18,394338.96
404.1,414333.66
332.03,370092.79
326.58,365967.61

CyberShake_1000_283.xml
375.72,402386.3
408.22,423456.3
336.58,379847.02
332.02,376348.27

CyberShake_1000_284.xml
442.4,446736.97
484.02,474213.15
363.46,393304.99
363.02,393188.29

CyberShake_1000_285.xml
370.92,395279.34
405.32,417951.27
330.52,371878.59
326.68,368091.5

CyberShake_1000_286.xml
360.79,381165.85
399.61,409436.3
322,357353.09
320.58,354868.17

CyberShake_1000_287.xml
373.54,390404.21
406.3,413154.35
327.49,364095.91
322.77,360601.18

CyberShake_1000_288.xml
378.64,400963.11
412.9,424286.05
338.69,379069.73
329.96,371620.48

CyberShake_1000_289.xml
373.44,393538.05
405.15,416491.97
341.16,377259.56
323.97,363617.61

CyberShake_1000_290.xml
378.21,394666.58
415.55,422428.62
324.92,364187.42
326.35,357422.27

CyberShake_1000_291.xml
387.93,398090.68
421.2,425738.31
340.08,373832.26
334.17,367787.8

CyberShake_1000_292.xml
364.97,394695.06
400.25,417636.53
328.17,370351.75
324.71,368310.27

CyberShake_1000_293.xml
367.75,389942.1
402.37,412392.36
322.37,362078.77
318.41,359085.52

CyberShake_1000_294.xml
374.15,400161.69
406.63,421340.81
337.88,378872.8
331.4,373978.14

CyberShake_1000_295.xml
375.15,389521.75
405.21,415221.64
325.4,362432.37
327.2,357439.09

CyberShake_1000_296.xml
385.85,409370.64
418.37,430417.4
336.21,377057.73
332.47,374743.1

CyberShake_1000_297.xml
369.88,392683.3
406.5,418683.44
336.68,375480.68
326.83,366934.71

CyberShake_1000_298.xml
381.37,402650.41
415.2,424445.35
334.85,373923.16
327.65,368764.14

CyberShake_1000_299.xml
377.76,396252.44
421.03,426597.04
335.48,371228.05
328.67,364649.98

CyberShake_1000_300.xml
414.36,426217.88
442.25,444380.02
352.66,387404
346.65,382952.45

CyberShake_1000_301.xml
381.39,404365.08
413.47,425375.73
332.61,371881.78
330.07,370889.01

CyberShake_1000_302.xml
365.68,383572.21
401.86,412418.91
323.09,358965.8
323.64,352773.94

CyberShake_1000_303.xml
389.33,403001.44
422.77,426287.1
336.07,371437.27
332.02,368643.77

CyberShake_1000_304.xml
371.39,389966.76
405.61,418866.96
327.98,366391.1
328.3,360517.96

CyberShake_1000_305.xml
386.68,409878.68
424.34,434137.79
342.76,382590.89
335.44,377174.92

CyberShake_1000_306.xml
406.2,412744.96
445.19,440368.41
348.54,380032.53
341.51,373878.99

CyberShake_1000_307.xml
394.94,412809.43
421.44,429716.75
341.55,377169.52
335.58,373629.09

CyberShake_1000_308.xml
377.71,398761.23
403.44,415624.89
328.71,365807.89
324.88,363196.01

CyberShake_1000_309.xml
360.87,383692.07
396.27,409795.95
330.27,368706.75
325.7,362561.51

CyberShake_1000_310.xml
407.3,420968.65
439.3,441696.04
346.69,381375.61
341.39,377531.38

CyberShake_1000_311.xml
355.77,385672.27
399.32,414372.94
321.94,364467.87
320.44,363226.38

CyberShake_1000_312.xml
394.36,408747.04
421.98,429380.08
339.27,375845.18
338.82,375015.62

CyberShake_1000_313.xml
394.96,419169.32
428.29,440546.08
340.45,381984.29
337,379318

CyberShake_1000_314.xml
411.25,424662.41
445.45,446619.28
354.09,388889.36
347.23,383698.43

CyberShake_1000_315.xml
358.49,389029.68
395.61,412920.93
336.03,374246.54
318.25,362480.66

CyberShake_1000_316.xml
399.74,422853.86
430.42,442831.61
347.96,388624.76
342.09,384332.83

CyberShake_1000_317.xml
362.94,388079.11
394.86,408531.22
326.28,367389.88
320.44,362354.08

CyberShake_1000_318.xml
375.98,391763.25
409.57,416186.67
326.39,363956.43
324.27,360849.64

CyberShake_1000_319.xml
366.68,384320.42
409.96,416019.36
326.89,362841.5
325.4,360672.37

CyberShake_1000_320.xml
363.61,390036.9
402.28,415283.74
331.52,370337.42
323.47,364760.59

CyberShake_1000_321.xml
372.68,394906.23
393.76,409740.75
332.14,372135.15
326.5,368066.43

CyberShake_1000_322.xml
395.09,418574.65
427.23,439145.75
344.79,384426.46
339.89,381369.02

CyberShake_1000_323.xml
363,392128.43
398.7,415045
324.28,366339.82
318.7,362463.05

CyberShake_1000_324.xml
382.52,394511.8
422.03,425512.43
335.88,368449.84
333.48,364173.96

CyberShake_1000_325.xml
368.25,396997.86
404.15,420311.91
326.02,368854.46
326.32,369456.82

CyberShake_1000_326.xml
386.57,405156.89
420.29,427050.27
337.7,376281.26
332.28,371914.52

CyberShake_1000_327.xml
368.91,395327.79
404.02,418396.84
327.4,368678.73
324.5,366984.97

CyberShake_1000_328.xml
410.92,421798.62
444.26,444823.86
353.83,388504.66
351.2,385833.16

CyberShake_1000_329.xml
402.93,408504.17
447.05,443229.75
344.35,375590.39
344.64,372125.15

CyberShake_1000_330.xml
362.69,384369.32
397.4,410173.01
322.96,362870.14
321.25,360913.17

CyberShake_1000_331.xml
358.47,380864.65
404.38,416371.73
346.65,377799.19
323.08,356369.49

CyberShake_1000_332.xml
369.5,390872.37
403.4,415456.25
330.23,369236.18
325.93,364958.51

CyberShake_1000_333.xml
394.66,406940.78
417.67,423612.25
333.57,368122.38
331.49,363845.39

CyberShake_1000_334.xml
384.89,401998.21
424.48,428892.93
346.56,381002.66
335.2,372843.44

CyberShake_1000_335.xml
389.83,400439.66
423.3,427806.53
358.26,386581.59
337.76,366922.09

CyberShake_1000_336.xml
387.17,410304.33
422.96,433516.9
339.56,378066.08
333.43,374221.59

CyberShake_1000_337.xml
364.2,391811.68
400.24,415176.36
322.25,363929.98
320.88,364346.85

CyberShake_1000_338.xml
371.01,391080.26
410.36,418771.32
338.57,372593.87
323.27,361001.33

CyberShake_1000_339.xml
390.21,401846.93
426.73,429246.8
338.04,373237.28
335.33,370082.89

CyberShake_1000_340.xml
371.06,398286.24
402.71,418670.33
330.65,372535.17
326.66,369711.62

CyberShake_1000_341.xml
377.9,400546.63
413.71,423382.04
330.36,371381.2
328.36,369495.62

CyberShake_1000_342.xml
380.37,402925.83
414.64,424825.43
342.48,380120.28
334.11,374320.73

CyberShake_1000_343.xml
371.38,398818.23
402.06,418486.65
327,369154.11
325.37,368249.1

CyberShake_1000_344.xml
372.05,391024.18
406.53,417034.24
332.79,369624.46
328.31,363601.38

CyberShake_1000_345.xml
404.92,424132.74
440.69,447611.46
347.36,386722.14
345.08,384780.26

CyberShake_1000_346.xml
384.1,398409.56
406.66,414188.1
339.64,374287.29
330.22,366488.99

CyberShake_1000_347.xml
392.11,399507.77
424.34,425806.37
334.72,366697.74
334.78,364624.3

CyberShake_1000_348.xml
369.07,383924.51
397.58,407417.27
329.33,363936.75
321.6,349185.54

CyberShake_1000_349.xml
394.36,405147.07
432.99,435835.01
339.86,375169.44
336.66,363197.8

CyberShake_1000_350.xml
375.23,395055.35
410.2,417789.14
327.17,366239.61
326.33,365332.41

CyberShake_1000_351.xml
378.54,402355.65
413.38,424594.88
335.55,375635.7
331.14,372241.56

CyberShake_1000_352.xml
386.26,408211.72
422.05,431106.24
336.15,375442.47
336.5,376743.01

CyberShake_1000_353.xml
365.32,397030.06
407.26,424403.49
333.74,375364.8
327.46,371749.53

CyberShake_1000_354.xml
389.88,409622.4
430.39,436095.62
341.42,378549.02
337.98,375757.32

CyberShake_1000_355.xml
364.05,389147.17
397.72,411981.94
327.78,369262.52
323.6,365458.29

CyberShake_1000_356.xml
371.87,398725.75
400.62,417135.99
334.96,374402.31
324,367368.43

CyberShake_1000_357.xml
415.85,429358.6
450.39,451652.69
352.64,388614.01
349.27,385633.93

CyberShake_1000_358.xml
370.64,402615.18
404.09,424133.29
335.95,378833.53
328.75,373913.93

CyberShake_1000_359.xml
366.97,389481.79
402.81,412580.49
329.61,368695.32
321.92,362702.32

CyberShake_1000_360.xml
382.15,399925.35
421.67,425413.87
345.19,374485.17
319.68,354977.97

CyberShake_1000_361.xml
373.87,390389.25
405.73,415844.92
325.43,363162.05
325.25,362124.58

CyberShake_1000_362.xml
385.66,410756.26
418.65,431865.38
339.03,380150.66
334.59,376800.56

CyberShake_1000_363.xml
359.8,391135.3
393.43,413292.78
328.23,370678.57
321.12,365601.33

CyberShake_1000_364.xml
375.95,398688.51
422.4,429032.32
334.57,372401.38
331.39,370698.15

CyberShake_1000_365.xml
361.98,392900.41
405.18,420905.72
330.6,371344.41
322.85,366607.19

CyberShake_1000_366.xml
413.04,423483.89
449.06,446789.68
351.18,385300.7
345.73,381130.33

CyberShake_1000_367.xml
388.53,406979.33
428.47,432829.85
333.14,370535.26
329.47,367672.02

CyberShake_1000_368.xml
381.53,400948.56
424.82,429399.68
330.3,366835.59
335.32,370187.42

CyberShake_1000_369.xml
405.82,417189.41
443.06,444291.65
356.89,389341.09
347.61,381679.96

CyberShake_1000_370.xml
376.94,403850.57
408.54,424356.81
329.73,371949.06
324.55,368409.55

CyberShake_1000_371.xml
386.08,403465.79
416.08,422713.07
338.14,374528.92
334.38,370720.36

CyberShake_1000_372.xml
370,396633.64
399.84,416160.05
330.44,372648.61
324.15,367552.8

CyberShake_1000_373.xml
380.55,397624.43
415.24,422232.1
335.41,373085.94
330.59,369032.82

CyberShake_1000_374.xml
380.63,398085.61
413.93,422606.61
331.73,369413.51
327.71,362486.8

CyberShake_1000_375.xml
403.77,417357.48
436.73,439049.85
343.97,378647.6
340.62,373628.74

CyberShake_1000_376.xml
401.78,417836.39
437.3,441070.98
342.84,378234.26
338.76,376393.34

CyberShake_1000_377.xml
371.77,395543.62
405.44,417444.3
323.14,362444.56
320.95,361994.25

CyberShake_1000_378.xml
385.89,400112.89
420.71,428789.16
338.57,375362.85
342.4,373881.15

CyberShake_1000_379.xml
399.33,408873.3
435.83,433753.1
331.82,369083.42
325.27,356019.67

CyberShake_1000_380.xml
387.96,401778.88
424.9,427577.28
341.67,374906.89
335.8,370624.44

CyberShake_1000_381.xml
361.24,387917.65
396.51,411122.65
326.65,367388.05
319.58,362607.12

CyberShake_1000_382.xml
376.11,404537
413.56,428767.93
330.72,374556.08
329.47,373698.26

CyberShake_1000_383.xml
383.09,406522.55
412.26,425382.34
333.89,373077.25
329.64,370529.41

CyberShake_1000_384.xml
360.14,387310.32
399.92,413061.22
320.79,361797.4
318.81,360690.97

CyberShake_1000_385.xml
372.98,391588.51
405.93,419554.15
330.17,370915
330.27,366050.17

CyberShake_1000_386.xml
380.2,395028.44
423.27,427151.48
339.47,371842.32
331.45,363442.68

CyberShake_1000_387.xml
386.52,401972.46
428.85,431757.68
342.15,376855.52
338.24,370887.47

CyberShake_1000_388.xml
434.81,438164.9
460.08,454421.41
364.68,393639.65
359.96,389835

CyberShake_1000_389.xml
395.57,415573.34
427.92,436310.79
338.86,376216.76
338.06,377064.97

CyberShake_1000_390.xml
374.67,400749.71
409.64,423278.48
333.44,374237.2
328.28,371387.15

CyberShake_1000_391.xml
392.83,410225.27
429.97,434556.3
342,376350.15
338.08,374235.13

CyberShake_1000_392.xml
371.16,387152.41
401.04,410128.66
323.16,360291.12
322.34,357975.58

CyberShake_1000_393.xml
357.79,378114.16
403.51,414066.1
327.95,365116.58
321.55,351263.89

CyberShake_1000_394.xml
378.68,395873.11
418.33,421685.35
335.61,370608.17
328.82,365816.22

CyberShake_1000_395.xml
381.18,395773.45
409.69,416721.2
328.23,365445.89
326.88,363056.18

CyberShake_1000_396.xml
379.83,401534.28
423.1,430882.83
342.31,381376.06
337.48,377415.14

CyberShake_1000_397.xml
365.65,388336.84
399.08,410050.08
323.76,363829.05
320.12,360700.75

CyberShake_1000_398.xml
386.15,399058.34
422.18,427967.9
336.66,371358.57
335.43,367727.74

CyberShake_1000_399.xml
384.52,410278.43
422.61,435270.69
342.41,379873.36
337.81,377763.01

CyberShake_1000_400.xml
387.18,398058.86
433.92,434789.84
338.66,372172.79
337.3,367162.19

CyberShake_1000_401.xml
384.49,409740.79
418.01,431367.69
331.05,372923.38
333.36,374851.39

CyberShake_1000_402.xml
366.85,393923.63
398.85,414902.32
327.55,368316.06
323.69,366372.23

CyberShake_1000_403.xml
368.55,394655.43
412.42,422940.94
331.67,373606.72
328.54,371108.56

CyberShake_1000_404.xml
367.19,387966.29
398.21,409771.32
328.18,367829.59
320.89,361742.05

CyberShake_1000_405.xml
389.06,402739.22
425.33,430011.54
335.82,372171.38
334.69,362894.53

CyberShake_1000_406.xml
391.21,412886.43
431.03,438571.63
337.54,377034.19
337.13,376620.36

CyberShake_1000_407.xml
375.3,402276.97
416.37,428894.66
330.59,371533.39
330.51,373039.08

CyberShake_1000_408.xml
380.15,394549.08
412.46,418112.61
336.8,370078.27
328.02,358731.84

CyberShake_1000_409.xml
379.12,402841.74
408.79,421981.61
333.11,374230.17
328.83,371206.26

CyberShake_1000_410.xml
389.99,401697.53
416.71,422085.94
335.69,371082.88
332.27,367556.23

CyberShake_1000_411.xml
371.6,396913.33
407.58,420173.77
328.24,368979.56
325.7,367910.75

CyberShake_1000_412.xml
408.38,416687.14
441.47,438831.73
355.89,386346.69
342.64,375978.58

CyberShake_1000_413.xml
387.2,408257.38
424.05,432014.76
337.29,376299.46
336.02,375433.78

CyberShake_1000_414.xml
387.89,400047.53
420.33,424924.68
358.82,386710.05
324.33,354015.25

CyberShake_1000_415.xml
368.22,391751.86
395.9,409660.34
329.57,368952.08
322.6,363995.17

CyberShake_1000_416.xml
372.59,400577.48
406.96,423093.37
330.62,373497.69
329.08,372429.25

CyberShake_1000_417.xml
394.39,409451.26
432.61,435313.31
347.15,382050.78
336.99,374539.84

CyberShake_1000_418.xml
377.98,401705.03
410.14,422475.83
333.31,373747.88
325.49,368124.85

CyberShake_1000_419.xml
373.62,400951.32
407.28,422512.48
330.84,374017.22
329.66,373046.43

CyberShake_1000_420.xml
375.92,396882.64
411.53,420279.84
330.81,370070.53
328.19,367848.94

CyberShake_1000_421.xml
381.86,400541.53
419.06,424477.64
330.46,369584.69
328.48,367496.32

CyberShake_1000_422.xml
364.02,383089.4
406.1,411953.46
328.53,363931.91
321.74,358757.93

CyberShake_1000_423.xml
373.23,395051.02
410.53,421655.4
334.88,374550.63
325.87,367542.63

CyberShake_1000_424.xml
376.08,390407.93
403.34,413986.59
327.35,362032.92
330.94,358437.42

CyberShake_1000_425.xml
372.74,397028.47
408.95,420934.33
325.71,366845.41
324.34,365860.99

CyberShake_1000_426.xml
380.38,406384.63
418.78,431390.94
336.45,376572.87
332.14,373979.25

CyberShake_1000_427.xml
374.68,397131.19
410.75,419979.66
334.07,372809.85
327.33,367536.41

CyberShake_1000_428.xml
376.35,388377.32
409.8,411271.11
337.93,367521.19
319.68,352965.7

CyberShake_1000_429.xml
424.21,430524.03
451.88,447207.85
359.89,391261.6
352.89,385047.99

CyberShake_1000_430.xml
373.2,393025.15
409.3,418440.24
325.03,364960.88
322.99,358007.74

CyberShake_1000_431.xml
372.72,401751.52
405.12,422815.19
331.8,373881.12
326.27,370833.86

CyberShake_1000_432.xml
387.11,395013.67
418.4,420070.85
332.65,364556.61
329.29,361552.45

CyberShake_1000_433.xml
375.49,400278.57
410.66,423004.69
328.62,369202.04
324.86,366836.82

CyberShake_1000_434.xml
385.97,405947.17
416.99,426950.33
332.26,370976.28
329.52,365964.29

CyberShake_1000_435.xml
364.17,385283.72
399.39,410014.23
324.58,363852.53
323.04,362091.03

CyberShake_1000_436.xml
365.31,396019.07
401.68,419724.09
326.78,369716.94
322.87,367833.47

CyberShake_1000_437.xml
399.42,416591.4
435.27,439704.57
342.11,377807.15
338.95,375906.98

CyberShake_1000_438.xml
360.87,377597.89
401.87,410296.14
320.64,355431.01
318.85,352541.78

CyberShake_1000_439.xml
378.23,398110.56
415.01,423772.14
344.06,380933.86
332.3,371772.85

CyberShake_1000_440.xml
374.43,402206.91
408.24,424195.14
330.85,372511.9
326.53,370140.67

CyberShake_1000_441.xml
361.14,381208.84
391.57,405071.15
324.47,363262.38
319.23,358736.31

CyberShake_1000_442.xml
403.08,410930.37
443.51,440646.87
348.32,379586.44
343.61,375877.6

CyberShake_1000_443.xml
371.85,401276.54
407.72,424503.14
334.22,374676.15
327.39,371132.17

CyberShake_1000_444.xml
372.4,389101.41
415.29,422342.76
330.99,368614.15
331.29,364544.09

CyberShake_1000_445.xml
383.96,402449.86
421,426490.75
335.56,374673.15
331.44,370619.99

CyberShake_1000_446.xml
368.44,398532.78
395.85,415954.42
328.84,372266.69
323.76,368966.17

CyberShake_1000_447.xml
363.43,384861.41
401.25,410858.47
329.62,367203.55
323.57,362529.34

CyberShake_1000_448.xml
383.99,402343.04
416.14,422825.58
336.98,375022.19
331.7,370377.42

CyberShake_1000_449.xml
380.43,401336.95
413.9,423343.39
351.67,386197.82
340.32,378313.03

CyberShake_1000_450.xml
369.02,393017.58
402.14,414280.55
329.54,370144.2
320.27,363220.07

CyberShake_1000_451.xml
425.52,431478.89
457.48,452047.33
354.98,385471.03
352.81,383357.64

CyberShake_1000_452.xml
369.61,395550.88
413.48,423947.14
329.06,368562.52
325.96,366465.14

CyberShake_1000_453.xml
404.42,413966.43
437.2,437459.37
348.16,378011.56
339.35,369429.98

CyberShake_1000_454.xml
376.1,403333.28
414.54,428132.62
328.28,370612.61
328.62,371624.37

CyberShake_1000_455.xml
377.26,404940.82
419.36,432410.1
333.98,375281.91
332.77,374704.77

CyberShake_1000_456.xml
405.16,409411.81
434.94,434305.65
340.76,372764.27
341.41,364291.08

CyberShake_1000_457.xml
363.95,394791.67
400.71,418636.55
327.72,370550.61
323.98,368267.52

CyberShake_1000_458.xml
392.21,403712.39
433.29,434562.47
339.94,374650.32
337.27,368548.44

CyberShake_1000_459.xml
373.7,401669.46
407.04,423329
330.37,372193.73
326.1,369749.66

CyberShake_1000_460.xml
372.23,389147.05
409.6,419320.79
333.06,367872.58
329.06,363556.75

CyberShake_1000_461.xml
372.88,387693.56
407.91,415853.96
325.94,362785.67
326.62,360459.38

CyberShake_1000_462.xml
389.56,401039.11
434.21,434156.52
338.83,372450.94
337.21,361618.6

CyberShake_1000_463.xml
362.01,377893.88
401.45,408585.67
324.74,357714.47
319.5,347446.93

CyberShake_1000_464.xml
422.13,426096.67
460.38,452237.26
356.28,385536.3
352.56,382897.98

CyberShake_1000_465.xml
373.76,392369.65
408.21,417349.16
329.34,368515.98
328.55,366762.84

CyberShake_1000_466.xml
366.79,387317.61
406.47,414585.28
335.72,369981.93
318.23,356284.49

CyberShake_1000_467.xml
391.87,406747.47
426.46,428996.15
333.53,368524.1
330.65,366880.76

CyberShake_1000_468.xml
369.61,390115.53
405.42,413283.1
324.4,362705.31
321.65,360026.88

CyberShake_1000_469.xml
393.76,409929.36
432.07,435642.78
350.54,380943
328.48,363871.59

CyberShake_1000_470.xml
385.57,402042.93
401.18,413623.38
333.43,370910.23
329.01,366018.41

CyberShake_1000_471.xml
369.72,391362.54
404.1,415502.86
331.44,370586.2
324.73,364452.53

CyberShake_1000_472.xml
373.73,398871.87
409.29,422052.09
337.03,376733.92
325.73,368509.77

CyberShake_1000_473.xml
383.14,406721.88
412.28,425869.31
342.01,382772.8
335.46,377846.36

CyberShake_1000_474.xml
351.02,371623.51
395.2,406552.62
317.14,355540.5
316.87,346520.19

CyberShake_1000_475.xml
366.43,384062.45
400.3,412539.48
324.36,363653.48
323.2,352533.42

CyberShake_1000_476.xml
389.77,406979.97
421.96,430229.17
340.91,379751.13
336.74,375431.22

CyberShake_1000_477.xml
390.91,415389.44
423.15,436332.31
344.76,384158.82
338.62,380402.17

CyberShake_1000_478.xml
357.12,386820.63
401.01,415584.81
324.38,364840.83
319.65,361968.54

CyberShake_1000_479.xml
396.03,417408.68
421.79,433632.74
339.77,379473.96
337.78,378188.66

CyberShake_1000_480.xml
390.6,406332.44
425.81,430620.71
337.01,373614.2
332.88,367917.23

CyberShake_1000_481.xml
422.82,425845.54
464.32,457204.49
354.77,384889.9
354.08,381462.54

CyberShake_1000_482.xml
362.73,379729.36
399.66,408793.93
321.82,357891.37
321.09,354965.21

CyberShake_1000_483.xml
380.24,399565.91
413.92,421067.39
343.4,379177.22
334.56,372192.25

CyberShake_1000_484.xml
367.59,390568.48
401.27,412446.39
333.04,369329.43
319.43,359262.88

CyberShake_1000_485.xml
386.1,398897.52
420.92,424425.99
335.41,367862.32
331.77,363927.63

CyberShake_1000_486.xml
374.02,388557.53
413.38,417861.55
328.78,364128.32
327.72,362887.18

CyberShake_1000_487.xml
369.68,397968.53
404.4,420927.24
329.39,372304.01
324.91,368814.63

CyberShake_1000_488.xml
410.66,426342.7
445.94,449278.61
352.11,388061.09
343.5,382219.72

CyberShake_1000_489.xml
360.01,388098.69
401.3,415273.92
325.85,367324.07
321.3,364276.64

CyberShake_1000_490.xml
376.38,391484.36
408.09,416882.51
330.75,366952.85
327.83,362706.98

CyberShake_1000_491.xml
392.76,401386.58
420.99,425068.72
336.54,369881.39
337.07,368364.3

CyberShake_1000_492.xml
400.37,407529.6
437.57,434991.83
355.05,379728.68
324,352132.4

CyberShake_1000_493.xml
371.84,401750.11
409.17,426069.56
329.73,372737.97
329.13,373011.98

CyberShake_1000_494.xml
368.46,390867.2
405.22,414700.05
341.13,377177.03
324.58,364856.15

CyberShake_1000_495.xml
368.59,395472.88
402.8,417816.52
334.83,376963.64
326.81,371056.09

CyberShake_1000_496.xml
393.99,415673.54
424.63,435202.19
340.21,380331.84
338.58,379609.65

CyberShake_1000_497.xml
373.77,401420.1
410.95,425662.72
339.54,380387.96
332.52,375595.29

CyberShake_1000_498.xml
379.11,395826.4
417.64,422111.69
330.64,367825
328.65,365887.37

CyberShake_1000_499.xml
373.04,399288.92
406.35,420741.65
338.74,376676.36
324.58,367399.31

CyberShake_1000_500.xml
390.24,400073.5
431.74,432698.73
335.88,369034.13
336.14,361271.28

CyberShake_1000_501.xml
376.93,395113.66
410.96,421251.91
334.96,373708.59
329.24,368360.5

CyberShake_1000_502.xml
381.05,397114.26
424.4,425329.34
337.7,371579.77
333.12,368193.98

CyberShake_1000_503.xml
378.91,397124.92
408.65,418763.55
344.43,378764.47
327.78,363210.15

CyberShake_1000_504.xml
409.69,414928.1
440.22,437799.78
341.43,373985.91
326.14,355886.75

CyberShake_1000_505.xml
370.53,394834.72
405.28,417567.6
327.55,367905.45
321.81,363517.06

CyberShake_1000_506.xml
368.25,396969.81
400.42,417835.31
330.41,371828.89
324.47,367534.97

CyberShake_1000_507.xml
434.39,432010.28
473.94,462865.31
357.64,386051.25
358.2,379316.68

CyberShake_1000_508.xml
372.76,392165.84
404.62,415259.55
328.54,368233.35
326.58,366149.02

CyberShake_1000_509.xml
368.11,394286.89
400.67,415242.58
329.43,370256.4
322.89,365641.42

CyberShake_1000_510.xml
419.7,428170.57
456.26,453298.95
347.14,382910.95
337.93,369523.82

CyberShake_1000_511.xml
364.75,392900.8
402.33,417300.91
331.91,372787.05
323.27,366826.17

CyberShake_1000_512.xml
363.15,394069.67
398.71,416982.73
324.17,368023.98
320.41,365278.93

CyberShake_1000_513.xml
386.5,405704.38
416.14,425027.66
336.17,372956.84
335.94,372442.71

CyberShake_1000_514.xml
388.19,412189.8
423.01,434593.48
339.75,379659.3
335.41,376925.62

CyberShake_1000_515.xml
372.69,391960.75
404.39,414218.76
330.32,368809.52
325.97,363812.96

CyberShake_1000_516.xml
365.72,400431.23
403.46,424761.29
334.33,378456.5
329.2,375649.21

CyberShake_1000_517.xml
363.27,390584.64
404.6,417617.31
327,367983.1
322.81,365031.97

CyberShake_1000_518.xml
370.58,393524.29
407.8,418171.14
332.61,372533.45
325.46,366723.19

CyberShake_1000_519.xml
369.54,392587.17
401.04,413265.52
329.99,370853.13
323.66,365873.95

CyberShake_1000_520.xml
381.39,399298.35
406.66,414980.65
330.99,368987.95
328.5,364790.94

CyberShake_1000_521.xml
436.39,438649.45
463.67,459173.39
365.17,395946.54
359.88,390594.04

CyberShake_1000_522.xml
353.05,377789.85
398.32,410023.67
326.56,364863.91
321,360155.67

CyberShake_1000_523.xml
385.22,405961.47
423.89,430851.27
334.97,373845.2
331.14,371344.11

CyberShake_1000_524.xml
371.41,396382.28
411.29,422294.21
338.79,378008.65
328.41,370971.13

CyberShake_1000_525.xml
389.83,406626.51
424.74,429089.02
341.13,378177.81
334.78,372964.23

CyberShake_1000_526.xml
393.28,408518.72
422.54,429041.57
340.52,377820.89
337.49,374072.56

CyberShake_1000_527.xml
374.11,392788.27
398.08,411752.27
330.67,368941.39
327.33,365263.5

CyberShake_1000_528.xml
377.92,401096.13
416.76,426287.68
337.47,378525
335.34,375921.92

CyberShake_1000_529.xml
365.17,391037.49
398.75,412506.17
323,365078.27
322.62,364531.59

CyberShake_1000_530.xml
372.73,388666.77
409.93,419256.88
328.59,365955.09
328.72,359575.94

CyberShake_1000_531.xml
363.85,381759.18
400.72,410970.19
349.8,377386.14
320.89,350278.02

CyberShake_1000_532.xml
412.43,427943.38
453.12,454339.95
350.74,387032.45
349.39,386083.95

CyberShake_1000_533.xml
366.86,393282.03
400.69,415025.88
327.47,370289.7
324.07,366852.03

CyberShake_1000_534.xml
385.22,402576.16
412.79,420804.44
335.97,373132.47
334.1,371647.13

CyberShake_1000_535.xml
356.35,379661.01
389.09,401902.67
324.88,363384.33
317.14,357518.17

CyberShake_1000_536.xml
384.5,399712.16
417.39,421767.13
340.91,374175.97
327.73,363479.24

CyberShake_1000_537.xml
358.95,388917.44
401.2,416451.76
322.73,365148.43
321.66,365014.99

CyberShake_1000_538.xml
387.21,403250.12
423.12,425739.47
327.89,364131.06
324.49,357867.74

CyberShake_1000_539.xml
397.25,416640.2
431.87,439004.05
345.47,382923.47
337.32,377194.94

CyberShake_1000_540.xml
399.97,409298.29
429.8,431654.46
344.66,377724.07
338.62,372486.6

CyberShake_1000_541.xml
383.95,401566.54
413.77,423163.04
337.9,373742.64
333.65,369954.43

CyberShake_1000_542.xml
427.01,431181.22
468.2,458282.55
351.12,380997.32
351.54,381003.03

CyberShake_1000_543.xml
395.14,408306.61
434.99,434175.2
339.96,374066.21
336.63,371443.68

CyberShake_1000_544.xml
372.86,401245.26
406.17,422604.39
332.61,374387.78
324.36,368773.81

CyberShake_1000_545.xml
397.77,415334.99
431.79,437168.19
341.86,378599.33
335.34,374238.73

CyberShake_1000_546.xml
380.49,396240.66
415.18,419346.01
332.79,368707.92
329.39,364861.62

CyberShake_1000_547.xml
366.82,387388.38
406.98,415452.26
326.49,364272.05
323.22,361175.59

CyberShake_1000_548.xml
404.98,417679.39
440.23,440183.55
352.58,385262.69
343.77,378791.92

CyberShake_1000_549.xml
371.61,400430.07
402,420222.37
329.83,372106.1
323.88,368753.32

CyberShake_1000_550.xml
363.55,383921.11
401.5,411174.24
324.34,362846.52
319.94,359016.32

CyberShake_1000_551.xml
370.67,400580.55
406.35,423723.54
331.3,373841.94
327.07,371463.06

CyberShake_1000_552.xml
360.96,381151.05
390.93,404579.29
325.86,363529.42
319.2,352823.16

CyberShake_1000_553.xml
379.79,403047.59
416.8,426920.13
328.62,367664.82
329.96,369285.89

CyberShake_1000_554.xml
413.11,418731.37
441.76,437143.76
344.4,375399.07
344.12,375020.96

CyberShake_1000_555.xml
395.09,411948.84
429.2,434391.39
338.26,375619.91
335.14,373209.68

CyberShake_1000_556.xml
401.05,415207.57
433.47,438131.99
336.92,374656.84
332.73,365423.01

CyberShake_1000_557.xml
386.43,405354.43
422.3,428841.76
335.38,372346.79
329.85,368767.57

CyberShake_1000_558.xml
366.98,393174.73
406.59,419103.92
330.14,372621
326.16,369115.91

CyberShake_1000_559.xml
367.27,395613
404.1,419220.96
324.41,366213.24
321.4,364515.47

CyberShake_1000_560.xml
371.73,388198.66
412.43,419768.58
328.2,363884.21
329.22,362477.92

CyberShake_1000_561.xml
383.12,395982.7
422.63,426441.71
335.75,371020.72
333.2,367485.16

CyberShake_1000_562.xml
412.96,423366.54
440.19,441014.61
345.99,379807.03
346.48,379549.39

CyberShake_1000_563.xml
377.28,401161.49
411.02,422654.49
350.39,386395.6
332.01,372183.84

CyberShake_1000_564.xml
380.27,407223.45
408.27,425130.54
338.66,380180.21
331.92,375928.79

CyberShake_1000_565.xml
393,414920.98
426.39,436757.25
337.65,377966.54
334.61,375969.02

CyberShake_1000_566.xml
393,406895.22
427.07,430471.03
359.11,387527.37
326.33,357551.45

CyberShake_1000_567.xml
377.36,392730.46
408.27,414349.78
331.25,367429.21
323.8,361354.94

CyberShake_1000_568.xml
394.89,401535.3
430.56,430855.91
344.21,374831.38
337.12,367767.8

CyberShake_1000_569.xml
367.72,388446.45
401.65,412936.39
325.49,364667.05
322.08,360369.94

CyberShake_1000_570.xml
362.09,386792.18
399.04,410556.99
325.57,366189.28
321.88,361963.94

CyberShake_1000_571.xml
388.69,415414.64
421.35,436512.25
337.42,379797.97
335.02,379151.41

CyberShake_1000_572.xml
402.31,424164.24
434.64,444790.96
346.56,386239.12
342.93,383763.19

CyberShake_1000_573.xml
375.04,400663.47
408.22,422308.73
329.94,369852.97
329.01,369371.54

CyberShake_1000_574.xml
374.84,392703.45
411.25,419350.55
330.58,368845.45
326.5,365041.56

CyberShake_1000_575.xml
367.61,389926.63
394.71,407397.29
324.8,364000.83
320.22,360457.22

CyberShake_1000_576.xml
372.68,394283.01
405.84,415707.51
337.87,375544.66
327.61,368139.91

CyberShake_1000_577.xml
365.51,393111.68
401.22,415982.68
333.14,372439.33
323.19,365675.23

CyberShake_1000_578.xml
403.28,413363.96
436.98,436527.57
354.22,380805.66
335.66,366754.85

CyberShake_1000_579.xml
365.14,385768.85
397.13,407816.68
330.97,368203.52
321,360447.23

CyberShake_1000_580.xml
373.76,396869.62
407.13,418531.74
331.11,370441.48
326.4,367740.88

CyberShake_1000_581.xml
368.99,390147.52
405.4,415835.43
328.88,368897.52
326.22,366239.16

CyberShake_1000_582.xml
360.72,388212.78
398.92,413263.61
318.89,362054.59
316.78,360206.05

CyberShake_1000_583.xml
372.68,398615.88
409.49,422468.52
337.92,379069.21
330.37,373379.54

CyberShake_1000_584.xml
386.45,398007.16
415.33,420905.46
353.91,380963.94
336.61,365771.3

CyberShake_1000_585.xml
395.44,411044.49
429.27,432384.02
340.91,377783.22
338.04,375434.08

CyberShake_1000_586.xml
387.13,407910.18
418.12,427278.99
339.63,379068.14
331.93,373265.44

CyberShake_1000_587.xml
378.38,406626.93
415.15,430046.1
333.04,376010.24
329.81,373914.79

CyberShake_1000_588.xml
360.37,393768.37
399.41,419232.12
328.12,371560.24
319.58,366060.45

CyberShake_1000_589.xml
372.1,400796.83
395.93,415801.79
331.92,374014.59
326.37,370434

CyberShake_1000_590.xml
359.14,385954.2
394.81,409125.44
324.07,364636.09
315.04,358253

CyberShake_1000_591.xml
383.17,400825.95
414.23,423491.82
336.24,374938.48
335.64,373624.76

CyberShake_1000_592.xml
371.25,399782.45
401.08,419057.05
326.12,370104.49
325.62,369562.93

CyberShake_1000_593.xml
394.36,414240.56
430.33,437616.06
343.58,380718.87
334,374772.55

CyberShake_1000_594.xml
389.29,403556.93
421.24,426634.64
336.51,372810.25
331.57,368158.29

CyberShake_1000_595.xml
392.63,409091.13
430.93,432972.9
346.41,380730.02
336.37,372969.33

CyberShake_1000_596.xml
389.45,404522.72
427.91,431741.52
347.15,381298.92
333.68,368509.93

CyberShake_1000_597.xml
377.16,398404.78
410.96,418716.69
329.7,364976.78
319.43,357179.41

CyberShake_1000_598.xml
393.98,416799.92
428.94,439487.71
340.14,380567.08
335.89,377412.69

CyberShake_1000_599.xml
379.73,394176.22
403.86,414482.24
333.46,369169.87
330.5,366011.07

CyberShake_1000_600.xml
386.39,403305.25
418.54,423956.99
334.94,371071.84
330.6,367794.97

CyberShake_1000_601.xml
401.76,420408.64
436.42,442671.91
348.49,384897.9
342.9,381428.18

CyberShake_1000_602.xml
374.13,389268.83
407.62,414549.33
330.63,365995.45
323.58,360185.63

CyberShake_1000_603.xml
359.34,383678.98
406.55,417151.4
340.97,376268.48
325.76,361967.29

CyberShake_1000_604.xml
373.72,398335.59
408.1,420416.45
351.33,387262.99
330.6,372362.83

CyberShake_1000_605.xml
411.25,415790.5
452.69,445489.02
348.09,377088.57
347.29,374842.2

CyberShake_1000_606.xml
374.37,404453.17
411.19,428133.37
332.33,376523.14
332.33,377227.22

CyberShake_1000_607.xml
370.66,398835.73
404.19,420873.84
327.32,369996.98
325.34,369308.02

CyberShake_1000_608.xml
379.45,403209.08
413.24,425048.57
337.52,377373.78
328.5,370891.16

CyberShake_1000_609.xml
418.2,428520.1
456.59,453484.03
351.04,383908.84
350.59,383659.84

CyberShake_1000_610.xml
380.35,401961.78
414.69,425334.93
341.78,380746.11
333.52,374240.22

CyberShake_1000_611.xml
365.49,395187.66
397.23,415740.87
323.16,366353.97
321.88,365686.66

CyberShake_1000_612.xml
375.33,398254.42
415.86,424700.32
328.68,366704.64
326.92,365758.71

CyberShake_1000_613.xml
366.96,387028.67
406.07,416591.06
327.7,365768.26
324.77,359502.57

CyberShake_1000_614.xml
368.28,392605.32
404.37,416157.25
329.11,370437.33
322.83,365373.89

CyberShake_1000_615.xml
404.78,420981
443.76,446300.29
345.94,381521.86
342.37,378892.44

CyberShake_1000_616.xml
373.49,395303.76
406.3,416744.21
329.21,369906.33
325.83,366060.55

CyberShake_1000_617.xml
379.25,404883.17
410.28,424930.79
336.09,377753.3
331.63,374386.04

CyberShake_1000_618.xml
380.38,403541.49
417.54,427400.65
332.37,372008.35
327.37,368053.47

CyberShake_1000_619.xml
426.57,438449.86
458.68,459329.15
355.07,390125.39
352.24,388271.73

CyberShake_1000_620.xml
393.49,405596.25
428.2,428738.79
341.79,375156.76
331.85,367806.5

CyberShake_1000_621.xml
399.39,418093.56
432.2,439397.55
341.56,379321.97
342.63,380167.34

CyberShake_1000_622.xml
377.42,402437.31
411.11,423911.63
331.88,373973.2
328.88,371649.73

CyberShake_1000_623.xml
421.7,417727.21
441.47,435256.31
346.23,372349.79
346.83,371197.33

CyberShake_1000_624.xml
431.63,429011.13
467.2,453895.37
361.99,386592.23
355.14,381871.81

CyberShake_1000_625.xml
368.26,390867.16
407.56,416703.22
327.52,367880.9
324.35,364697.38

CyberShake_1000_626.xml
364.5,389419.79
401.88,413588.22
323.14,363761.01
321.72,363312.83

CyberShake_1000_627.xml
386.76,407324.42
420.87,429369.17
336.94,374994.39
331.64,371855.28

CyberShake_1000_628.xml
362.8,392493.69
402.65,418294.65
321.92,364775.54
321.62,365331.45

CyberShake_1000_629.xml
409.12,424734.01
445.54,448435.76
344.17,381027.38
343.95,380492

CyberShake_1000_630.xml
362.59,380860.63
399.48,407893.28
330.4,365048.89
320.91,358054.84

CyberShake_1000_631.xml
392.02,412734.05
430.73,438093.91
336.96,373848.68
335.98,374913.43

CyberShake_1000_632.xml
362.86,389571.12
400.99,414454.58
326.87,366746.26
319.13,361386.05

CyberShake_1000_633.xml
394.64,413157.92
423.76,432684.22
351.91,387249.9
334.91,371601.45

CyberShake_1000_634.xml
370.33,397519.56
399.74,416296.97
327.1,369960.11
325.07,368416.95

CyberShake_1000_635.xml
379.5,399659.85
415.35,425358.22
335.48,375691.99
332.61,372135.87

CyberShake_1000_636.xml
376.57,393984.12
410.01,417610.78
342.89,374844.24
322.31,358234.36

CyberShake_1000_637.xml
366.6,394587.06
400.13,415767.04
324.26,366718.42
321.91,365050.44

CyberShake_1000_638.xml
376.91,400878.72
415.19,425590.12
331.08,370905.18
327.7,368305.15

CyberShake_1000_639.xml
372.63,402527.39
403.62,422373.42
329.79,373611.89
327.86,372501.16

CyberShake_1000_640.xml
381.73,397404.04
413.18,422012.67
332.21,368929.31
330.75,366199.25

CyberShake_1000_641.xml
359.29,385919.26
387.47,403944.19
320.54,362137.91
317.92,359984.7

CyberShake_1000_642.xml
380.24,400811.75
411,420944.27
333.39,371105.22
327.76,367088.13

CyberShake_1000_643.xml
362.23,380802.88
402.28,410382.09
322.27,358847.45
320.2,354556.03

CyberShake_1000_644.xml
377.73,397179.37
410.95,419769.21
334.43,373404.26
329.93,369489.56

CyberShake_1000_645.xml
373.39,402110.25
405.15,422643.11
331.59,372898.08
325.41,369692.53

CyberShake_1000_646.xml
407.76,417505.58
450.81,447132.33
352.88,384589.32
347.37,377840.28

CyberShake_1000_647.xml
385.17,398531.55
423.17,428710.64
335.37,371953.12
329.44,359064.1

CyberShake_1000_648.xml
360.61,384298.76
391.98,404721.1
329.67,367954.47
318.18,359648.34

CyberShake_1000_649.xml
366.57,392835.43
402.14,415521.97
326.52,364944.9
318.85,360835.34

CyberShake_1000_650.xml
366.13,383284.05
397.2,409712.95
328.08,364195.35
323.91,360176.35

CyberShake_1000_651.xml
364.18,382931.69
400.94,409180.11
333.1,366976.88
318.7,355890.81

CyberShake_1000_652.xml
372.28,396078.52
402.13,415533.69
334.07,374473.87
326.27,368302.27

CyberShake_1000_653.xml
387.58,409664.76
424.78,433453.31
344.18,380994.43
336.71,376028.49

CyberShake_1000_654.xml
375.55,396911.51
410.08,418945.5
338.74,376552.96
327.59,368439.34

CyberShake_1000_655.xml
377.35,398897.94
412.06,421406.83
328.96,368260.57
325.97,365649.55

CyberShake_1000_656.xml
380.33,401547.91
407.02,420813.57
334.49,376828.04
331.43,373368.3

CyberShake_1000_657.xml
377.42,396102.98
409.3,417208.79
327.97,367500.15
327.58,366268.47

CyberShake_1000_658.xml
368.75,396303.44
403.7,418866.01
330,373027.62
326.31,370345.32

CyberShake_1000_659.xml
366.65,386381.15
406.5,416944.24
328.02,366072.71
327.11,362855.69

CyberShake_1000_660.xml
380.55,395832.9
420.83,425225.47
339.99,373298.27
332.53,364930.02

CyberShake_1000_661.xml
403.62,414851.44
436.14,438214.3
351.15,381340.87
330.25,366491.93

CyberShake_1000_662.xml
385.3,404016.73
426.13,431368.27
342.12,379313.49
335.47,373889.73

CyberShake_1000_663.xml
386.22,402800.63
412.38,422667.78
366.89,394619.33
334.27,370998.9

CyberShake_1000_664.xml
360.88,380042.56
392.79,406810.63
321.5,360717.27
322.4,356221.47

CyberShake_1000_665.xml
371.04,388716.48
408.05,414195.01
325.95,362251.35
322.85,359844.36

CyberShake_1000_666.xml
390.24,409881.3
421.59,430387.68
340.56,377793.15
332.64,372059.22

CyberShake_1000_667.xml
369.5,400715.02
396.54,418123.84
333.51,376304.84
325.15,370901.98

CyberShake_1000_668.xml
360.77,384391.65
400.71,412543.53
327.16,366736.6
326.08,365378.14

CyberShake_1000_669.xml
373.82,397161.08
406.29,417924.31
331.07,370409.11
325.65,367278.95

CyberShake_1000_670.xml
380.44,406332.52
419.53,431664.74
339.06,379820.5
333.82,376395.03

CyberShake_1000_671.xml
388.88,401323.18
423.63,426690.6
339.75,374021.89
333.04,368403.49

CyberShake_1000_672.xml
384.19,407763.2
425.56,434809.14
343.97,383822.11
336.92,378358.4

CyberShake_1000_673.xml
363.56,381638.4
398.95,409504.99
323.33,360605.1
322.11,355421.44

CyberShake_1000_674.xml
391.17,405818.6
425.28,428007.81
338.37,373171.1
337.65,372324.48

CyberShake_1000_675.xml
372.77,394700.55
412.04,422571.98
335.67,375562.15
332.99,373010.02

CyberShake_1000_676.xml
386.68,397410.18
412.55,419846.16
334.58,368089.06
333.43,361184.85

CyberShake_1000_677.xml
369.22,391402.98
402.99,413152.24
335.37,372599.27
325.16,365765.54

CyberShake_1000_678.xml
358.45,378435.18
397.24,409856.04
320.57,359625.5
322.41,358586.53

CyberShake_1000_679.xml
363.74,381438.44
391.54,405485.87
318.1,354920.75
318.98,351749.84

CyberShake_1000_680.xml
368.58,395071.01
400.02,415129.87
333.16,372009.03
323.8,366414.25

CyberShake_1000_681.xml
374.26,389387.4
403.06,412980.34
329.69,365352.06
326.16,361593.25

CyberShake_1000_682.xml
378.92,396596.49
418.22,425458.28
348.89,382454.56
328.14,363541.56

CyberShake_1000_683.xml
383.21,404459.74
424.71,429015.05
352.4,382364.54
325.59,362521.77

CyberShake_1000_684.xml
373.37,396089.38
409.92,419238.45
331.68,371072.86
327.27,365920.18

CyberShake_1000_685.xml
376.15,397599.57
412.53,421260.68
329.96,370208.95
326.52,367130.91

CyberShake_1000_686.xml
371.86,392332.02
409.15,419272.14
335.71,372545.52
332.57,368758.92

CyberShake_1000_687.xml
371.73,400207.57
406.13,422636.34
330.55,372909.38
325.9,370176

CyberShake_1000_688.xml
370.17,395786.4
406.94,419849.77
332.67,371256.33
321.53,364518.91

CyberShake_1000_689.xml
382.36,399777.99
413.44,421165.64
328.89,363750.5
323.64,356595.95

CyberShake_1000_690.xml
391.12,413181.79
429.54,438696.59
340.65,379589.16
338.84,378485.85

CyberShake_1000_691.xml
398.24,415560.89
431.58,437357.4
344.48,380925.53
339.15,377114.5

CyberShake_1000_692.xml
393.58,407673.03
431.3,433663.04
350.78,379993.78
329.91,361900.79

CyberShake_1000_693.xml
387.59,401271.27
419.89,424364.31
331.11,367244.62
330.18,365338.31

CyberShake_1000_694.xml
365.72,387251.25
408.73,415488.97
326.51,364021.6
320.83,359986.57

CyberShake_1000_695.xml
382.48,405189.02
418.13,427524.94
342.26,381197.39
335.07,375385.46

CyberShake_1000_696.xml
391.92,418216.85
422.06,437392.91
340.67,383012.3
340.52,383475.2

CyberShake_1000_697.xml
369.24,395954.12
396.35,413179.82
328.18,369531.67
321.78,364808.95

CyberShake_1000_698.xml
404,417745.18
430.25,437076.26
354.32,390051.21
348.37,385323.96

CyberShake_1000_699.xml
375.18,396580.07
408.55,418200.76
330.09,368373.7
323.88,363576.17

CyberShake_1000_700.xml
371.2,397850.28
409.9,422565.55
335.43,377611.26
330.8,373834.04

CyberShake_1000_701.xml
373.58,399038.2
409.63,422341.51
332.3,372190.66
325.88,367549.8

CyberShake_1000_702.xml
363.09,388685.73
402.07,413579.23
323.33,363634.65
320.5,361845.84

CyberShake_1000_703.xml
382.77,400220.71
418.68,424992.38
342.92,376403.61
329.56,366486.9

CyberShake_1000_704.xml
378.86,398141.94
412.5,419680.62
335.82,373135.78
328.74,367673.41

CyberShake_1000_705.xml
372.6,399146.45
414.2,426225.46
326.07,367736.07
327.53,368580.12

CyberShake_1000_706.xml
384.08,406784.8
420.1,430184.28
336.73,374541.97
328.27,369262.79

CyberShake_1000_707.xml
370.97,392527.74
401.89,413210.23
331.09,369938.81
324.93,365258.3

CyberShake_1000_708.xml
369.11,393296.15
398.78,412569.96
327.23,368731.08
319.76,362824.28

CyberShake_1000_709.xml
373.98,395629.59
416.02,423979.61
334.01,373119.54
330.01,370067.94

CyberShake_1000_710.xml
381.07,404262.29
408.48,421758.24
345.08,383994.97
334.91,376216.97

CyberShake_1000_711.xml
377.05,388783.59
405.75,413601.46
326.16,360292.01
325.58,352140.04

CyberShake_1000_712.xml
383.15,408045.79
421.48,433219.28
336.08,378317.28
332.4,375096.12

CyberShake_1000_713.xml
392.3,396261.75
430.28,425327.09
336.05,363514.1
332.77,359077.48

CyberShake_1000_714.xml
385.53,398666.7
420.22,425917.98
335.79,370636.65
334.6,366202.81

CyberShake_1000_715.xml
368.05,392764.14
399.91,413421.97
327.7,368426.34
324.28,366176.38

CyberShake_1000_716.xml
409.91,424993.1
434.62,440686.82
350.76,386755.69
348.49,385067.9

CyberShake_1000_717.xml
377.62,402702.07
410.77,424226.81
336.61,376002.29
328.1,369907.18

CyberShake_1000_718.xml
364.71,392043.85
392.01,409405.03
322.9,364210.36
318.27,361303.51

CyberShake_1000_719.xml
376.05,401685.83
408.16,422948.83
328.82,370515.83
326.69,368789.18

CyberShake_1000_720.xml
368.99,399196
399.53,418792.79
325.5,369751.23
323.61,368284.99

CyberShake_1000_721.xml
382.56,397711.8
416.73,423002.38
338.2,371661.58
331.8,365367.49

CyberShake_1000_722.xml
360.39,383525.31
386.39,400069.03
329.76,366629.1
317.79,357693.72

CyberShake_1000_723.xml
371.06,393463.29
406.63,416989.26
336.49,374693.28
324.63,365732.41

CyberShake_1000_724.xml
456.22,449760.39
480.49,465511.24
373.03,396869.68
368.96,393245.72

CyberShake_1000_725.xml
373.13,398685.8
405.96,419751.91
331.52,373222.6
327.11,369784.37

CyberShake_1000_726.xml
404.79,414127.56
434.91,437842.29
357.58,388066.5
346.03,378230.99

CyberShake_1000_727.xml
366.21,393288.85
399.35,414867.93
326.32,367195.24
322.52,365268.16

CyberShake_1000_728.xml
381.89,404157.45
409.27,421574.99
335.27,375625.49
332.34,373603.54

CyberShake_1000_729.xml
384.23,401909.68
416.12,422511.51
336.56,372637.31
333.12,370215.93

CyberShake_1000_730.xml
378.54,398297.17
416.03,422646.2
336.37,373699.31
327.38,366793.79

CyberShake_1000_731.xml
359.88,389443.32
394.5,411777.5
321.7,363964.89
319.2,361948.59

CyberShake_1000_732.xml
391.94,399850.91
432.64,431835.5
338.77,370077.62
337.82,367855.86

CyberShake_1000_733.xml
371.7,397271.59
410.25,422138.9
327.63,368113.58
324.25,366143.5

CyberShake_1000_734.xml
397.32,417184.06
432.76,440427.23
348.24,384835.32
346.38,383387.01

CyberShake_1000_735.xml
416.77,419400.28
460.52,453447.49
350.05,380189.81
352.35,374397.27

CyberShake_1000_736.xml
369.03,397685.58
409.85,424459.17
332.32,373689.96
324.13,368179.96

CyberShake_1000_737.xml
370.66,396726.93
403.51,418113.58
331.32,373241.33
325.33,368627.13

CyberShake_1000_738.xml
397.35,414204.88
431.81,436419.94
344.97,382639.33
339.14,378290.11

CyberShake_1000_739.xml
392.8,411517.69
432.77,437603.62
337.18,373947.48
336.23,373009.1

CyberShake_1000_740.xml
365.99,395439.21
407.78,422762.13
330.64,372885.27
323.7,368578.95

CyberShake_1000_741.xml
384.55,395471.43
409.4,416690.89
336.29,369773.4
329.64,364434.65

CyberShake_1000_742.xml
370.91,393523.34
406.72,416865.11
331.73,369050.05
321.51,362164.67

CyberShake_1000_743.xml
365.32,380485.46
402.3,408160.29
321.72,357711.76
317.72,353606.04

CyberShake_1000_744.xml
378.94,393883.33
406.38,415555.86
329.51,365621.16
328.82,362859.41

CyberShake_1000_745.xml
361.16,382516.38
395.19,407441.76
325.25,363911.98
320.77,360331.81

CyberShake_1000_746.xml
373.24,388654.18
411.87,416167.42
342.13,372197.55
324.11,359954.89

CyberShake_1000_747.xml
362.19,385966.74
396.38,408956.39
325.92,365950.97
320.52,361957.98

CyberShake_1000_748.xml
399.15,416106.14
420.25,429697.97
343.59,379497.55
342.19,378449.92

CyberShake_1000_749.xml
362.92,382608.61
393.37,405194.91
323.47,360904.56
317.08,355184.81

CyberShake_1000_750.xml
373.81,405414.37
406.54,426373.94
332.1,376479.03
329.82,375971.49

CyberShake_1000_751.xml
397.27,412897.41
436.31,438373.14
346.93,382044.11
341.05,377728.43

CyberShake_1000_752.xml
374.36,391437.38
411.03,417442.24
332.11,368019.99
324.52,361629.91

CyberShake_1000_753.xml
366.92,385768.81
404.12,413469.03
334.01,369904.33
322.73,361675.36

CyberShake_1000_754.xml
407.4,424781.07
418.29,431464.87
347.98,385164.11
342,381314.2

CyberShake_1000_755.xml
383.96,405426.85
417.77,427413.26
337.01,377696.12
333.12,374138.69

CyberShake_1000_756.xml
404.3,418881.53
437.28,439834.08
344.74,379859.05
342.63,377766.55

CyberShake_1000_757.xml
384.23,407824.31
426.36,435120.39
339.05,376916.57
330.95,371869.47

CyberShake_1000_758.xml
378.1,406043.92
410.74,426571.98
335.56,379129.8
333.95,377796.22

CyberShake_1000_759.xml
376.71,398445.52
419.34,425896.86
333.4,371449.37
331.03,369834.15

CyberShake_1000_760.xml
409.94,415064.09
448.34,444650.34
349.77,381044.9
347.1,377298.93

CyberShake_1000_761.xml
362.09,387046.38
399.06,410561.65
324.09,364382.35
319.39,360884.45

CyberShake_1000_762.xml
370,398370.82
407.28,422728.48
332.85,374816.37
325.25,369345.61

CyberShake_1000_763.xml
394.77,417549.92
438.68,446028.8
345.16,385063.64
342.85,382984.18

CyberShake_1000_764.xml
383.58,395498.09
423.65,424513.63
339.55,371347.22
328.75,362828.88

CyberShake_1000_765.xml
412.96,422160.72
451.62,447458.77
352.33,383113.77
347.07,379407.87

CyberShake_1000_766.xml
380.62,394693.76
413.97,421424.17
329.51,364975.81
338.29,369512.71

CyberShake_1000_767.xml
401,404647.42
424.09,424707.73
344.87,374030.13
338.94,368447.58

CyberShake_1000_768.xml
377.6,393294.83
413.67,422254.32
335.94,371655.29
333.04,365794.75

CyberShake_1000_769.xml
374.81,395530.52
410.26,421736.74
328.59,367418.63
328.83,365889.69

CyberShake_1000_770.xml
370.4,397103.26
410.83,423499.32
331.4,373270.63
329.26,371484.4

CyberShake_1000_771.xml
367.13,382099.85
402.15,411008.35
327.18,362545.19
322.31,357638.29

CyberShake_1000_772.xml
364.35,381154.65
410.5,417534.97
329,364962.64
324.75,352128.95

CyberShake_1000_773.xml
390.36,407279.11
425.97,432577.29
344.81,381172.17
336.26,373802.12

CyberShake_1000_774.xml
392.29,401428.58
434.47,433925.52
340.84,372173.31
321.98,350976.83

CyberShake_1000_775.xml
386.62,408738.89
416.88,428485.99
338.06,377350.41
330.42,371866.01

CyberShake_1000_776.xml
368.26,397022.33
402.32,419003.98
327.38,370245.16
323.09,367099.54

CyberShake_1000_777.xml
396.03,408418.35
416.3,421397.46
340.66,374130.14
337.75,372101.75

CyberShake_1000_778.xml
387.24,412612.74
426.45,437945.12
340.03,381992.32
335.35,378696.43

CyberShake_1000_779.xml
372.58,397940.26
407.73,421127.87
328.79,368672.03
320.74,363530.21

CyberShake_1000_780.xml
387.35,401265.59
421.45,428828.26
350.3,383184.86
338.57,374155.77

CyberShake_1000_781.xml
375.06,401654.34
415.48,427647.01
329.7,370734.58
327.99,370259.56

CyberShake_1000_782.xml
418.63,422967.51
454.23,451502.33
356.73,388991.59
356.4,386140.6

CyberShake_1000_783.xml
372.04,402265.54
405.51,423887.26
336.47,378674.62
329.86,374314.62

CyberShake_1000_784.xml
366.42,388200.26
405.1,415456.45
330.02,368329.18
325.87,365047.53

CyberShake_1000_785.xml
391.75,404436.4
430.01,435261.77
344.14,379679.04
330.91,361533.24

CyberShake_1000_786.xml
370.87,393600.06
408.45,418026.36
329.02,367773.79
325,364999.1

CyberShake_1000_787.xml
374.2,388811.96
413.35,418833.44
328.46,364278.68
328.06,362945.56

CyberShake_1000_788.xml
393.23,406845.01
430.57,431016.56
346.8,378326.5
335.94,370759.26

CyberShake_1000_789.xml
371.5,396311.44
401.52,415752.39
324.43,366142.04
323.94,365682.91

CyberShake_1000_790.xml
401.83,417912.79
440.09,442765.83
343.49,379247.26
341.06,377486.22

CyberShake_1000_791.xml
409.7,415162.51
446.23,441927.18
343.72,374951.84
343.16,373149.49

CyberShake_1000_792.xml
357.17,385385.92
393.16,409034.71
320.97,362467.7
318.05,360481.83

CyberShake_1000_793.xml
363.6,381829.53
400.05,408628.66
323.59,360265.76
318.12,355815.2

CyberShake_1000_794.xml
433.31,430669.73
472.24,460330.86
365.82,391256.92
359.5,386615.3

CyberShake_1000_795.xml
398.4,412055.35
431.6,433427.99
342.02,378823.58
338.83,375675.94

CyberShake_1000_796.xml
378.28,405090.83
412.16,427106.43
335.92,376818.36
327.64,371764.35

CyberShake_1000_797.xml
405.64,412155.64
440.88,439822.46
342.41,372362.31
344.73,371645.4

CyberShake_1000_798.xml
369.51,389005.75
407.15,415844.92
327.37,366229.79
325.25,364148.15

CyberShake_1000_799.xml
377.45,393843.51
408.33,418049.26
345.51,378655.36
328.51,365457.78

CyberShake_1000_800.xml
399.32,417352.71
434.71,440547.28
342.76,379958.62
337.64,376362.31

CyberShake_1000_801.xml
373.56,389326.87
400.81,409463.48
323.5,361249.92
322.19,358621.62

CyberShake_1000_802.xml
370.91,401086.98
400.78,420489.02
326.04,370118.32
324.67,369397.03

CyberShake_1000_803.xml
376.25,391251.15
420.62,424879.99
326.35,359672.61
325.11,354800.88

CyberShake_1000_804.xml
378.26,399534.07
414.71,421674.4
340.86,374874.27
321.85,359216.12

CyberShake_1000_805.xml
371.21,387649.58
409.58,417038.28
327.39,364655.85
324.3,359129.29

CyberShake_1000_806.xml
402.19,414177.08
432.41,435431.78
343.86,379685.15
338.87,375929.14

CyberShake_1000_807.xml
389.81,397964.27
418.32,422090.29
335.12,368319.73
332.39,362483.04

CyberShake_1000_808.xml
369.84,389042.41
405.03,415852.55
332.52,370618.99
325.5,363885.31

CyberShake_1000_809.xml
386.5,404598.58
419.9,426167.02
333.8,370299.35
330.93,368486.1

CyberShake_1000_810.xml
413.95,423931.05
444.55,443516.38
344.77,378103.05
342.12,376396.77

CyberShake_1000_811.xml
367.88,395606.29
402.14,417698.75
327.03,369246.83
323.02,366625.38

CyberShake_1000_812.xml
395.97,412089.76
430.07,434245.2
339.82,375021.11
335.42,372013.47

CyberShake_1000_813.xml
376.13,390851.54
409.71,418925.92
325.44,363461.01
324.2,353864.86

CyberShake_1000_814.xml
374.9,400012.25
409.41,422516.09
331.41,373115.33
328.04,370484.96

CyberShake_1000_815.xml
358.74,377947.16
395.71,405374.05
325.41,360979.35
318.86,356226.01

CyberShake_1000_816.xml
379.64,393168.58
402.15,413017.66
333.23,368707.7
327.86,364386.08

CyberShake_1000_817.xml
378.7,400350.38
410.09,420611.63
335.88,375436.46
330.29,370302.57

CyberShake_1000_818.xml
369.69,391815.13
402.8,413370.84
326.98,366617.73
324.72,364755.95

CyberShake_1000_819.xml
424.24,436749.19
463.56,462192
357.24,391846.58
359.98,393596.9

CyberShake_1000_820.xml
402.87,414543.3
434.03,434125.05
342.05,374133.21
325.83,358707.51

CyberShake_1000_821.xml
383.19,401541.13
419.33,426074.23
332.38,371820.78
331.79,370997.76

CyberShake_1000_822.xml
406.83,423645.54
436.33,442618.45
342.3,379822.05
341.84,379644.28

CyberShake_1000_823.xml
365.46,387236.98
394.96,406072.11
320.67,360081.47
318.31,358254.32

CyberShake_1000_824.xml
365.54,392393.51
401.08,415318.7
319.38,359219.89
319.11,360984.75

CyberShake_1000_825.xml
378.15,395986.19
412.84,423419.53
329.59,368502.69
331.46,368301.08

CyberShake_1000_826.xml
362.31,392373.48
394.03,413095.79
324.63,366571.47
318.39,362965.76

CyberShake_1000_827.xml
367.51,388241.52
403.49,413881.25
326.75,363275.8
322.8,358996.96

CyberShake_1000_828.xml
366.56,389399.44
401.16,412453.47
327.56,367142.39
322.33,363636.58

CyberShake_1000_829.xml
402.97,409824.61
439.45,437880.3
348.63,380478.99
344.69,376636.85

CyberShake_1000_830.xml
357.57,378774.99
398.18,410395.12
323.31,362570.97
321.97,358985.6

CyberShake_1000_831.xml
381.23,397691.1
417.95,421157.41
332.99,368026.91
336.84,370008.9

CyberShake_1000_832.xml
374.84,398090.5
410.49,421348.73
326.29,366641.76
325.01,365782.38

CyberShake_1000_833.xml
401.45,409713.62
441.38,440726.43
338.59,373618.98
336.46,363688.78

CyberShake_1000_834.xml
370.07,389217.4
410.18,418532.92
330.04,367054.62
325.81,359138.88

CyberShake_1000_835.xml
369.4,396034.81
404.37,418952.62
330.09,371629.95
323.37,367121.61

CyberShake_1000_836.xml
369.72,388455.62
403.88,413956.67
331.38,367856.73
323.03,362153.48

CyberShake_1000_837.xml
361.79,378972.95
403.69,411930.49
326.38,361970.13
320.57,355018.66

CyberShake_1000_838.xml
423.8,423290.87
454.64,448833.88
353.16,381519.69
351.93,379375.58

CyberShake_1000_839.xml
377.92,400185.46
405.75,418356.6
325.64,363823.31
321.64,362746.05

CyberShake_1000_840.xml
393.15,410559.25
423.04,429650.87
348.53,384585.78
338.22,376956.6

CyberShake_1000_841.xml
394.21,399627.6
435.16,431629.11
338.53,368049.48
338.61,366104.96

CyberShake_1000_842.xml
373.14,389846.05
412.17,416819.78
336.91,370285.88
324.36,360218.33

CyberShake_1000_843.xml
362.15,393717.99
401.43,419413.74
331.16,371793.07
324.44,368117.93

CyberShake_1000_844.xml
408.56,423936.57
427.04,436081.67
345.34,381497.11
342.47,379350.53

CyberShake_1000_845.xml
356.4,386617.5
388.57,407749.99
318.18,360778.97
317.24,360476.33

CyberShake_1000_846.xml
367.72,393092.54
405.86,417423.29
328.83,369227.84
325.2,366725.59

CyberShake_1000_847.xml
402.46,415560.31
436.19,438203.8
344.35,378724.41
337.21,372182.36

CyberShake_1000_848.xml
398.49,413428.39
427.99,432447.8
343.45,377730.98
335.45,372581.03

CyberShake_1000_849.xml
395.16,411584.22
423.37,429383.52
354.04,385920.23
336.44,373780.4

CyberShake_1000_850.xml
415,420110.12
446.19,442275.14
364.52,385828.77
337.38,363515.37

CyberShake_1000_851.xml
361.31,390938.21
401.8,417519.51
325.53,367702.64
321.24,364755.87

CyberShake_1000_852.xml
425.4,425558.85
462.84,451750.93
353.83,381813.33
353.53,381308.67

CyberShake_1000_853.xml
382.79,401561.22
408.32,419488.93
339.79,375825.02
332.71,370398.06

CyberShake_1000_854.xml
379.02,400504.24
414.9,423999.95
332.18,368825.78
327.39,365862.22

CyberShake_1000_855.xml
371.26,393493.9
404.22,414661.27
329.69,368492.84
324.5,365060.24

CyberShake_1000_856.xml
395.93,413356.98
411.67,423397.64
342.97,379155.82
333.24,372589.49

CyberShake_1000_857.xml
394.94,411630.8
430.67,436574.83
335.09,373791.05
328.77,363147.55

CyberShake_1000_858.xml
408.13,414444.41
446.9,441994.95
349.15,380030.51
347.33,376662.23

CyberShake_1000_859.xml
383.98,396837.81
415.05,418902.93
333.57,366656.57
328.48,361822.7

CyberShake_1000_860.xml
369.73,389601.33
404.1,413872.81
336.39,372381.27
323.83,363274.22

CyberShake_1000_861.xml
405.64,413076.29
424.82,428584.98
345.56,378009.37
341.05,372277.94

CyberShake_1000_862.xml
377.99,398277.8
408.32,417972.21
335.41,374030
329.06,368920.89

CyberShake_1000_863.xml
389.69,405891.08
424.55,428729.23
343.4,378755.43
338.47,374639.62

CyberShake_1000_864.xml
376.98,398479.15
412.51,422196.04
342.42,380516.34
329.86,370665.82

CyberShake_1000_865.xml
370.54,401155.36
399.66,419640.54
331.94,374453.52
325.3,370136.42

CyberShake_1000_866.xml
371.9,389478.69
412.26,420946.65
335.32,371741.36
329.17,365737.17

CyberShake_1000_867.xml
383,406692.8
417.38,428827.04
335.31,375179.11
332.92,374179.85

CyberShake_1000_868.xml
380.69,407606.82
413.3,428443.76
337.71,379694.41
333.83,376850.88

CyberShake_1000_869.xml
367.55,394409.5
403.62,417615.57
332.18,371132.77
323.83,366151.66

CyberShake_1000_870.xml
370.56,399238
401.96,419367.36
332.74,374002.02
327.21,370439.35

CyberShake_1000_871.xml
375.84,405418.02
415.46,430769.24
335.9,378770.27
331.2,375574.63

CyberShake_1000_872.xml
382.61,405782.68
411.41,424211.93
338.41,378683.15
331.44,373531.42

CyberShake_1000_873.xml
386.68,405548.43
421.83,428194.73
338.35,377326.32
333.09,373128.65

CyberShake_1000_874.xml
369.21,398877.79
408.53,424571.07
332.37,374481.12
326.03,369952.22

CyberShake_1000_875.xml
367.22,397618.51
400,418969.73
328.27,372120.22
325.58,370302.98

CyberShake_1000_876.xml
383,401662.92
418.41,426188.35
340.26,376812.56
331.57,368339.62

CyberShake_1000_877.xml
381.18,402250.06
415.8,424510.89
335.9,375571.57
330.91,371353.71

CyberShake_1000_878.xml
368.39,385550.02
398.5,410788.07
327.73,364782.55
321.73,356544.06

CyberShake_1000_879.xml
368.68,384498.07
398.81,409809
333.23,367289.08
323.23,359684.1

CyberShake_1000_880.xml
362.77,389904.84
400.61,414094.85
345.06,379335.22
323.29,364887.19

CyberShake_1000_881.xml
379.55,398341.5
422.91,428919.91
339.28,374590.57
329.93,362344.45

CyberShake_1000_882.xml
377.37,394704.82
393.14,406238.77
326.28,363634.2
324.71,360907.12

CyberShake_1000_883.xml
389.14,414478.47
420.44,434668.34
346.34,384301.39
332.92,376245.04

CyberShake_1000_884.xml
368.51,401849.74
406.76,426587.15
329.72,373212.67
327.03,373384.22

CyberShake_1000_885.xml
374.01,403713.8
406.46,424850.61
330.4,374230.57
326.76,371854.56

CyberShake_1000_886.xml
378.34,390390.72
415,419691.55
337.06,368880.45
327.76,361784.03

CyberShake_1000_887.xml
368.64,387236.69
403.87,416516.29
333.29,368900.42
330.35,364334.3

CyberShake_1000_888.xml
401.5,408586.87
435.65,436504.49
342.01,375080.83
345.12,370463.4

CyberShake_1000_889.xml
381.43,399038.5
416.36,422142.66
330.78,367640.51
329.77,365885.69

CyberShake_1000_890.xml
360.39,385172.06
391.29,405116.54
327.64,367279.87
322.53,363062.8

CyberShake_1000_891.xml
371.26,399636.11
406.23,422098.86
330.05,372296.47
324.24,368224.39

CyberShake_1000_892.xml
370.8,391292.26
406.9,415464.48
328.98,367005.47
324.56,362513.08

CyberShake_1000_893.xml
362.84,390186.49
396.42,411719.17
322.02,363919.03
315.96,359602.82

CyberShake_1000_894.xml
386.37,398870.2
420.5,425044.48
333.99,369746.05
332,359342.85

CyberShake_1000_895.xml
384.29,402387.7
417.34,423848.7
337.11,373776.02
328.95,367737.91

CyberShake_1000_896.xml
382.85,407165.41
420.3,431559.88
332.76,373422.35
336.77,375793.85

CyberShake_1000_897.xml
365.48,391377.38
400.51,413976.8
327.75,368276.41
323.82,366086.73

CyberShake_1000_898.xml
377.97,400804.07
410.53,421026.85
350.14,385423.42
331.14,372145.85

CyberShake_1000_899.xml
377.62,395340.04
412.52,420168.11
335.06,372042.59
327.87,366698.96

CyberShake_1000_900.xml
363.18,391375.16
394.45,411539.45
323.68,366272.1
320.5,363619.95

CyberShake_1000_901.xml
397.22,415147.44
426.21,434948.67
358.27,394394.74
343.55,383274.4

CyberShake_1000_902.xml
385.23,409169.84
420.29,431981.15
332.46,374971.25
330.38,373425.19

CyberShake_1000_903.xml
371.79,399870.95
407.19,422813.31
335.01,377345.71
328.12,372212.26

CyberShake_1000_904.xml
374.03,405979.4
408.61,429157.67
332.53,377263.93
330.3,376574.24

CyberShake_1000_905.xml
423.1,434282.75
449.99,450436.37
361.23,389695.97
340.93,375808.57

CyberShake_1000_906.xml
416.38,423857.99
452.93,449342.01
358.46,390176.32
349.19,383297.3

CyberShake_1000_907.xml
363.4,388906.09
397.14,410549.69
324.98,365857.82
321.06,363166.01

CyberShake_1000_908.xml
404.29,420829.94
437.03,442041.8
344.84,379782.98
340.38,377482.42

CyberShake_1000_909.xml
389.69,409470.47
422.58,430736.39
336.34,374810.49
335.36,373968.55

CyberShake_1000_910.xml
382.6,407812.74
409.79,425292.97
335.04,376717.51
331.74,374462.99

CyberShake_1000_911.xml
367.62,391654.43
405.11,415538.12
324.99,364778.17
324.31,364096.14

CyberShake_1000_912.xml
386.7,402561.5
426.16,431832.49
330.09,369599.71
331.24,362218.17

CyberShake_1000_913.xml
362.22,382194.42
405.53,415903.28
329.35,366431.42
324.7,358673.84

CyberShake_1000_914.xml
371.67,390236.16
400.64,411398.52
329.02,366734.43
324.27,361501.82

CyberShake_1000_915.xml
370.63,390515.73
397.32,410840.2
334.4,372404.54
327.55,366526.2

CyberShake_1000_916.xml
427.92,434069.05
458.82,454178.41
357.63,389093.85
352.89,385593.41

CyberShake_1000_917.xml
368.57,395196.76
409.86,422064.02
335.38,375654.54
325.61,368871.58

CyberShake_1000_918.xml
393.53,403818.14
432.66,433573.62
338.22,371978.85
333.52,363458.13

CyberShake_1000_919.xml
375.11,395828.47
412.52,420459.01
333.52,371327.84
328.08,367517.35

CyberShake_1000_920.xml
366.43,395178.31
404.76,419890.22
330.92,372335.87
325.27,368698.14

CyberShake_1000_921.xml
397.1,405784.64
434.99,435783.19
346.53,378085.04
343.12,373328.34

CyberShake_1000_922.xml
375.12,408674.07
406.94,429086.04
336.42,382132.32
332.78,379581.41

CyberShake_1000_923.xml
383.75,408551.27
421.88,433211.17
337.93,377777.97
334.72,376233.04

CyberShake_1000_924.xml
399.96,418271.17
428.3,436707.39
342.79,378619.58
339.12,377177

CyberShake_1000_925.xml
375.03,391819.71
412.31,419101.43
329.12,365622.8
325.27,361538.8

CyberShake_1000_926.xml
393.3,401367.94
422.98,425920.6
337.17,369657.06
335.5,366065.72

CyberShake_1000_927.xml
368.9,396541.61
405.76,420855.81
329.12,371081.2
322.97,366838.87

CyberShake_1000_928.xml
365.78,386846.41
405.69,416144.36
330.35,366994.14
325.3,361160.92

CyberShake_1000_929.xml
383.39,406334.6
418.82,429350.05
338.02,375288.76
330.17,371098.38

CyberShake_1000_930.xml
365.75,388988.84
401.36,413614.37
330.54,369744.76
323.47,363361.51

CyberShake_1000_931.xml
361.71,385824.49
396.55,410023.02
327.31,367977.58
322.03,363636.58

CyberShake_1000_932.xml
432.07,438147.03
458.81,455404.34
359.12,389919.07
357.96,388742.57

CyberShake_1000_933.xml
373.04,397754.55
404.03,417378.41
338.98,378746.03
325.6,369105.36

CyberShake_1000_934.xml
388.07,411699.41
418.7,430969.05
337.55,378501.93
334.29,376784.19

CyberShake_1000_935.xml
372.84,396154.04
412.25,421817.83
338.47,377739.65
327.35,368211.09

CyberShake_1000_936.xml
381.36,403275.01
411.05,422593.6
335.17,373811.32
329.29,369271.48

CyberShake_1000_937.xml
399.05,421809.45
432.97,443563.72
349.16,388285.34
340.5,382543.02

CyberShake_1000_938.xml
367.43,390499.45
407.52,418814.2
332.85,372569.26
326.61,367348.57

CyberShake_1000_939.xml
391.36,401422.63
435.14,433334.79
338.96,369990.95
337.99,367283

CyberShake_1000_940.xml
386.73,409500.49
424.77,434515.53
334.46,373778.76
334.51,374588.28

CyberShake_1000_941.xml
398.94,406678.45
444.66,440416.63
341.51,372586.39
338.65,365354.77

CyberShake_1000_942.xml
367.54,386601.13
401.1,410366.02
327.16,364574.34
321.39,360182.55

CyberShake_1000_943.xml
374.35,391026.19
413.01,421058.19
336.6,371923
331.29,366731.51

CyberShake_1000_944.xml
394.23,405697.96
435.04,435063.42
341.68,375697.59
339.24,370847.54

CyberShake_1000_945.xml
372.24,399524.83
404.14,419922.26
333.54,375629.89
328.25,371968.81

CyberShake_1000_946.xml
364.59,391646.05
401.95,416340.26
323.5,366383.25
331.51,371488.04

CyberShake_1000_947.xml
374.09,392685.67
410.16,417773.33
331.05,368415.47
329.38,366748.43

CyberShake_1000_948.xml
384.52,398984.3
416.47,421173.53
338.47,371951.92
329.84,365932.05

CyberShake_1000_949.xml
391.05,404905.2
425.41,428245.14
337.48,373396.36
336.35,372359.57

CyberShake_1000_950.xml
378.74,396779.72
417.54,423186.53
332.45,370182.29
330.71,368554.79

CyberShake_1000_951.xml
366.31,398633.55
410.19,427243.63
334.82,376900.57
327.52,372385.28

CyberShake_1000_952.xml
365.1,391380.18
401.43,414869.72
325.28,366737.26
324.23,365167.35

CyberShake_1000_953.xml
363.82,391450.39
393.27,410387.15
327.25,368797.46
322.43,365467.28

CyberShake_1000_954.xml
400.72,406294.79
443.16,439170.38
345.16,373615.07
341.62,368327.88

CyberShake_1000_955.xml
418.4,426628.81
459.42,453689.21
353.52,385111.41
350.79,382825.06

CyberShake_1000_956.xml
394.31,413992.33
427.66,435719.67
338,376575.33
336.27,374881.67

CyberShake_1000_957.xml
367.32,387284.38
406.14,417305.88
337.44,374943.7
328.07,366952.68

CyberShake_1000_958.xml
363.99,390205.56
407.33,418141.97
325.78,367645.86
321.72,365038.12

CyberShake_1000_959.xml
430.14,434231.76
458.85,452963.38
351.76,383234.92
353.38,384148.34

CyberShake_1000_960.xml
368.88,385248.91
401.74,411716.96
326.54,361838.84
324.93,354185.86

CyberShake_1000_961.xml
368.97,385875.31
401.49,409902.84
321.14,356031.42
317.76,349029.42

CyberShake_1000_962.xml
371.6,396307.04
405.52,418116.89
328.98,370403.27
328.78,369872.54

CyberShake_1000_963.xml
389.06,410452.7
424.12,433269.98
334.43,373802.46
333.19,373473.2

CyberShake_1000_964.xml
362.73,381557.66
402.31,410157.67
324.79,362353.92
322.59,359444.25

CyberShake_1000_965.xml
420.38,429246.31
460.36,454876.73
350.71,382977.58
349.99,382346.68

CyberShake_1000_966.xml
375.4,403966.02
409.45,425774.28
334.64,377919.97
332.32,376367.78

CyberShake_1000_967.xml
371.2,386603.44
397.66,410029.57
328.44,365369.6
323.63,358930.32

CyberShake_1000_968.xml
375.38,399490.25
411.14,421766.49
344.47,379704.88
327.73,366851.89

CyberShake_1000_969.xml
384.69,409755.38
416.81,430313.69
334.1,376460.81
332.8,375377.47

CyberShake_1000_970.xml
371.73,390223.63
404.92,412616.04
329.53,365577.06
322.75,359878.97

CyberShake_1000_971.xml
383.69,401865.02
413.91,421540.41
340.72,375867.4
329.97,368258.13

CyberShake_1000_972.xml
364.36,395346.59
405.77,422718.61
330.11,372962.15
324.58,370026.97

CyberShake_1000_973.xml
381.4,400524.22
415.08,422287.41
336.16,372138.25
326.47,365387.97

CyberShake_1000_974.xml
382.97,404283.9
419.37,427292.42
340.23,380027.22
334.17,374393.49

CyberShake_1000_975.xml
400.24,405532.07
435.21,434006.77
342.98,373166.28
341.03,365572.94

CyberShake_1000_976.xml
392.19,399138.7
437,435370.65
341.19,370340.22
339.52,367871.75

CyberShake_1000_977.xml
400.03,413181.82
428.94,432183.12
342.03,377355.7
337.5,371832.26

CyberShake_1000_978.xml
364.69,387517.53
400.86,415550.04
328.32,368645.01
327.02,362889.63

CyberShake_1000_979.xml
377.58,390492.15
408.39,414679.29
338.53,369527.11
323.43,357225.79

CyberShake_1000_980.xml
380.46,400912.72
410.37,419344.33
334.16,372721.61
328.34,367671.46

CyberShake_1000_981.xml
383.84,403769.67
413.54,425869.1
359.73,391282.15
331.88,368873.27

CyberShake_1000_982.xml
355.46,383046.06
395.78,409291
323.35,365048.04
318.79,361070.66

CyberShake_1000_983.xml
378.14,404136.05
417.76,430349.89
339.82,383302.12
334.42,378749.48

CyberShake_1000_984.xml
355.11,376353.9
394.32,406036.62
327.01,362988.58
317.27,355985.07

CyberShake_1000_985.xml
369.03,397688.53
405.03,420831.23
328.82,369307.52
322.29,366325.89

CyberShake_1000_986.xml
367.34,392424.42
404.69,416797
328.28,368247.26
324.83,366264.53

CyberShake_1000_987.xml
359.31,381498.04
382.61,396498.81
320.33,358985.41
314.01,354281.03

CyberShake_1000_988.xml
366.88,391278.82
405.38,416641.51
327.05,366133.1
317.66,359401.99

CyberShake_1000_989.xml
383.76,394861.27
417.07,422854.93
324.79,363165.52
322.08,354254.73

CyberShake_1000_990.xml
387.93,406458.8
422.97,427374.62
348,379183.91
325.88,361758.41

CyberShake_1000_991.xml
413.58,417691.49
450.51,448331.92
351.56,382677.14
351.7,374126.09

CyberShake_1000_992.xml
409.88,415089.04
444.08,442582.97
346.31,378831.98
345.94,371133.19

CyberShake_1000_993.xml
377.73,397203.4
411.12,419214.08
332.21,370232.18
325.64,364492.34

CyberShake_1000_994.xml
374.23,396756.44
406.48,417508.69
332.1,372539.45
325.35,366959.4

CyberShake_1000_995.xml
368.82,399177.78
401.44,420611.48
329.57,373245.98
324.08,369801.52

CyberShake_1000_996.xml
392.62,406924.86
423.56,428995.95
346.31,381404.93
334.53,372383.96

CyberShake_1000_997.xml
367.21,395499.27
405.13,420295
325.26,368494.51
323.48,367263.95

CyberShake_1000_998.xml
361.98,381533.98
395,407205.82
322.07,359860.92
321.81,353435.58

CyberShake_1000_999.xml
359.71,383138.96
394.62,405913.74
319.66,359662.85
315.9,356663.6

CyberShake_1000_1000.xml
401.84,421897.05
435.73,444235
346.95,384645.44
341.36,381531.12