CyberShake_700_1.xml
319.36,319333.62
353.41,341644.73
264.44,280882.79
259.19,278712.25

CyberShake_700_2.xml
277.24,275900.12
314.29,307306.41
243.84,260882.5
236.13,246342.06

CyberShake_700_3.xml
326.82,321729.59
351.05,337561.47
262.38,279564.67
259.75,277911.62

CyberShake_700_4.xml
326.72,322618.36
360.2,344327.47
266.61,283331.02
259.45,278462.23

CyberShake_700_5.xml
321.45,308042.97
355.06,337185.48
258.62,274206.2
259.06,264249.91

CyberShake_700_6.xml
285.63,291525.65
313.67,309232.86
247.72,271108.79
245.19,267826.03

CyberShake_700_7.xml
306.62,300013.9
339.18,324343.28
253.85,269344.37
248.94,262623.11

CyberShake_700_8.xml
287.44,284404.75
321.32,306247.06
238.52,254973.21
232.52,250724.15

CyberShake_700_9.xml
362.52,337653.67
405.05,368666.12
282.79,288948.29
282.25,288337.08

CyberShake_700_10.xml
293.42,290430.51
328.26,318872.31
253.93,270815.19
245.3,256062.86

CyberShake_700_11.xml
317.45,312163.39
354.83,336428.16
253.08,267198.85
245.84,260479.17

CyberShake_700_12.xml
295.22,302080.65
323.74,320881.29
244.35,267787.06
243.81,267233.24

CyberShake_700_13.xml
290.06,291099.39
325.47,316150.69
245.23,264728.92
238.82,257080.68

CyberShake_700_14.xml
314.01,312205.69
354.45,339146.34
259.57,277817.37
258.03,276492.31

CyberShake_700_15.xml
273.47,273242.13
308.24,301766.42
236.04,254612.38
229.93,241126.01

CyberShake_700_16.xml
285.56,291038.24
308.36,304987.73
254.12,273145
240.21,261178.76

CyberShake_700_17.xml
352.94,339721.69
385.88,361681.84
274.4,287939.06
278.77,290898.74

CyberShake_700_18.xml
292.22,291259.57
322.06,313829.12
258.71,272369.23
246.78,261324.96

CyberShake_700_19.xml
317.53,315623.39
349.27,336013.86
262.47,280109.16
257.4,276674.01

CyberShake_700_20.xml
297.76,294030.44
338.23,323631.36
242.29,260394.99
237.64,249825.97

CyberShake_700_21.xml
289.89,291943.84
320.13,314822.34
248.76,270747.05
243.64,262245.22

CyberShake_700_22.xml
346.2,332244.06
370.67,348436.61
273.48,286483.61
271.24,284339.96

CyberShake_700_23.xml
308.07,306497.22
339.34,326858.74
256.07,276058.71
243.69,266544.48

CyberShake_700_24.xml
281.77,290096.3
313.43,310543.41
239.88,263047.91
235.22,260166.11

CyberShake_700_25.xml
285.7,284496.56
323.42,311761.84
245.75,262393.27
238.5,255400.94

CyberShake_700_26.xml
359.25,334188.12
399.42,365044.06
283.27,288613.02
278.7,285270.17

CyberShake_700_27.xml
293,293462.91
330.95,318674.4
249.52,268131.44
245.07,264648.96

CyberShake_700_28.xml
333.58,327806.16
357.36,343315.31
267.86,284056.46
264.82,282592.52

CyberShake_700_29.xml
314.18,313029.65
341.17,330777.36
256.5,274680.71
256.56,274314.65

CyberShake_700_30.xml
298.49,294210.69
338.48,324035.95
258.35,273466.75
246.72,264242.55

CyberShake_700_31.xml
312.44,312295.61
343.65,332648.08
255.98,275144.02
251.74,272707.17

CyberShake_700_32.xml
312.83,307777.78
339.9,328128.88
250.78,270924.93
240.83,255893.68

CyberShake_700_33.xml
329.25,314892.06
359.42,341446.12
266.3,279161.52
264.6,269410.22

CyberShake_700_34.xml
286.67,286235.48
318.11,309825.9
247.11,265082.38
238.77,259200.6

CyberShake_700_35.xml
368.28,347311.66
401.54,369225.03
288.06,296401.11
285.29,294102.56

CyberShake_700_36.xml
295.01,298817.46
327.4,319876.51
248.78,269377.24
243.4,265698.99

CyberShake_700_37.xml
283.58,293401.88
314.44,313770.97
247.32,270991.82
241.11,266528.64

CyberShake_700_38.xml
306.32,304903.13
336.75,324792
253.87,270277.11
246.31,265986.19

CyberShake_700_39.xml
307.03,297151.99
346.66,330405.84
254.11,269146.5
247.22,255253.13

CyberShake_700_40.xml
277.52,276192.96
315.5,306743.71
241.56,258266.63
237.03,253913.12

CyberShake_700_41.xml
319.47,306461.93
351.12,332969.65
256,270719.47
258.19,265727.35

CyberShake_700_42.xml
306.42,299027.49
346.18,329020.49
258.24,272037.67
252.66,267675.81

CyberShake_700_43.xml
321.41,314681.23
361.9,340122.22
261.17,277204.76
254.46,272075.71

CyberShake_700_44.xml
317.95,306459.36
347.39,332407.39
260.25,276139.73
259.69,266321.01

CyberShake_700_45.xml
286.06,295862.56
315.97,315501.16
243.99,268522.55
239.68,266002.54

CyberShake_700_46.xml
358.44,332488
398.35,364875.6
283.17,289644.43
279.68,282130.35

CyberShake_700_47.xml
283.02,283005.02
321.48,312510.86
242.16,260552.05
237.37,250463.34

CyberShake_700_48.xml
288.19,288997.73
304.57,301603.77
247.9,267668.28
239.63,259981.37

CyberShake_700_49.xml
348.4,340137.19
364.89,350671.27
271.83,288125.6
270.74,287544.33

CyberShake_700_50.xml
329.11,319293.28
355.09,335284.28
268.51,282197.63
260.09,274730.34

CyberShake_700_51.xml
282.35,286646.92
312.27,306045.59
239.85,260583.65
234.32,256815.51

CyberShake_700_52.xml
306.55,301743.69
343.36,328969.71
251.42,270283.02
252.18,262793.39

CyberShake_700_53.xml
294.04,297804.04
329.5,320921.44
244.94,264822.92
243.02,264332.13

CyberShake_700_54.xml
359.37,331596.32
396.28,362331.06
284.9,288682.73
278.99,282661.99

CyberShake_700_55.xml
281.48,289078.87
310.84,308200.76
246.21,268992.92
239.35,264075.31

CyberShake_700_56.xml
279.07,280513.85
314.29,306343.43
258.77,272151.05
234.43,249275.99

CyberShake_700_57.xml
302.31,293741.95
333.63,317843.6
250.12,264048.63
244.74,258755.82

CyberShake_700_58.xml
348.98,325186.76
381.25,352721.01
269.61,279639.39
270.44,271128.96

CyberShake_700_59.xml
300.25,299045.49
345.56,333459.69
258.96,276784.74
252.2,266443.4

CyberShake_700_60.xml
316.52,308232.9
353.68,333882.49
260.72,274652.03
241.33,253688.66

CyberShake_700_61.xml
287.71,286161.93
323.39,313377.35
250.6,265750.21
240.62,257233.42

CyberShake_700_62.xml
308.6,298159.62
348.03,331233.32
255.94,268986.62
255.57,267780.64

CyberShake_700_63.xml
303.46,298582.55
340.62,326360.55
258.32,273510.54
251.95,266994.95

CyberShake_700_64.xml
313.57,303866.95
346.41,330502.69
258.23,274681.47
255.16,271046.21

CyberShake_700_65.xml
317.02,305237.65
351.52,332023.45
259.52,274056.84
253.53,268426.75

CyberShake_700_66.xml
306.77,311195.49
321.11,320095.78
251.93,272978.98
250.16,272937.93

CyberShake_700_67.xml
281.74,286528.99
315.36,310089.36
243.79,266772.32
238.43,261986.52

CyberShake_700_68.xml
326.15,317273.34
361.32,339894.16
267.29,281369.86
261.72,277327.06

CyberShake_700_69.xml
302.41,298571.29
333.69,321977.15
256.71,272059
239.16,257985.81

CyberShake_700_70.xml
280.83,285177.96
312.15,305772.11
247.1,266821.44
236.34,259100.36

CyberShake_700_71.xml
311.9,308663.7
336.15,325083.62
249.06,266349.44
244.42,259755.76

CyberShake_700_72.xml
348.7,331677.36
377.82,350544.34
279.33,288594.01
270.05,282330.27

CyberShake_700_73.xml
322.86,310226.16
350,330180.76
255.73,269642.82
252.87,262197.59

CyberShake_700_74.xml
356.8,329678.62
395.08,361197.02
278.78,284728.77
278.82,280710.47

CyberShake_700_75.xml
280.36,278275.82
324.62,314390.6
245.73,261870.23
238.09,247899.73

CyberShake_700_76.xml
307.68,304908.73
338.04,325822.77
245.49,263085.8
242.04,256374.48

CyberShake_700_77.xml
287.75,289084.38
323.93,313946.59
243.57,264381.76
239.72,256239.75

CyberShake_700_78.xml
295.74,295379.89
338.65,323271.27
255.01,272487.23
248.11,267243.23

CyberShake_700_79.xml
347.3,337742.86
378.41,357956.54
270.75,285303.63
270.68,285935.57

CyberShake_700_80.xml
295.46,304469.78
326.35,324498.85
245.22,269821.78
242.59,268490.72

CyberShake_700_81.xml
284.29,294985.74
308.79,310914.84
244.17,268415.87
240.66,266802.59

CyberShake_700_82.xml
322.51,313493.18
359.4,338634.66
265.06,277450.35
257.54,268992.54

CyberShake_700_83.xml
315.2,305537.46
348.72,334258.76
271.32,283637.63
243.25,255968.69

CyberShake_700_84.xml
290.14,299313.34
324.19,321864.46
245.88,269063.59
244.05,268148.33

CyberShake_700_85.xml
284.19,293186.25
315.93,313777.66
246.94,268647.55
241.84,265537.02

CyberShake_700_86.xml
363.3,347885.43
397.28,370242.19
278.4,291026.8
277.19,289996.87

CyberShake_700_87.xml
309.81,298340.73
344.81,328267.14
255.01,269857.79
256.48,266056.32

CyberShake_700_88.xml
293.33,300521.96
330.66,324795.42
252.51,273442.03
248.39,271339.65

CyberShake_700_89.xml
291.22,289008.91
320.2,310573.16
249.12,265587.81
240.44,258274.76

CyberShake_700_90.xml
281.98,287255.47
316.71,308590.94
246.39,266862.49
237.15,259233.64

CyberShake_700_91.xml
306.21,310739.27
339.37,332432.55
258.86,278391.44
251.77,274238.16

CyberShake_700_92.xml
290.26,294831.68
322.22,315552.16
249.41,270758.81
243.47,266190.72

CyberShake_700_93.xml
299.25,302997.02
330.47,322900.61
248.59,269890.27
246.81,268858.71

CyberShake_700_94.xml
283.72,283191.44
322.08,314185.2
246.08,264463.35
244.3,254607.65

CyberShake_700_95.xml
308.83,308856.72
345.24,332816.7
252.01,270746.79
248.65,268272.86

CyberShake_700_96.xml
290.99,300786.51
316.77,317433.34
245.1,270246.76
240.73,267389.84

CyberShake_700_97.xml
325.39,319975.16
361.82,343659.45
268.7,284431.1
261.52,279750.42

CyberShake_700_98.xml
284.57,290251.27
308.96,305677.83
247.42,268801.66
241.51,264451.99

CyberShake_700_99.xml
307.95,297488.25
346.9,329716.97
254.74,267867.46
252.44,263306.7

CyberShake_700_100.xml
282.37,292686.16
310.57,310930.38
236.12,261469.18
236.4,261579.16

CyberShake_700_101.xml
315.89,303583.41
351.01,332806.28
262.94,274040.07
256.94,261639.56

CyberShake_700_102.xml
299.15,291856.76
336.54,322819.67
245.56,264164.95
249.15,255997.74

CyberShake_700_103.xml
309.91,302984.86
334.51,318944.44
240.95,255211.28
235.19,248731.27

CyberShake_700_104.xml
301.88,298938.18
337.34,322281.01
254.97,272162.11
246.53,264272.99

CyberShake_700_105.xml
348.13,335530.14
389.44,362686.18
276.33,287068.47
272.22,284578.26

CyberShake_700_106.xml
308.75,301515.03
349.83,332313.44
248.96,266651.91
245.66,256295.95

CyberShake_700_107.xml
304.24,305097.3
339.47,328270.4
256.02,273899.57
249.98,269704.31

CyberShake_700_108.xml
309.54,298550.46
348.31,330456.59
254.95,268605.56
256.01,264154.55

CyberShake_700_109.xml
281.84,279983.58
321.85,313365.52
245.19,263059.19
240.64,258198.35

CyberShake_700_110.xml
312.75,306351.15
342.39,325921.79
282.78,290264.99
247.01,263246.35

CyberShake_700_111.xml
312.79,303033.35
339.17,323656.67
255.73,269494.77
251.45,265497.83

CyberShake_700_112.xml
393.6,367082.51
433.95,393641.08
298.32,303975.02
298.04,303646.6

CyberShake_700_113.xml
295.46,291467.13
332.26,317925.93
267.48,275458.68
237.81,249229.35

CyberShake_700_114.xml
283.87,286321.58
327.44,318460.26
249.98,267854.17
242.75,261234.74

CyberShake_700_115.xml
318.85,318466.11
360.91,346257.6
264.59,282670.89
260.93,280285.55

CyberShake_700_116.xml
314.5,309950
347.32,331178.32
256.06,273981.64
252.51,271225.62

CyberShake_700_117.xml
319.33,317749.34
356.24,341927.13
261.38,280093.4
257.92,277500.01

CyberShake_700_118.xml
296.61,293952.6
326.04,316089.97
248.69,267364.35
246.24,263862.52

CyberShake_700_119.xml
317.22,307425.91
348.19,329636.68
255.72,268825.47
250.68,262402.45

CyberShake_700_120.xml
325.67,314882.79
360.67,340103.92
265.77,280526.91
260.39,276106.97

CyberShake_700_121.xml
280.28,286260.99
318.98,311511.39
246.72,267731.03
239.68,263354.78

CyberShake_700_122.xml
282.07,281231.86
313.94,305566.67
236.31,254481.26
234.22,245848.36

CyberShake_700_123.xml
324.69,312410.01
354.23,335358.7
264.27,278484.1
259.89,273594.23

CyberShake_700_124.xml
325.63,315077.15
357.27,336176.02
261.06,274170.48
255.89,267584.79

CyberShake_700_125.xml
297.96,304677.91
336.41,329939.21
253.56,275998.02
248.16,272274.93

CyberShake_700_126.xml
293.89,292323.4
324.13,314938.1
244.65,264311.01
238.55,251728.77

CyberShake_700_127.xml
341.57,320007.11
377.17,350081.45
269.76,279270.84
270.52,275513.43

CyberShake_700_128.xml
298.17,302684.59
333.8,325848.44
249.72,271537.2
246.52,269593.4

CyberShake_700_129.xml
361.45,334789.9
395.67,363681.85
276.79,285594.31
277.29,277894.58

CyberShake_700_130.xml
302.27,299925.81
326.08,316101.32
243.71,264309.26
241.6,257279.65

CyberShake_700_131.xml
297.8,297758.85
334.07,321564
249.34,266612.12
244.48,260565.39

CyberShake_700_132.xml
338.58,329523.6
364.05,346074.24
269.47,283715.11
266.25,282382.28

CyberShake_700_133.xml
327.26,325141.23
359.41,345935.42
267.82,285349.34
261.14,281201.14

CyberShake_700_134.xml
327.28,314278.96
360.07,338538.3
266.53,278284.63
258.42,271428.41

CyberShake_700_135.xml
277.56,280237.21
320.73,311039.3
241.23,260447.43
238.02,258106.83

CyberShake_700_136.xml
311.27,304789.41
346.44,328950.37
253.3,270334.69
246.72,264042.57

CyberShake_700_137.xml
321.68,316503.97
352.53,336742.27
261.6,277509.54
255.31,272943.7

CyberShake_700_138.xml
292.67,295875.97
330.65,320992.42
249.86,268583.47
243.14,264324.62

CyberShake_700_139.xml
291.96,291434.72
320.96,312562.39
246.15,264442.65
241.98,260155.51

CyberShake_700_140.xml
305.68,300024.37
341.62,323420.09
259.4,273252.63
250.13,266245.53

CyberShake_700_141.xml
310.48,303765.9
344.22,328234.14
275.77,284912.18
250.65,261733.58

CyberShake_700_142.xml
282.22,285888.6
312.48,305512.28
239.26,260875.74
235.46,258123.97

CyberShake_700_143.xml
320.17,310412.2
353.83,333390.75
265.82,278454.54
257.87,272596.22

CyberShake_700_144.xml
298.26,304977.5
328.36,324679.09
254.86,277430.63
249.44,274003.74

CyberShake_700_145.xml
387.47,355713.52
426.56,383128.88
297.03,299036.08
292.03,295528.21

CyberShake_700_146.xml
340.57,328175.44
373.87,350526.02
269.18,282870.16
265.48,279729.46

CyberShake_700_147.xml
310.39,308284.33
348.06,332925.31
258.16,274757.81
252.3,270567.06

CyberShake_700_148.xml
280.66,282923.7
303.14,298711.88
236.76,257128.94
235.08,254434.29

CyberShake_700_149.xml
338.18,323582.67
374,346727.31
272.05,283748.72
266.7,279156.63

CyberShake_700_150.xml
270.73,286560.37
311.27,313508.05
235.36,262535.81
237.5,263806.37

CyberShake_700_151.xml
290.58,298667.53
317.74,316652.78
244.92,266924.6
242.29,265974.68

CyberShake_700_152.xml
308.56,308740.32
346.58,333695.29
256.25,273738.16
252.14,271259.63

CyberShake_700_153.xml
289.36,301162.19
319.19,320498.3
240.9,268146.87
241.78,269193

CyberShake_700_154.xml
344.32,327296.08
376.14,350264.52
284.45,291706.15
268.28,277983.86

CyberShake_700_155.xml
269.33,271794.61
310.89,305752.36
237.14,257905.41
235.87,251577.35

CyberShake_700_156.xml
330.43,316525.28
360.61,338172.4
260.22,272646.69
246.74,255891.6

CyberShake_700_157.xml
309.88,301151.19
338.68,323582.23
244.5,262305.6
237.96,251148.55

CyberShake_700_158.xml
279.53,278672.48
321.89,314161.96
246.12,264127.48
240.46,250582.69

CyberShake_700_159.xml
386.97,357248.43
423.44,381933.4
300.13,303723
294.77,299399.48

CyberShake_700_160.xml
292.13,296606.77
330.26,321337.4
247.57,268483.18
244.79,266697.17

CyberShake_700_161.xml
296,299804.89
320.7,315863.78
252.12,271234.78
245,266384.3

CyberShake_700_162.xml
292.54,293761.59
327.34,315383.01
251.17,269246.48
242.65,262251.66

CyberShake_700_163.xml
283.99,288137.64
322.34,313858.43
246.18,266622.21
241.63,262764.67

CyberShake_700_164.xml
307,301763.36
334.85,320896.99
265.19,278466.19
248.36,266434.53

CyberShake_700_165.xml
336.32,325265.4
363.97,343316.25
269.06,283024.54
264.47,278836.23

CyberShake_700_166.xml
297.05,303285.04
326.33,322820.1
248.24,272445.49
247.09,271124.26

CyberShake_700_167.xml
349.46,332649.17
384.38,353795.64
285.96,292245.88
263.06,271610.15

CyberShake_700_168.xml
324.57,316782.18
353.7,335729.72
262.79,278503.04
257.71,274738.89

CyberShake_700_169.xml
318.99,308274.93
361.76,339206.53
260.78,272342.52
258.51,267938.06

CyberShake_700_170.xml
328.02,314141.43
356.5,335491.81
264.26,276408.07
258.67,271530.78

CyberShake_700_171.xml
301.55,295801.7
331.89,319001.05
244.09,264039.79
239.72,256486.88

CyberShake_700_172.xml
302.81,306430.45
342.1,332065.23
254.69,274847.99
252.71,274254.17

CyberShake_700_173.xml
351.51,330779.36
383.85,353330.59
272.87,282789.02
270.67,280560.66

CyberShake_700_174.xml
364.82,336847.48
399.66,363492.52
285.47,288993.11
282.24,286204.73

CyberShake_700_175.xml
299.27,301781.88
330.75,320723.08
252.05,272070.79
246.64,266770.54

CyberShake_700_176.xml
289.22,295016.98
324.26,317956.71
244.61,266837.35
240.32,263518.19

CyberShake_700_177.xml
279.65,281498.08
320.33,308111.24
242.11,261235.06
235.8,256126.2

CyberShake_700_178.xml
296.82,289731.65
328.38,317498.01
244.25,261750.77
245.86,255380.06

CyberShake_700_179.xml
314.81,308133.46
352.95,335304.43
264.89,279488.4
259.42,275316.8

CyberShake_700_180.xml
302.58,293519.26
347.27,329905.25
255.95,270233.34
252.47,257198.01

CyberShake_700_181.xml
329.15,313136.9
357.74,337746.27
262.22,274412.52
261.49,264799.16

CyberShake_700_182.xml
300.56,299899.94
340.49,327761.44
256.29,274538.12
254.6,273586.31

CyberShake_700_183.xml
281.27,284413.17
318.39,311925.79
242.57,263296.01
238.19,255536.7

CyberShake_700_184.xml
308.64,303957.86
344.96,331175.92
260.22,275828.92
254.46,264957.37

CyberShake_700_185.xml
290.86,294704.55
326.48,318262.73
249.67,270884.23
242.32,264734.05

CyberShake_700_186.xml
322.75,306322.79
359.96,337510.92
260.97,272997.83
263.89,269293.16

CyberShake_700_187.xml
299.78,299564.29
334.12,322214.77
251.55,270072.07
250.43,269254.4

CyberShake_700_188.xml
332.5,319633.55
364.44,341666.96
268.34,280679.83
260.93,275524.32

CyberShake_700_189.xml
306.79,308587.85
347.83,335460.71
257.69,277398.46
255.71,275916.67

CyberShake_700_190.xml
355.47,331567.81
391.84,359772.34
280.33,286371.35
276.01,283249.34

CyberShake_700_191.xml
344.43,326414.21
367.03,344425.66
274.05,282314.27
250.94,259888.34

CyberShake_700_192.xml
326.56,316954.57
359.75,338668.1
263.27,277628.94
255.98,271902.67

CyberShake_700_193.xml
283.7,288950.32
320.9,313593.65
246.52,269283.62
239.09,263261.59

CyberShake_700_194.xml
309.04,297922.58
336.84,322819.19
262.86,274803.15
235.34,245917.69

CyberShake_700_195.xml
345.99,335037.82
377.58,355596.71
269.71,284506.41
269.8,284596.99

CyberShake_700_196.xml
297.04,303846.85
325.13,322413.24
245.27,268131.63
244.31,267793.9

CyberShake_700_197.xml
300.25,292299.82
337.45,323814.42
259.52,272371.26
248.64,255693.06

CyberShake_700_198.xml
279.51,284238.04
319.85,310594.24
243.31,263288.75
237.02,257757.98

CyberShake_700_199.xml
305.72,303693.98
347.98,330122.82
254.88,271572.93
247.76,262588.64

CyberShake_700_200.xml
349.44,325542.18
383.08,354892.64
271.46,281262.55
271.09,270764.46

CyberShake_700_201.xml
308.25,309737.8
344.67,333636.45
254.19,273059.49
251.42,271828.36

CyberShake_700_202.xml
295.08,297757.14
328.43,319425.44
246.99,268278.09
244.98,267052.6

CyberShake_700_203.xml
296.88,306619.89
329.11,327618.96
254.04,277261.69
249.04,274846.73

CyberShake_700_204.xml
288.13,283875.45
331.26,320003.09
248.04,264273.78
243.88,252761.75

CyberShake_700_205.xml
299.04,303665.63
332.78,325656.5
258.39,277460.32
245.57,268738.64

CyberShake_700_206.xml
385.19,360875.02
421.87,385039.97
294.53,301119.42
298.74,303666.81

CyberShake_700_207.xml
327.09,317394.42
365.59,344085.41
270.24,284092.13
266.2,280472.17

CyberShake_700_208.xml
316.58,311315.13
346.97,330607.64
250.95,265828.05
245.54,260331.75

CyberShake_700_209.xml
294.95,289766.88
329.53,318888.17
250.22,267093.13
248.75,262217.89

CyberShake_700_210.xml
325.96,314453.72
356.78,337408.12
264.64,278808.86
259.83,275209.53

CyberShake_700_211.xml
299.54,296015.58
331.04,320054.81
247.49,266278.07
240.16,260007.88

CyberShake_700_212.xml
281.79,283702.88
319.46,309453.92
240.52,259455.29
234.1,253246.36

CyberShake_700_213.xml
323.81,315824.79
362.92,341951.08
264.78,279548.36
262.35,277294.49

CyberShake_700_214.xml
288.28,284584.13
320.53,312612.81
247.41,264795.51
242.16,251530.39

CyberShake_700_215.xml
350.19,326489.21
389.59,359263.39
280.49,287276.56
277.43,283881.38

CyberShake_700_216.xml
284.62,287441.45
324.93,316212.56
250.62,269231.26
244.37,262329.01

CyberShake_700_217.xml
279.39,279528.97
319.21,311925.68
247.85,265796.51
240.69,259933.89

CyberShake_700_218.xml
333.64,327306.59
373.78,353915.08
271.91,286697.13
268.05,284271.24

CyberShake_700_219.xml
280.84,287327.35
314.04,308872.45
237.64,260712.46
234.86,258660.06

CyberShake_700_220.xml
390.66,367072.6
430.39,393374.79
294.8,302060.09
296.78,303353.43

CyberShake_700_221.xml
292.95,291217.32
323.84,314017.3
247.86,265164.88
241.12,259138.9

CyberShake_700_222.xml
315.85,313051.61
348.22,333946.73
261.18,279071.86
254.85,274518.7

CyberShake_700_223.xml
287.38,290532.66
320.92,312768.51
247.39,267968.44
240.46,263039.19

CyberShake_700_224.xml
324.13,310569.47
364.62,343725.1
265.96,279533.61
265.33,273169.65

CyberShake_700_225.xml
295.13,296284.25
326.95,318913.51
254.28,270789.01
242.65,260382.54

CyberShake_700_226.xml
286.74,286567.16
308.93,303655.2
252.97,269691.08
241.67,261720.6

CyberShake_700_227.xml
287.18,294940.12
319.13,315816.76
252.3,274689.69
242.7,267988.38

CyberShake_700_228.xml
289.07,292945.84
317.46,311285.21
240.29,261860.48
238.94,261160.37

CyberShake_700_229.xml
311.6,301485.07
350.16,334182.89
268.31,279280.63
254.41,261253.41

CyberShake_700_230.xml
282.31,293885.66
320.21,318641.36
246.15,267976.9
238.49,264154.9

CyberShake_700_231.xml
280.28,285942.91
318.1,310834.51
244.62,267026.14
237.68,261327.99

CyberShake_700_232.xml
353.32,340865.82
384.43,361191.1
272.64,287499.27
273.73,287849.41

CyberShake_700_233.xml
284.66,286325.49
316.72,308656.1
242.14,260010.68
235.27,254398.04

CyberShake_700_234.xml
295.7,294046.72
324.94,316117.91
263.23,273783.52
242.23,257247.4

CyberShake_700_235.xml
294.25,297588.91
326.74,317080.53
262.76,279662.47
243.29,265001.13

CyberShake_700_236.xml
300.25,293579.56
336.95,324201.87
264.55,277137.71
242.9,252755.36

CyberShake_700_237.xml
293.17,292574.22
324.3,315553.2
249.9,269379.57
243.61,264387.91

CyberShake_700_238.xml
287.2,287904.23
318.2,309542.01
247.08,266269.04
240.41,261012.03

CyberShake_700_239.xml
326.12,314555.48
357.89,338394.76
264.47,277360.41
242.63,254849.76

CyberShake_700_240.xml
326.08,309747.94
360.02,338193.42
265.66,275142.47
263.01,264584.62

CyberShake_700_241.xml
290.08,294189.48
321.53,314436.45
250.55,272637.09
243.05,266873.33

CyberShake_700_242.xml
403.07,375065.32
437.91,397992.54
304.46,310117.93
305.4,310550.66

CyberShake_700_243.xml
325.35,310291.04
354.39,336339.7
259.32,273829.41
261.21,265397.2

CyberShake_700_244.xml
329.58,315771.25
374.46,348642.15
265.45,277371.54
264.92,270242.27

CyberShake_700_245.xml
340.28,324976.87
369.01,343753.2
275.3,284100.94
264.03,276427.78

CyberShake_700_246.xml
298.88,302470.76
339.77,329326.44
253.88,273880.29
250.15,271361.25

CyberShake_700_247.xml
275.62,285879.09
315.5,312006.78
241.62,264770.07
238.12,262704.05

CyberShake_700_248.xml
308.11,299354.42
346.74,327941.81
250.4,266775.58
241.69,252180.65

CyberShake_700_249.xml
292.93,299439.74
324.44,320198
248.44,271051.61
244.85,268357.6

CyberShake_700_250.xml
334.91,319392.81
367.1,343104.85
270.14,279571.29
262.7,272634.31

CyberShake_700_251.xml
314.52,303500.9
349.38,332683.89
255.49,271676.68
253.92,260081.1

CyberShake_700_252.xml
335.73,316324.57
367.09,342868.95
270.84,279712.73
266.45,272899.62

CyberShake_700_253.xml
345.45,325059.94
381.37,354760.01
269.72,281849.38
274.39,275499.69

CyberShake_700_254.xml
281.19,290088.05
314.22,311967.52
251.42,272316.85
235.51,261312.99

CyberShake_700_255.xml
311.63,299666.21
349.45,331011.65
259.82,272582.06
254.17,266969.87

CyberShake_700_256.xml
301.38,296542.66
340.42,322694.92
258.04,273024.19
247.74,265133.3

CyberShake_700_257.xml
339.06,334889.87
379.66,362035.15
271.94,289811.37
272.07,289814.8

CyberShake_700_258.xml
330.32,320259.43
364.72,343765.87
270.49,285294.81
267.12,282105.38

CyberShake_700_259.xml
305.23,294738.4
332.09,319168.95
253.9,267073.53
252.09,256700.21

CyberShake_700_260.xml
308.22,307968.72
336.31,325969.11
251.56,272388.28
248.24,269800.67

CyberShake_700_261.xml
288.46,289616.43
318.81,309197.02
243.93,263975.37
237.84,259022

CyberShake_700_262.xml
332.32,317718.42
370.22,347604.18
267.08,279078.09
266.41,271940.83

CyberShake_700_263.xml
287.08,293670.79
325.77,318816.67
243.86,265323.41
240.59,263218.49

CyberShake_700_264.xml
314.3,301738.21
351.02,332707.47
267.74,277879.57
250.23,257072.66

CyberShake_700_265.xml
393.99,364613.53
435.67,392070.06
300.84,304296.77
300.17,303050.25

CyberShake_700_266.xml
300.06,292736.95
335.47,318928.28
248.41,262647.69
245.32,255863.75

CyberShake_700_267.xml
298.02,302419.37
339.7,329971.37
250.64,272137.76
252.23,272784.85

CyberShake_700_268.xml
308.07,307385.17
347.14,332886.79
264.59,282130.27
255.65,275635.66

CyberShake_700_269.xml
347.16,328228.88
379.25,353130.68
276.79,286905.05
270.06,280566.92

CyberShake_700_270.xml
312.71,309630.77
346.46,332202.25
259.12,275717.79
253.97,272267.42

CyberShake_700_271.xml
301.8,306782.02
330.26,325016.92
251.96,272501.7
247.58,270521.78

CyberShake_700_272.xml
308.65,312640.08
337.75,331768.24
255.75,276846.62
249.43,272993.41

CyberShake_700_273.xml
327.5,317537.3
357.75,337383.88
268.01,280683.7
260.26,275126.43

CyberShake_700_274.xml
289.26,295774.48
331.28,323586.5
245.35,268155.2
246.59,268974.4

CyberShake_700_275.xml
285.72,297891.67
316.54,318192.54
244.41,270828.41
241.53,268824.04

CyberShake_700_276.xml
325.07,312282.25
357.5,335631.42
264.37,275677.31
257,268876.73

CyberShake_700_277.xml
328.96,313916.27
360.31,336019.67
258.51,267872.3
256.07,263750.22

CyberShake_700_278.xml
276.94,274987.25
301.77,296548.07
239.72,254998.32
234.36,243266.84

CyberShake_700_279.xml
313.01,302195.8
349.56,332943.89
258.62,272980.21
257.28,266583.5

CyberShake_700_280.xml
340.15,323907.68
364.58,340092.3
270.56,282226.36
267.52,279633.76

CyberShake_700_281.xml
351.81,339977.33
392.32,366727.81
276.17,289523.59
279.14,291529.97

CyberShake_700_282.xml
294.18,297299.95
329.91,322185.51
258.92,277961.28
248.25,269533.02

CyberShake_700_283.xml
292.83,288763.58
336.53,323978.45
249.59,266180.45
247.77,255631.55

CyberShake_700_284.xml
318.84,309755.89
354.6,335966.07
263.7,278822.11
258.45,273795.4

CyberShake_700_285.xml
304.78,302035.7
340.71,325098.18
277.06,288179.37
247.31,267004.97

CyberShake_700_286.xml
287.78,293809.85
315.55,311922.13
242.72,267013.91
240.3,265003.5

CyberShake_700_287.xml
285.66,290635.49
323.39,315557.06
246.09,265788.86
238.85,261417.69

CyberShake_700_288.xml
320.27,309551.53
352.43,333275.4
255.34,269980.07
254.08,264503.06

CyberShake_700_289.xml
279.18,284721.95
316.52,309092.28
247.08,267048.38
237.98,259523.46

CyberShake_700_290.xml
301.74,297662.55
340.73,327450.45
257.29,274316.76
252.38,269809.02

CyberShake_700_291.xml
295.15,295946.46
341.65,327447.04
255.21,273698.43
251.3,270718.85

CyberShake_700_292.xml
344.48,336902.01
371.65,354353.11
273.63,288581.29
268.92,286086.99

CyberShake_700_293.xml
297.59,292470.25
337.79,322525.66
254.95,269249.24
248.02,264227.55

CyberShake_700_294.xml
289.34,287326.6
315.66,308843.95
247.08,264893.93
239.06,258513.12

CyberShake_700_295.xml
285.73,283278.49
321.79,313681.51
246.95,264241.92
239.58,249779.44

CyberShake_700_296.xml
283.91,294473.24
317.03,316239.22
241.78,265910.99
236.36,262485.21

CyberShake_700_297.xml
311.59,303926.02
334.8,321461.03
266.17,278515.27
255.31,269898.73

CyberShake_700_298.xml
286.06,297265.3
312.02,314276.88
247.43,271975.52
242.1,269072.95

CyberShake_700_299.xml
333.73,316521.92
368.27,342370.56
290.25,290664.81
261.76,264996.74

CyberShake_700_300.xml
323.93,321717.75
362.42,347083.08
261.07,279492.39
261.26,279452.05

CyberShake_700_301.xml
332.93,322386.16
366.02,343959.5
273.44,286681.65
264.14,279797.54

CyberShake_700_302.xml
283.13,295772.55
323.85,322525.53
245.87,270189.38
240.42,266912.39

CyberShake_700_303.xml
324.59,312064.64
356.71,337136.93
261.52,274562.58
258.7,271900.1

CyberShake_700_304.xml
353.61,339102.95
389.54,362979.58
275.2,286271.06
270.99,283660.26

CyberShake_700_305.xml
302.45,297217.07
343.26,328015.13
247.67,264348.38
243.41,254609.36

CyberShake_700_306.xml
292.74,294733.56
323.32,316140.36
255.63,275606.54
243.94,266193.33

CyberShake_700_307.xml
297.55,295796.33
330.93,317495.12
247.53,265622.21
242.91,261873.21

CyberShake_700_308.xml
319.3,308520.09
358.44,335486.23
259.78,272401.84
256.9,270254.46

CyberShake_700_309.xml
355.31,331630.03
386.46,356208.95
275.47,284236.85
272.37,277198.38

CyberShake_700_310.xml
305.95,299028.77
343.22,328994.82
263.15,277329.08
249.21,258876.9

CyberShake_700_311.xml
315.18,310170.39
347.99,332286.87
263.96,280249.3
258.93,276529.98

CyberShake_700_312.xml
283.11,283208.35
313.15,306016.69
244.8,264076.54
237.66,257614.41

CyberShake_700_313.xml
318.17,316305.8
345.16,333768.46
261.99,281999.28
257.09,277935.47

CyberShake_700_314.xml
362.52,334081.44
401.37,367107.42
282.13,287466.39
283.06,286002.82

CyberShake_700_315.xml
339.55,321507.57
378.46,350796.14
276.77,285380.53
267.34,278266.36

CyberShake_700_316.xml
303.3,307672.11
328.52,323962.09
243.98,267246.25
243.23,267850.53

CyberShake_700_317.xml
304.92,301434.48
333.78,320397.47
252.67,270880.27
248.88,267584.58

CyberShake_700_318.xml
302.12,296165.14
336.8,322884.59
249.94,264700.18
246.85,261109.03

CyberShake_700_319.xml
318.5,308613.67
358.33,338665.39
264.79,278485.71
260.39,274866.07

CyberShake_700_320.xml
316.15,313316.31
331.15,322755.73
255.23,272478.88
253.74,272182.61

CyberShake_700_321.xml
301.24,308672.94
334.23,330225.92
253.9,276588.22
249,273344.15

CyberShake_700_322.xml
292.51,289742.3
324.15,317100.68
245.28,265765.76
244.96,255805.95

CyberShake_700_323.xml
274.04,274313.35
311.79,305138.29
236.86,256104.55
237.01,252583.63

CyberShake_700_324.xml
288.17,282741
327.39,315334.4
247.19,262702.82
241.55,257662.87

CyberShake_700_325.xml
302.66,298733.09
331.93,321654.7
253.73,271114.13
254.37,270123.89

CyberShake_700_326.xml
282.88,283138.72
315.65,307892.07
242.96,262337.99
236.93,256242.56

CyberShake_700_327.xml
360.01,332873.85
400.62,366004.21
280.94,287658.8
282.08,282871.06

CyberShake_700_328.xml
297.7,293270.95
337.14,322014.29
245.31,261606.24
242.1,253253.05

CyberShake_700_329.xml
279.66,283541.32
316.41,311090.15
249.45,269416.04
241.1,262548.3

CyberShake_700_330.xml
369.64,344374.37
410.43,373679.53
292.01,297986.96
285.59,292764.42

CyberShake_700_331.xml
316.27,318794.17
341.95,335346.99
261.53,281065.83
257.25,279388.07

CyberShake_700_332.xml
304.39,299607.79
338.17,323550.93
258.45,274006.92
249.28,266047.93

CyberShake_700_333.xml
309.71,311896.93
342.96,334215.32
257.18,277739.64
251.29,273551.68

CyberShake_700_334.xml
349.71,343817.52
382.08,364862.63
277.26,295145.61
276.52,294154.42

CyberShake_700_335.xml
301.86,302718.13
335.54,324481.74
253.84,273724.01
248.38,269484.64

CyberShake_700_336.xml
306.89,304614.02
336.15,323854.9
262.49,278910.67
251.62,271231.58

CyberShake_700_337.xml
337.8,328127.07
380.08,355966.72
272.41,286109.03
270.66,284808.73

CyberShake_700_338.xml
290.69,293272.39
319.21,312008.17
246.11,265984.26
240.37,261998.57

CyberShake_700_339.xml
314.5,302078.59
345.82,329772
253.68,268525.3
253.13,258633.55

CyberShake_700_340.xml
359.47,338955.66
388.73,358096.91
282.88,291034.46
275.45,285789.21

CyberShake_700_341.xml
326.54,322563.42
362.77,346651.35
263.68,282009.2
260.39,279205.4

CyberShake_700_342.xml
275.05,286279.17
317.49,313853.08
240.63,263887.74
236.01,261525.21

CyberShake_700_343.xml
373.57,344453.35
411.04,371059.4
288.11,291342.68
285.39,289186.47

CyberShake_700_344.xml
291.3,293324
324.38,314561.66
253.36,271525.24
241.61,260379.39

CyberShake_700_345.xml
279.28,290102.86
318.59,315766.35
248.98,271506.78
241.98,267052.3

CyberShake_700_346.xml
316.71,307616.69
352.43,333258.54
263.07,277275.02
255.74,271712.4

CyberShake_700_347.xml
348.84,333867.31
378.54,353317.91
270.7,283103.21
275.56,286194.88

CyberShake_700_348.xml
357.89,339519.39
395.86,364355.12
281.45,290818.66
278.59,288885.89

CyberShake_700_349.xml
317.6,304110.98
354.68,335669.06
259.71,273253.92
256.96,266973.38

CyberShake_700_350.xml
312.13,301364.09
350.93,333307.59
261.13,274294.49
255.39,260988.67

CyberShake_700_351.xml
300.59,301986.46
326.6,318793.32
253.25,272355.07
246.71,268304.33

CyberShake_700_352.xml
290.52,287996.87
330.36,316428.64
243.18,259087.94
241.23,252889.54

CyberShake_700_353.xml
373.66,346221.4
413.25,373065.68
287.4,291613.24
284.55,289355.64

CyberShake_700_354.xml
324.86,312712.99
366.1,343360.71
259.46,270160.42
258.25,264575.34

CyberShake_700_355.xml
315.43,314237.46
354.24,339735.64
258.03,276555.23
259.12,277188.07

CyberShake_700_356.xml
291.36,295982.41
320.53,315179.55
245.93,269054.65
247.22,269199.31

CyberShake_700_357.xml
287.38,284193.59
329.01,316396.98
250.27,267260.88
236.52,247893.74

CyberShake_700_358.xml
300.9,296363.62
325.57,315776.75
248.61,265375.39
243.02,254602.89

CyberShake_700_359.xml
333.46,315711.57
373.65,349924.7
270.2,281019.81
269.78,279165.75

CyberShake_700_360.xml
297.8,300713.06
336.39,325938.73
249.59,269980.11
247.91,269138.63

CyberShake_700_361.xml
287.35,297932.41
328.17,325050.01
244.14,268864.32
245.94,269845.67

CyberShake_700_362.xml
310.51,302122.01
344.47,330488.85
256.16,272278.84
258.82,268598.79

CyberShake_700_363.xml
335.02,320550.42
372.41,348245.7
265.15,278912.56
255.24,263726.69

CyberShake_700_364.xml
301.23,295040.87
330.37,317137.98
263.89,274636.94
242.62,253352.42

CyberShake_700_365.xml
282.72,294928.27
304.95,309416.75
240.16,265388.88
237.38,264749.2

CyberShake_700_366.xml
280.56,281404.84
312.13,304757.74
243.44,262143.58
235.28,255974.45

CyberShake_700_367.xml
326.35,318802.64
361.89,340762.61
270.11,284570.81
261.47,275920.26

CyberShake_700_368.xml
299.09,294136.94
330.16,317548.6
249.32,266912.7
244.59,262685.73

CyberShake_700_369.xml
280.42,288439.82
321.36,315222.11
245.05,267572.08
240.15,263855.2

CyberShake_700_370.xml
308.55,302908.84
344.16,330406.67
257.67,273410.21
254.34,267271.9

CyberShake_700_371.xml
376.4,345875.51
413.7,377224.53
296.62,300294.43
289.07,292850.38

CyberShake_700_372.xml
295.83,297350.03
333.4,324423.88
255.38,274106.34
249.61,267054.3

CyberShake_700_373.xml
312.56,305704.5
345.18,329756.52
273.58,284550.11
251.23,263804.33

CyberShake_700_374.xml
302.11,308884.32
332.98,328968.71
253.55,275463.39
248.38,272728.61

CyberShake_700_375.xml
298.96,300519.76
337.44,324851.53
254.21,271763.17
246.04,263964.14

CyberShake_700_376.xml
321.39,309833.38
357.26,334657.25
263.07,275286.89
254.71,269020.9

CyberShake_700_377.xml
317.99,306261.2
353.77,332599.51
252.88,267404.17
250.02,257565.25

CyberShake_700_378.xml
300.93,302356.56
331.57,322153.83
259.63,277339.07
249.18,270238.71

CyberShake_700_379.xml
345.73,335360.45
376.02,355405.66
271.38,286209.01
271.09,285855.2

CyberShake_700_380.xml
292.47,287693.53
327.74,313533.93
238.48,253957.78
236.81,247958.78

CyberShake_700_381.xml
281.49,277763.01
319.97,309432.29
239.86,256389.86
238.55,253892.78

CyberShake_700_382.xml
323.01,307970.06
354.12,334655.33
256.9,271098.5
257.51,261643.49

CyberShake_700_383.xml
368.22,343214.34
400.94,367317.89
284.75,292798.6
281.33,289406.56

CyberShake_700_384.xml
317.83,313883.48
350.51,334917.7
260.08,275947.24
254.13,272080.76

CyberShake_700_385.xml
309.05,304112.23
343.39,327059.5
255.02,272872.4
250.7,268978.4

CyberShake_700_386.xml
301.34,301682
337.6,324373.95
261.39,276457.54
240.63,257300.11

CyberShake_700_387.xml
293.67,294875.86
329.53,318453.29
250.54,269073.07
245.2,265069.35

CyberShake_700_388.xml
306.59,305632.46
345.71,331359
258,274710.12
251.69,270467.34

CyberShake_700_389.xml
291.41,291777.14
326.65,316166.49
241.04,261747.91
237.78,254672.32

CyberShake_700_390.xml
295.29,294814.14
335.85,324269.54
252.84,270008.9
250.34,264252.91

CyberShake_700_391.xml
317.14,304907.85
346.19,330539.49
257.87,272586.24
250.43,258077.21

CyberShake_700_392.xml
304.87,299946.81
337.87,323135.09
251.38,268608.54
245.68,259234.31

CyberShake_700_393.xml
305.88,299916.36
335.3,320432
259.09,272279.57
248.38,264018.81

CyberShake_700_394.xml
325.07,323304.98
364.12,348972.79
263.12,280660.49
262.09,280660.98

CyberShake_700_395.xml
355.94,342843.12
392.06,366512.18
279.74,292955.95
278.42,292041.43

CyberShake_700_396.xml
381.51,355612.79
420.82,381626.31
291.74,297527.94
291.84,297044.29

CyberShake_700_397.xml
334.38,327240.15
374.76,353872.72
270.82,286562.69
268.57,285067.91

CyberShake_700_398.xml
320.53,309624.33
361.59,340924.25
260.27,275250.74
258.49,265798.31

CyberShake_700_399.xml
307.13,298272.1
345.3,326549.74
248.86,262390.69
249.16,257719.47

CyberShake_700_400.xml
312.32,304885.7
350.97,331763.43
271.59,281354.72
253.98,267249.97

CyberShake_700_401.xml
296.54,292101.92
333.31,321259.26
254.03,269673.65
248.9,266049.98

CyberShake_700_402.xml
298.34,295315.42
333.95,322360
256.58,273977.72
247.72,263546.98

CyberShake_700_403.xml
280.2,291080.79
310.21,310613.47
241.7,265431.5
235.42,261224.89

CyberShake_700_404.xml
305.89,305422.46
331.93,322120.34
255.97,275823.77
250.74,271618.78

CyberShake_700_405.xml
315.05,306558.6
346.15,327895.55
258.54,274186.55
239.89,260829.38

CyberShake_700_406.xml
287.77,297791
331.21,326428.09
245.9,270078.01
243.55,268912.47

CyberShake_700_407.xml
311.44,304049.92
341.74,323758.27
257.23,271889.18
249.73,266478.71

CyberShake_700_408.xml
284.22,281804.81
318.61,310712.91
239.51,259289.59
242.78,253424.51

CyberShake_700_409.xml
285.84,291944.2
324.92,317077.57
252.01,272697.77
241.19,262685.28

CyberShake_700_410.xml
306.28,304178.29
348.33,331227.46
261.16,277720.68
253.21,271042.21

CyberShake_700_411.xml
293.97,291268.73
327.08,316222.88
247.33,264871.37
239.03,257384.11

CyberShake_700_412.xml
302.21,303202.34
334.98,324733.75
259.79,280055.65
250.06,272968.84

CyberShake_700_413.xml
327.02,312192.31
366.17,341420.55
270.07,280104.16
263.67,271013.86

CyberShake_700_414.xml
303.08,298316.06
336.9,321951.72
250.39,268317.03
250.19,267464.45

CyberShake_700_415.xml
287.55,290115.88
317.19,309211.7
243.5,265130.81
239.14,261637.28

CyberShake_700_416.xml
279.63,286647.84
313.53,308792.03
239.81,262789.84
235.7,259686.92

CyberShake_700_417.xml
321.26,318037.01
353.05,338600.61
258.72,277406.76
257.01,275782.66

CyberShake_700_418.xml
301.79,305191.85
333.87,326146.06
248,268706.93
247.01,268945.17

CyberShake_700_419.xml
284.09,287597.21
307.99,303033.2
244.6,265318.66
237.38,260047.76

CyberShake_700_420.xml
323.79,311401.89
364.8,341879.5
265.2,276430.47
255.57,261881.58

CyberShake_700_421.xml
282.86,292742.75
316.89,315063.23
244.8,268908.8
239.8,265530.98

CyberShake_700_422.xml
299.22,297412.97
311.98,307805.75
246.62,264606.08
236.45,250850.95

CyberShake_700_423.xml
283.99,283675.01
323.79,313578.4
240.44,260126.89
239.56,252034.81

CyberShake_700_424.xml
310.96,302604.96
344.13,327919.28
250.83,267352.63
245.31,255833.87

CyberShake_700_425.xml
314.43,305697.88
348.01,331902.36
262.27,277681.72
254.5,271127.47

CyberShake_700_426.xml
317.51,306455.13
351.52,331260.81
261.37,275003.37
253.63,268553.16

CyberShake_700_427.xml
319.58,317102.98
348.74,336210.44
258.48,276088.34
257.52,275960.65

CyberShake_700_428.xml
283.85,282624.87
319.7,313202.91
239.99,260721.83
241.77,252507.24

CyberShake_700_429.xml
310.08,308492.48
338.95,327260.18
257.34,276004.65
251.77,271728.57

CyberShake_700_430.xml
302.67,296276.32
345.22,326153.58
245.07,261487.5
243.76,253011.13

CyberShake_700_431.xml
359,336680.13
399,363880.41
282.01,288929.96
278.86,286603.63

CyberShake_700_432.xml
337.84,317712.51
375.23,348850.36
271.68,279415.49
269.68,276969.42

CyberShake_700_433.xml
318.62,305877.23
341.13,322862.21
256.66,269516.46
252.98,265437.19

CyberShake_700_434.xml
275.35,286220.66
319.87,315302.57
240.8,264803.23
238.87,263798.85

CyberShake_700_435.xml
296.06,293660.05
322.81,313855.52
248.24,265813.4
243.03,259405.25

CyberShake_700_436.xml
283.5,280676.11
322.72,313538.15
243.33,260746.76
240.28,256275.09

CyberShake_700_437.xml
290.51,299807.38
320.69,319469.31
245.36,270126.15
240.23,266789.15

CyberShake_700_438.xml
326.88,316485.57
361.41,338848.42
265.71,278841.31
259.25,272457.23

CyberShake_700_439.xml
302.92,310255.93
345.21,338361.75
273.84,288797.55
252.99,276266.66

CyberShake_700_440.xml
348.53,330570.05
376.84,351960.09
268.72,280320.67
262.93,269400.87

CyberShake_700_441.xml
290.44,290049.63
323.04,314424.74
243.39,262363.48
241.07,254664.17

CyberShake_700_442.xml
313.06,312919.28
340.16,330597.6
254.27,272177.5
250.67,270655.48

CyberShake_700_443.xml
301.59,302567.29
317.33,312268.18
257.34,274680.64
246.06,262025.59

CyberShake_700_444.xml
320.33,313691.13
351.63,333877.26
259.64,273783.48
253.51,270200.11

CyberShake_700_445.xml
281.76,291912.57
313.45,312616.35
241.49,265002.76
236.65,262351.97

CyberShake_700_446.xml
310.67,302381.87
354.07,334719.27
271.42,282631.82
256.48,270691.11

CyberShake_700_447.xml
283.57,295150.82
312.18,313742.62
242.77,266680.15
236.99,263893.36

CyberShake_700_448.xml
292.37,296753.99
333.43,323551.27
242.35,265210.63
240.71,263928.04

CyberShake_700_449.xml
293.97,295097.12
323.05,314785.97
246.66,268547.94
242.36,264939.54

CyberShake_700_450.xml
305.91,299280.2
348.51,329671.66
254.88,268625.52
250.92,261606.21

CyberShake_700_451.xml
313.62,308737.47
350.24,333828.09
258.6,276506.63
255.8,274068.09

CyberShake_700_452.xml
330.26,317805.57
369.32,345775.29
272.75,284358.42
265.36,278739.12

CyberShake_700_453.xml
309.03,302357.37
333.65,320136.96
257.66,271309.98
236.06,254701.18

CyberShake_700_454.xml
285.16,283988.3
323.65,312597.85
246.56,264302.23
237.81,257607.75

CyberShake_700_455.xml
311,299835.93
348.85,330621.41
260.23,273295.7
240.69,250014.66

CyberShake_700_456.xml
318.02,305706.5
337.52,324730.01
257.25,272611.8
257.11,265827.4

CyberShake_700_457.xml
352.1,329351.29
385.51,352522.08
275.69,282642.6
268.46,276810.51

CyberShake_700_458.xml
329.16,315351.82
372.39,347841.46
267.08,279186.09
266.78,274171.05

CyberShake_700_459.xml
296.29,297017.84
335.93,323876.16
255.51,271973.34
242.47,260852.91

CyberShake_700_460.xml
305.37,302469.8
331.75,318501.41
261.5,276544.19
248.49,266124.21

CyberShake_700_461.xml
312.76,307292.03
341.97,329390.46
262.96,279515.75
255.25,273709.32

CyberShake_700_462.xml
272.57,284366.06
313.76,311466.41
235.58,260314.9
238.13,261914.07

CyberShake_700_463.xml
294.04,290315.52
325.57,313323.43
248.7,265081.35
239.88,258394.56

CyberShake_700_464.xml
302.4,302345.58
331.34,320738.2
249.87,268553.71
244.07,264911.11

CyberShake_700_465.xml
311.04,299302.79
341.77,322645.93
264.17,273194.63
238.59,247598

CyberShake_700_466.xml
286.45,292765.36
319.32,314058.34
242.12,266123.61
240.38,264462.07

CyberShake_700_467.xml
358.21,333377.65
396.37,364776.31
278.11,285258.97
281.37,282287.95

CyberShake_700_468.xml
332.61,315099.56
373.41,346613.22
270.67,279470.73
267.54,277050.19

CyberShake_700_469.xml
340.53,323820.76
379.4,353247.87
264.2,276780.62
254.11,262366.05

CyberShake_700_470.xml
336.38,324432.56
372.31,347959.51
271.33,283985.61
268.08,281674.52

CyberShake_700_471.xml
301.7,302757.91
343.05,330367.18
252.65,272215.33
252.87,271822.18

CyberShake_700_472.xml
331.05,317764.28
359.94,340361.42
257.33,273915.48
245.74,256581.42

CyberShake_700_473.xml
345.47,332404.36
383.62,357762.03
271,283005.08
271.5,283292.13

CyberShake_700_474.xml
291.56,285786.01
333.89,320717.8
241.03,260482.38
240.11,249609.66

CyberShake_700_475.xml
291.22,294613.06
326.36,317300.08
254.23,272415.19
243.15,265221.27

CyberShake_700_476.xml
287.9,287656.34
326.63,316398.95
240.37,260545.99
237.62,249599.28

CyberShake_700_477.xml
285.68,285657.53
329.1,318975
243.44,264178.06
242.3,254559.79

CyberShake_700_478.xml
293.53,294764.67
329.23,321196.74
256.41,274226.5
247.23,266704.7

CyberShake_700_479.xml
303.96,308766.72
345.24,336089.7
257.35,277625.31
252.93,275384.36

CyberShake_700_480.xml
302.17,298105.84
342.99,328233.48
259.78,273984.7
240.88,254203.5

CyberShake_700_481.xml
276.14,281007.57
318.46,309738.89
243.13,263117.08
237.62,258626.85

CyberShake_700_482.xml
347.2,326877.76
362.04,339081.51
266.13,277302.33
246.84,255491.64

CyberShake_700_483.xml
281.11,285132.06
324.12,312941.87
241.03,259497.02
237.17,255335.72

CyberShake_700_484.xml
295.86,294000.37
336.23,324787.33
248.44,267092.51
246.61,259460.26

CyberShake_700_485.xml
316.29,316083.59
348.27,337010.33
261.02,279168.75
255.39,275331.41

CyberShake_700_486.xml
322.87,313174.87
350.03,332349.29
266.96,281261.67
257.39,273663.54

CyberShake_700_487.xml
359.01,340732.47
397.67,366405.17
280.53,290464.36
278.46,288718.08

CyberShake_700_488.xml
346.51,331687.85
379.49,353464.62
270.4,284404.2
270.44,283701.51

CyberShake_700_489.xml
289.46,292254.13
320.37,314805.54
249.14,268729.14
242.3,262214.77

CyberShake_700_490.xml
311.39,308995.63
337.09,325966.99
255.8,273506.16
250.37,269577.17

CyberShake_700_491.xml
334.09,322681.4
365.86,343427.82
269.45,283015.93
266.15,280168.59

CyberShake_700_492.xml
282.77,286014.22
312.77,305372.79
240.06,261051.35
234.63,256547.64

CyberShake_700_493.xml
286.45,286104.14
325.28,313351.57
244.11,262012.07
240.96,259554.49

CyberShake_700_494.xml
307.56,298983.55
330.44,317619.84
253.73,269410.48
248.47,263455.7

CyberShake_700_495.xml
319.14,309342.28
355.26,336538.11
255.8,273177.5
255.2,265137.41

CyberShake_700_496.xml
310.17,305352.25
345.07,329179.19
259.65,275097.39
251.65,267644.34

CyberShake_700_497.xml
289.54,290603.04
326.2,315585.17
242.92,262753.23
238.8,258366.74

CyberShake_700_498.xml
291.23,293758.82
333.67,321408.37
256.2,273439.69
240.48,260900.49

CyberShake_700_499.xml
336.65,319488.96
368.45,344558.87
264.96,274266.64
263.18,270045.52

CyberShake_700_500.xml
373.27,354494.14
406.74,376324.14
286.78,295255.35
282.13,292889.32

CyberShake_700_501.xml
326.72,313896.13
359.99,338144.37
274.24,283670.23
258.81,270957.42

CyberShake_700_502.xml
294.79,296267.76
330.57,319420.38
253.38,273042.56
245.14,266650.66

CyberShake_700_503.xml
296.17,289255.68
339.09,324403.21
252.86,268365.43
247.06,253879.55

CyberShake_700_504.xml
292.1,291550.37
326.63,316987.01
249.58,265738.07
244.76,257894.11

CyberShake_700_505.xml
275.04,289498.48
309.82,311988.16
244.19,268243.19
235.82,262905.58

CyberShake_700_506.xml
310.46,309521.03
335.11,325678.2
254.72,273705.9
250.8,270981.88

CyberShake_700_507.xml
305.69,308210.14
340.07,330586.49
254.17,274289.02
249.94,271957.16

CyberShake_700_508.xml
279.87,287025.56
319.98,313208.58
242.86,264673.9
237.94,261311.65

CyberShake_700_509.xml
287.9,299092.67
319.2,319643.09
252.35,273832.15
238.81,265778.61

CyberShake_700_510.xml
294.63,295739.88
324.55,315389.95
247.7,266091.89
243.37,263331.4

CyberShake_700_511.xml
316.24,307027.6
357.63,336381.61
265.03,275462.47
258.53,268382.45

CyberShake_700_512.xml
284.5,286587.54
314.17,306257.17
241.25,262114.9
238.14,259420.65

CyberShake_700_513.xml
300.96,290484.93
343.41,324261.78
249.57,261842.82
241.42,248277.63

CyberShake_700_514.xml
294.45,293461.72
326,316470.21
249,267282.88
244.33,261873.24

CyberShake_700_515.xml
334.81,323263.68
361.99,339492.89
263.35,273090.94
255.13,266381.96

CyberShake_700_516.xml
296.1,290876.11
330.58,317472.42
244.99,261228.01
245.21,258772.27

CyberShake_700_517.xml
290.79,289625.17
326.59,315961.26
253.34,269419.57
239.49,258095.04

CyberShake_700_518.xml
298.82,293583.87
336.47,321593.47
255.7,270324.67
244.65,261573.15

CyberShake_700_519.xml
296.39,295966.48
325.02,317350.03
251.28,269142.68
247.31,264542.14

CyberShake_700_520.xml
312.09,300535.09
351.71,332792.34
259.74,272086.57
255.52,259677.7

CyberShake_700_521.xml
300.23,294368.6
332.3,323440.73
247.33,266270.12
247.21,257161.76

CyberShake_700_522.xml
322.88,307306.25
361.16,339069.88
264.05,275336.62
260.32,270617.25

CyberShake_700_523.xml
315.44,306805.35
348.9,330754.6
256.29,270822.61
249.49,264758.46

CyberShake_700_524.xml
295.13,293347.78
336.84,323516.88
249.65,266933.15
243.84,257573.56

CyberShake_700_525.xml
299.43,296419.01
330.77,319142.36
251.78,269463.88
245.29,264458.72

CyberShake_700_526.xml
289.48,293547.81
328.51,319303.93
247.29,267513.42
244.34,265004.4

CyberShake_700_527.xml
300.5,296327.68
339.85,325882.54
249.8,265118.21
248.74,258647.97

CyberShake_700_528.xml
304.2,303072.89
337.36,324785.3
255.41,273681.52
249.8,269309.9

CyberShake_700_529.xml
288.61,286201.3
327.09,314277.2
241.5,259476.73
238.02,253489.19

CyberShake_700_530.xml
297.02,301120.71
328.34,321837.66
248.71,270376.64
242.91,266227.92

CyberShake_700_531.xml
319.47,306519.75
359.28,334791.45
262.18,272429.64
258.28,269179.89

CyberShake_700_532.xml
326.71,313576.22
357.98,335438.96
252.66,264538.54
244.71,256267.42

CyberShake_700_533.xml
312.64,306563.85
340.68,325440.66
257.01,273469.79
251.73,269656.93

CyberShake_700_534.xml
348.31,329872.52
378.08,351180.23
261.13,273631.68
253.07,260801.42

CyberShake_700_535.xml
294.23,296770.24
325.96,317212.62
243.01,263538.89
239.61,261224.81

CyberShake_700_536.xml
270.58,280833.16
309.59,306721.99
236.87,259990.43
234.03,257921.2

CyberShake_700_537.xml
324.62,323629.55
358.67,346041.88
260.7,280887.87
261.36,280968.51

CyberShake_700_538.xml
372.71,351966.05
412.6,378138.36
286.55,295237.62
287.45,295406.59

CyberShake_700_539.xml
305.92,300251.65
335.4,319724.75
250.8,267232.26
245.86,263509.33

CyberShake_700_540.xml
306.02,301486.79
345.27,329943.02
258.12,274959.06
254.03,271894.71

CyberShake_700_541.xml
309.26,307087.52
337.68,325305.53
261.94,277459.09
251.75,270465.34

CyberShake_700_542.xml
289.67,287873.5
326.84,315706.8
262.11,273299.99
241.85,254368.48

CyberShake_700_543.xml
296.86,296989.78
326.86,318464.9
250.19,268724.91
247.56,264727.47

CyberShake_700_544.xml
380.27,349522.48
408.58,371317.44
293.46,297531.63
285.46,290901.63

CyberShake_700_545.xml
314.37,308532.43
346.74,331225.72
260.03,275912.91
241.01,255449.07

CyberShake_700_546.xml
279.49,280905.43
318.94,309304.63
245.02,263343.71
236.36,256545.89

CyberShake_700_547.xml
325.62,315069.56
362.32,340485.4
266.8,281337.92
261.61,276660.96

CyberShake_700_548.xml
285.76,285697.5
326.48,316274.83
240.24,260931.4
238.68,251046.25

CyberShake_700_549.xml
309.59,303347.66
339.53,326990.14
254.39,272105.88
251.41,265146.99

CyberShake_700_550.xml
299.51,294435.13
336.59,323739.12
261.32,275861.53
238.97,257389.66

CyberShake_700_551.xml
289.63,294800.81
322.53,314020.54
257.2,275082.92
244.05,265179.08

CyberShake_700_552.xml
309.21,299123.03
337.13,323905.79
258.25,272290.53
254.55,264494.86

CyberShake_700_553.xml
293.43,295965.42
332.04,321274.57
248.75,267123.07
243.11,263672.13

CyberShake_700_554.xml
304.81,310261.04
336.83,331514.9
252.57,274722.35
250.43,273652.48

CyberShake_700_555.xml
284.08,282621.55
318.59,307742.05
242.31,260253.79
235.04,254749.48

CyberShake_700_556.xml
281.79,282353.03
318.64,310397.45
241.01,259323.17
238.01,252745.43

CyberShake_700_557.xml
360.3,346100.78
395.3,369411.21
283.64,294909.43
277.28,290693.4

CyberShake_700_558.xml
314.4,315018.01
355.04,341616.42
255.95,275301.89
255.7,276021.46

CyberShake_700_559.xml
315.85,304487.1
343.03,325207.58
272.51,277852.18
244.06,252455.04

CyberShake_700_560.xml
284.46,288197.06
307.58,303290.49
241.9,263823.58
239.13,261321.12

CyberShake_700_561.xml
300.04,296027.54
334.39,320863.84
254.78,271649.47
246.96,265214.43

CyberShake_700_562.xml
319.92,318092.87
346.99,335265.18
260.27,278308.35
255.77,275635.28

CyberShake_700_563.xml
337.98,318563.56
375.04,349803.13
276.04,283858.45
272.85,280562.92

CyberShake_700_564.xml
336.46,325879.07
372.21,349739.35
269.24,282162.67
261.45,276387.45

CyberShake_700_565.xml
299.44,297497.67
335.8,322834.56
263.52,273209.01
239.58,253363.22

CyberShake_700_566.xml
316.45,307857.01
335.99,322713.99
266.73,279600.52
236.8,256663.81

CyberShake_700_567.xml
292.63,290503.16
333.01,318780.64
251.93,268783.13
244.68,262858.2

CyberShake_700_568.xml
285.32,290787.84
318.06,312145.43
245.84,267989.14
241.35,264507.32

CyberShake_700_569.xml
288.77,296336.13
321.1,317361.87
241.74,264830.18
238.16,262196.77

CyberShake_700_570.xml
325.02,309304.07
355.3,336222.43
258.84,273107.7
258.43,264876.02

CyberShake_700_571.xml
292.87,287502.07
330.43,318523.83
249.3,264823.99
244.15,252980.82

CyberShake_700_572.xml
304.14,302416.25
328.04,318278
260.56,276771.26
243.59,263177.06

CyberShake_700_573.xml
296.73,304095.35
319.98,319246.31
248.39,272034.97
243.11,268557.67

CyberShake_700_574.xml
283.98,286332.67
311.96,304958.85
247.64,267585.75
237.47,258894.59

CyberShake_700_575.xml
349.1,335471.04
386.83,360428.74
277.11,289358.86
276.06,288433.82

CyberShake_700_576.xml
283.37,287920.52
326.39,318423.77
251.23,271857.5
244.81,265628.42

CyberShake_700_577.xml
337.4,320776.68
376.06,349258.83
268.74,278321.08
267.35,272922.4

CyberShake_700_578.xml
300.06,301070.5
322.82,315969.59
272.07,286001.76
247.43,268938.01

CyberShake_700_579.xml
289.84,298384.66
325.84,321866.88
244.21,267693.77
242.14,266377.91

CyberShake_700_580.xml
323.38,313123.87
368.11,345893.35
277.15,286746.61
251.36,262004.12

CyberShake_700_581.xml
285.98,285148.12
325.47,315119.42
245.03,262406.34
242.37,255346.21

CyberShake_700_582.xml
299.63,304236.2
330.51,324297.41
249.2,271160.49
246.98,270186.56

CyberShake_700_583.xml
288.55,296913.68
319.74,317510.47
240.51,264718.92
239.16,263802.71

CyberShake_700_584.xml
325.1,309835.96
360.31,339799.94
266.37,278337.52
264.2,273326.87

CyberShake_700_585.xml
282.97,293452.1
312.16,312439.79
241.96,265845.11
237.53,263488.14

CyberShake_700_586.xml
291.42,297498.57
324.43,318800.03
241.76,262947.44
238.62,261752.9

CyberShake_700_587.xml
291.27,301793.31
324.36,323341.02
252.93,275976.42
244.69,271139.92

CyberShake_700_588.xml
305.59,300497.48
342.39,328525.86
265.78,280076.8
240,253853.47

CyberShake_700_589.xml
294,298799.54
332.38,324158.52
253.23,274267.7
249.52,271449.77

CyberShake_700_590.xml
306.27,305091.12
338.35,325806.32
265.55,281170.39
249.86,268179.61

CyberShake_700_591.xml
383.1,349926.23
421.82,381787.79
295.05,298107.65
292.26,295232.19

CyberShake_700_592.xml
304.04,300021.05
336.28,321484.36
251.71,268968.09
247.76,266207.9

CyberShake_700_593.xml
302.66,296183.38
330.1,315587.65
252.79,265882.99
245.26,259685.65

CyberShake_700_594.xml
284.05,291623.46
323.29,317462.67
255.28,273927.23
240.2,263845.6

CyberShake_700_595.xml
319.1,309090.23
353.62,333342.79
260.78,274994.3
254.01,269740.74

CyberShake_700_596.xml
355.14,343270.61
375.84,356954.27
275.02,288954.33
274.1,288337.03

CyberShake_700_597.xml
289.42,296821.65
320.79,317610.06
250.19,272314.42
242.5,266779.88

CyberShake_700_598.xml
328.59,309289.01
368.95,342754.84
263.32,273302.01
261.37,266437.99

CyberShake_700_599.xml
326.11,315766.54
352.47,335043.02
258.5,273185.91
254.65,264128.28

CyberShake_700_600.xml
289.02,287063.36
319.52,309962.7
243.03,260913.79
239.13,256627.22

CyberShake_700_601.xml
301.77,297763.19
339.21,323640.11
269.64,281276.84
241.55,261795.05

CyberShake_700_602.xml
291.61,298623.25
322.46,319135.25
248.69,271226.13
244.43,268788.29

CyberShake_700_603.xml
308.47,302090.73
343.17,327591.43
264.58,277379.73
254.88,269885.67

CyberShake_700_604.xml
278.06,288157.21
318.73,314692.41
235.76,258186.62
233.94,258028.55

CyberShake_700_605.xml
377.53,354371.68
415.36,379218.28
289.67,297326.63
289.2,296922.99

CyberShake_700_606.xml
302.05,300348.82
336.19,322815.57
254.23,270781.45
246.84,265967.04

CyberShake_700_607.xml
346.87,329208.28
377.99,352388.85
266.01,280189.18
250.47,260930.73

CyberShake_700_608.xml
318.48,307400.54
346.78,329380.11
259.78,273367.51
256.12,270105.05

CyberShake_700_609.xml
309.75,306753.02
337.46,323791.72
249.71,264774.7
243.84,258768.38

CyberShake_700_610.xml
307.32,308637.81
338.69,329363.37
256.05,276820.32
250.72,272552.62

CyberShake_700_611.xml
287.53,282589.03
316.48,308303.19
241.64,259876.29
241.49,253573.62

CyberShake_700_612.xml
324.64,319318.37
357.81,340810.96
264.13,281583.11
259.85,278808.01

CyberShake_700_613.xml
362.71,333657.1
391.17,358637.79
282.79,287705.62
281.24,282126.73

CyberShake_700_614.xml
311.44,297862.68
348.33,329091.81
250.09,263447.25
250.01,254232.79

CyberShake_700_615.xml
299.36,294848.23
334.25,321036.7
255.47,271223.94
246.27,262281.16

CyberShake_700_616.xml
295.27,293128.83
335.66,321566.53
266.87,278992.85
244.53,256749.21

CyberShake_700_617.xml
313.32,302038.86
348.28,331313.21
263.65,274906.07
253.36,259304.61

CyberShake_700_618.xml
313.05,304845.62
345.15,328742.59
258.01,272400.57
241.55,254147.89

CyberShake_700_619.xml
297.44,304406.77
326.28,323003.6
250.17,271912.17
243.66,268566.92

CyberShake_700_620.xml
298.78,302073.81
329.63,322116.64
248.09,269022.35
244.73,266709.4

CyberShake_700_621.xml
323.57,307662.26
354.76,335212.43
258.33,270788.77
256.74,260876.73

CyberShake_700_622.xml
285.02,281705.42
326.4,315728.59
247.52,264446.1
241.32,250597.88

CyberShake_700_623.xml
342.31,325809.35
372.27,347128.8
277.06,285498.16
269.18,277656.22

CyberShake_700_624.xml
341.51,324507.17
372.49,349306.01
268.41,282007
252.54,262003.37

CyberShake_700_625.xml
296.39,300909.61
327,319738.1
272.5,289282.26
247.82,271287.7

CyberShake_700_626.xml
355.06,337702.36
396.02,364768.7
277.11,286821.96
281.42,289607.77

CyberShake_700_627.xml
312.48,312772.2
345.81,334426.57
259.25,277404.18
253.59,273897.62

CyberShake_700_628.xml
284.03,295761.77
319.93,319572.39
241.05,265726.61
239.29,266028.83

CyberShake_700_629.xml
312.46,311577.03
349.03,336128.33
253.4,272080.35
255.13,273248.96

CyberShake_700_630.xml
373.18,351407.03
413.61,378214.32
284.86,292908.64
287.7,294276.16

CyberShake_700_631.xml
312.4,305067.32
346.2,329538.67
250.74,266369.53
247.78,259114.28

CyberShake_700_632.xml
304.57,304390.92
336.35,325389.35
253.65,273300.39
242.64,265832.37

CyberShake_700_633.xml
313.56,312056.6
347.1,334315.47
255.64,274990.61
252.33,272594.16

CyberShake_700_634.xml
278.75,293202.05
308.79,312638.17
242.59,268944.42
238.84,266443.37

CyberShake_700_635.xml
287.81,297338.56
323.19,320565.95
262.81,281421.1
241.96,268146.09

CyberShake_700_636.xml
339.9,321244.82
370.58,345614.02
273.31,282733.94
264.42,275057.14

CyberShake_700_637.xml
320.62,315515.63
355.16,338560.32
274.65,286391.04
258,273186.06

CyberShake_700_638.xml
294.18,295742.69
329.85,319686.51
252.34,271020.53
243.46,261612.29

CyberShake_700_639.xml
298,296425.14
340.22,325542.71
252.73,270025.72
249.46,267582.05

CyberShake_700_640.xml
317.96,309548.39
344.36,328348.24
270,282648.58
252.64,269044.43

CyberShake_700_641.xml
304.13,297715.42
336.11,321066.15
240.91,255423.71
239.22,250684.84

CyberShake_700_642.xml
363.25,340641.73
396.94,364732.51
285.27,294334
278.6,288344.85

CyberShake_700_643.xml
358.99,333987.69
401.4,366192.93
283.17,288693.88
278.71,285386.64

CyberShake_700_644.xml
302.8,304044.64
344.92,331236.72
258.33,275661.94
251.6,271204.39

CyberShake_700_645.xml
315.17,302501.19
353.41,333676.56
258.66,271804.19
257.1,267245.19

CyberShake_700_646.xml
290.33,296919.01
324.64,319245.9
247.5,269204.42
241.29,265063.52

CyberShake_700_647.xml
272.89,287899.31
312.08,313625.75
240.93,266412.13
237.07,263628.01

CyberShake_700_648.xml
308.05,309859.99
334.57,327040.7
252.34,272995.49
250.5,271911.53

CyberShake_700_649.xml
343.66,327568.2
380.6,354068.7
273.76,282365.02
266.51,271967.7

CyberShake_700_650.xml
283.51,287014.49
321.12,311701.77
241.09,260894.6
236.88,257914.08

CyberShake_700_651.xml
336.87,323763.62
365.36,343582.86
270.6,282874
263.04,276588.05

CyberShake_700_652.xml
325.1,314135.65
348.91,332324.75
281.52,289337.54
245.85,257270.17

CyberShake_700_653.xml
295.05,292523.45
332.41,319789.17
248.1,264164.43
245.05,257757.12

CyberShake_700_654.xml
282.35,283380.47
319.06,311365.92
249.02,267847.35
242.37,258300.71

CyberShake_700_655.xml
277.89,286870.66
315.96,312126.81
245.54,266801
239.16,263141.9

CyberShake_700_656.xml
311.73,304415.08
345.17,328797.12
258.42,274092.74
253.31,270467.03

CyberShake_700_657.xml
311.64,307249.29
352.4,334300.66
257.16,274065.07
254.95,272170.42

CyberShake_700_658.xml
294.75,300983.27
329.54,323657.55
255.03,276630.69
242.83,268045.34

CyberShake_700_659.xml
312.32,313697.4
349.41,338169.36
256.88,276089.08
253.41,273830.98

CyberShake_700_660.xml
319.67,316178.88
358.62,341970.44
259.24,276502.4
259.87,276710.63

CyberShake_700_661.xml
289.11,292493.13
335.51,325240.32
255.03,275040.87
247.41,269405.42

CyberShake_700_662.xml
303.81,307352.88
340.78,331552.83
255.31,274369.41
251.57,272577.09

CyberShake_700_663.xml
295.36,301641.07
326.97,322434.46
249.29,270584.13
242.49,266631.61

CyberShake_700_664.xml
273,282651.73
310.14,306613.11
238.7,261418.17
232.89,257411.21

CyberShake_700_665.xml
305.16,297005.78
344.82,326550.91
255.68,270099.74
249.71,265316.54

CyberShake_700_666.xml
298.89,304519.5
324.72,321290.42
246.11,269186.59
246.5,269867.41

CyberShake_700_667.xml
329.36,316736.39
360.78,340001.09
263.45,276881.84
242.8,253822.45

CyberShake_700_668.xml
291.04,298818.26
320.94,318358.43
243.66,267259.78
240.54,265113.06

CyberShake_700_669.xml
283.63,284085.01
310.99,306705.55
248.06,265911.64
240.68,259717.53

CyberShake_700_670.xml
294.52,294927.39
327.19,316494.27
252.39,270798.44
243.28,263038.71

CyberShake_700_671.xml
309.73,299223.45
343.05,327403.99
250.31,266652.53
252.32,259665.09

CyberShake_700_672.xml
309.98,305144.15
345.72,329156.7
263.47,277115.1
253.66,268701.5

CyberShake_700_673.xml
279.38,284980.68
316.19,309398.5
249,269307.11
238.69,260301.55

CyberShake_700_674.xml
328.92,324467.66
362.19,346091.89
268.21,284980.42
262.42,281012.77

CyberShake_700_675.xml
288.99,298240.25
327.43,323582.08
247.26,271670.76
244.54,269749.26

CyberShake_700_676.xml
293.55,289912.62
331.42,317540.84
256.44,266447.41
235.59,247571.35

CyberShake_700_677.xml
305.9,300977.22
335.73,323792.1
255.62,272146.23
250.35,268018.03

CyberShake_700_678.xml
326.21,314550.25
356.66,335882.38
253.98,269548.71
239.25,255197.77

CyberShake_700_679.xml
291.52,299657.11
323.03,320179.36
253.73,273640.4
245.32,268671

CyberShake_700_680.xml
340.28,329022.25
379.24,354462.28
271.42,284480.01
269.25,283101.7

CyberShake_700_681.xml
301.57,309266.06
330.43,328205.41
253.46,276084.65
248.8,273651.53

CyberShake_700_682.xml
282.71,285319.2
312.74,306779.91
240.85,259783.8
236.54,254008.21

CyberShake_700_683.xml
285.23,289701.01
313.99,308470.59
246.1,266014.57
242.15,263148.57

CyberShake_700_684.xml
291.54,291374.32
317.41,309164.67
250.46,268476.8
242.02,260482.63

CyberShake_700_685.xml
301.25,296241.07
333.35,320763.36
250.33,266056.09
245.55,261661.82

CyberShake_700_686.xml
319.86,305798.09
354.54,335455.25
260.02,273134.32
261.79,268278.7

CyberShake_700_687.xml
286.57,294146.69
320.24,316275.48
249.13,270084.54
239.14,263721.61

CyberShake_700_688.xml
319.14,313726.47
353.04,335900.12
261.25,277286.84
254.59,272625.32

CyberShake_700_689.xml
310.88,302614.96
345.38,325641.68
252.35,263341.28
246.93,258630.28

CyberShake_700_690.xml
286.41,287153.67
324.26,315814.25
251.45,269769.48
240.73,262394.46

CyberShake_700_691.xml
293.76,296912.27
322.6,315426.17
249.08,269509.77
244.27,266110.73

CyberShake_700_692.xml
271.84,285981.18
308.96,310374.48
239.68,264591.66
234.71,261588.81

CyberShake_700_693.xml
284.25,295563.23
313.98,315106.46
243.16,268714.85
239.88,266384.31

CyberShake_700_694.xml
311.83,306790.16
345.39,327642.22
288.7,291821.92
236.49,253472.04

CyberShake_700_695.xml
279.84,288469.11
309.19,307746.66
235.38,258215.86
231.43,256046.37

CyberShake_700_696.xml
308.54,301718.25
350.33,333292
251.48,268263.31
248.95,258373.09

CyberShake_700_697.xml
326.88,309898.76
365.51,342274.31
266.28,274832.54
261.61,270374.52

CyberShake_700_698.xml
283.46,291540.31
315.53,312175.21
240.48,262951.26
236.65,260790.24

CyberShake_700_699.xml
288.54,300549.18
321.36,321868.16
249.69,274531.75
244.04,270372.04

CyberShake_700_700.xml
295.79,294740.9
327.12,316534.88
249.12,267694.04
243.84,263802.31

CyberShake_700_701.xml
313.16,313696.78
344.02,334068.05
255.96,275291.35
252.83,273787.4

CyberShake_700_702.xml
334.75,328213.15
363.88,347669.02
270.98,288150.02
266.06,284574.39

CyberShake_700_703.xml
305.23,302200.75
344.1,327986.18
257.98,274513.25
251.54,269575.07

CyberShake_700_704.xml
326.27,321815.83
360.68,344451.62
258.75,277335
259.7,277783.78

CyberShake_700_705.xml
304.7,304346.79
339.88,327661.57
256.51,276087.43
247.98,269571.88

CyberShake_700_706.xml
303.7,298478.89
338.32,324033.55
245.19,262964.3
240.96,253077.02

CyberShake_700_707.xml
312.91,309022.94
340.33,326809.48
264.63,280403.01
257.25,274663.37

CyberShake_700_708.xml
335.53,327344.71
366.46,347324.96
267.86,283360.05
263.42,279581.11

CyberShake_700_709.xml
345.26,332207.38
376.28,352586.88
271.94,284593.44
267.6,281754.45

CyberShake_700_710.xml
284.67,283978.47
316.94,311912.65
239.63,260867.94
238.67,250155.4

CyberShake_700_711.xml
323.67,322938.96
354.19,342514.07
260.96,279908.11
266.47,284006.23

CyberShake_700_712.xml
288.91,291563.84
321.05,312928.35
252.48,271492.62
243.58,265044.14

CyberShake_700_713.xml
308.05,300308.53
345.3,329094.33
249.82,267371.5
246.28,256128.81

CyberShake_700_714.xml
320.63,310671.98
344.36,328673.54
273.06,282679.92
256.13,268374.2

CyberShake_700_715.xml
284.02,285345.54
318.89,309570.57
241.26,260196.54
234.54,252421.78

CyberShake_700_716.xml
282.22,283889.22
320.63,312858.19
242.6,262286.99
239.63,254768.21

CyberShake_700_717.xml
287.02,294774.94
321.19,317260.68
243.4,266774.03
239.99,264867.21

CyberShake_700_718.xml
324.2,317450.26
359.24,338982.53
260.54,276422.27
255.41,270120.22

CyberShake_700_719.xml
278.59,283313.51
313.24,307830.1
257.79,273402.09
240.64,258151.82

CyberShake_700_720.xml
374.51,348981.9
412.97,374668.8
288.8,294602.07
288.2,293898.18

CyberShake_700_721.xml
332.51,317794.72
364.89,341611.55
270.87,282763.04
262.32,275781.67

CyberShake_700_722.xml
289.99,293466.33
323.76,315650.49
242.68,263896.39
239.48,261463.54

CyberShake_700_723.xml
294.63,288571.04
325.99,314636.56
251.96,266392.62
243.44,251711.88

CyberShake_700_724.xml
350.95,333950.32
388.76,357398.52
271.79,282594.06
267.04,275572.56

CyberShake_700_725.xml
295.78,296328.89
326.5,318905.41
259.46,277451.79
241.49,264779.78

CyberShake_700_726.xml
301.94,308631.52
331.9,327936.66
249.17,272780.86
242.24,269398.44

CyberShake_700_727.xml
291.2,292569.65
327.05,316121.1
254.49,273323.55
243.33,264647.42

CyberShake_700_728.xml
298.73,294185.25
332.46,318807.95
249.16,264339.75
243.84,258648.07

CyberShake_700_729.xml
286.93,297551.62
325.98,322970.65
244.35,267609.99
241.28,266953.14

CyberShake_700_730.xml
312.35,308706.84
346.4,329941.21
262.93,275415.72
239.75,257054.84

CyberShake_700_731.xml
289.23,297609.47
325.08,321209.45
246.4,269302.71
241.47,266511.99

CyberShake_700_732.xml
339.35,318802.2
374.08,348058.6
266.79,278270.33
268.75,269596.75

CyberShake_700_733.xml
286.17,284700.64
320.26,314114.67
242.38,263066.75
242.77,254503.81

CyberShake_700_734.xml
372.65,354069.82
413.39,381099.41
287.97,298463.97
288.99,299056.89

CyberShake_700_735.xml
298.64,299288.08
339.34,324819.69
254.82,272823.92
245.36,261522.93

CyberShake_700_736.xml
328.27,315055.66
363.42,339958.71
254.42,268024.43
250.26,257495.92

CyberShake_700_737.xml
311.67,306035.18
343.31,330717.87
258.49,275549.15
254.21,270116.64

CyberShake_700_738.xml
290.6,286810.38
320.1,308769.79
237.95,255228.47
234.67,245738.52

CyberShake_700_739.xml
302.19,299287.18
340.75,327457.93
259.1,274823.88
253.03,268122.33

CyberShake_700_740.xml
287.72,295791.31
318.78,316272.18
243.1,265592.05
238.5,262976.53

CyberShake_700_741.xml
333.93,320057.71
369.02,343010.28
262.64,275041.91
261.26,272576.72

CyberShake_700_742.xml
368.83,349911.23
406.56,375092.02
283.51,292412.8
282.02,291298.47

CyberShake_700_743.xml
293.33,289456.92
326.57,315824.71
248.83,265287.04
241.93,259544.45

CyberShake_700_744.xml
286.28,280804.37
328.3,314981.55
246.29,260399.55
233.66,243502.64

CyberShake_700_745.xml
319.67,314819.17
364.56,344268.26
268.59,283999.25
259.64,277449.81

CyberShake_700_746.xml
326.04,320376.34
359.96,342583.57
266.56,283325.1
259.52,278036.14

CyberShake_700_747.xml
283.87,294551.95
318.83,317381.51
246.03,268765.1
238.52,264857.47

CyberShake_700_748.xml
301.56,296232.41
330.73,318799.42
240.88,259913.99
237.33,249423.12

CyberShake_700_749.xml
348.49,335562.54
382.71,357895.76
271.61,284524.32
269,282461.47

CyberShake_700_750.xml
329.98,315949.58
355.97,335882.65
266.25,278994.62
260.96,274752.05

CyberShake_700_751.xml
277.89,278573.21
311.78,303456.25
237.86,257409.45
233.68,252769

CyberShake_700_752.xml
284.45,290477.54
324.32,317018.54
250.47,269431.27
240.36,262923.14

CyberShake_700_753.xml
298.96,304898.2
338.71,331017.63
249.05,271281.35
249.4,271481.49

CyberShake_700_754.xml
281.07,282734.8
321.71,313497.48
265.5,276433.12
240.2,253055.67

CyberShake_700_755.xml
291.62,296149.28
315.99,311967.93
254.48,274050.99
241.29,265168.4

CyberShake_700_756.xml
335,323501.73
368.88,345864.95
264.43,278708.32
262.31,277131.18

CyberShake_700_757.xml
320.51,310982.42
348.79,327550.35
262.44,275398.54
253.45,267299.19

CyberShake_700_758.xml
350.09,325673.29
387.96,358095.79
274.49,283031.34
273.3,275207.47

CyberShake_700_759.xml
321,308908.34
353.84,337818.44
263.64,277202.35
263.69,273138.99

CyberShake_700_760.xml
322.49,308187.24
361.55,340517.95
265.9,276410.26
260.33,263990.32

CyberShake_700_761.xml
293.63,291658.99
331.9,318834.99
257.24,272208.84
245.44,263171.67

CyberShake_700_762.xml
306.24,299816.7
329.35,318834.44
252.04,269585.61
249.26,265168.14

CyberShake_700_763.xml
298.21,291160.75
330.54,319542.33
246.06,264034.79
244.92,255115.41

CyberShake_700_764.xml
294.93,293002.97
334,321199.26
242.13,262111.42
241.23,254250.38

CyberShake_700_765.xml
305.96,297892.09
342.12,328113.05
257.63,272753.04
251.33,258602.95

CyberShake_700_766.xml
315.75,312731.18
328.23,320530.23
259.12,277763.98
255.24,274534.71

CyberShake_700_767.xml
333.31,317012.37
363.53,344126.37
266.83,279932.18
265.41,271709.36

CyberShake_700_768.xml
314.69,301698.21
347.72,330449.96
253.01,266047.36
251.19,256515.38

CyberShake_700_769.xml
328.73,314986.41
355.53,336136.95
265.06,277163.92
260.27,272181.79

CyberShake_700_770.xml
311.13,311449.28
340.27,330329.74
255.74,273302.96
250.35,270638.43

CyberShake_700_771.xml
309.1,307836.72
337.55,326032.53
254.17,272256.18
251.13,270317.53

CyberShake_700_772.xml
322.94,314326.93
352.81,335703.52
267.64,283291.98
261.29,277913.21

CyberShake_700_773.xml
324.31,312104.13
351.15,333108.83
256.31,270857.42
248.63,259049.94

CyberShake_700_774.xml
374,353859.46
405.83,374866.89
286.79,295847.56
282.46,293286.47

CyberShake_700_775.xml
295.35,291271.25
336.72,320606.72
245.94,261985.22
240.65,251158

CyberShake_700_776.xml
319.48,318441.28
358.66,344070.54
258.22,276973.43
261.16,278922.07

CyberShake_700_777.xml
291.94,288933.72
325.4,313811.53
244.94,263104.09
240.86,258242.43

CyberShake_700_778.xml
322.63,312941.48
358.45,336293.07
260.93,273836.63
253.95,266828.56

CyberShake_700_779.xml
311.27,300823
341,323164.7
255.37,268259.41
248.03,262553.28

CyberShake_700_780.xml
276.57,278589.72
307.85,303153.41
235.04,254206.53
233.46,248525.58

CyberShake_700_781.xml
305.4,312093.74
339.39,334493.03
255.23,276911.09
246.92,272795.07

CyberShake_700_782.xml
319.21,305983.55
350.59,330488.73
259.66,270891.66
253.52,264182.25

CyberShake_700_783.xml
314.41,315434.35
356.77,343382.69
268.12,285385.71
258.91,279331.54

CyberShake_700_784.xml
288.59,296795.53
321.86,318231.3
245.65,269443.96
240.66,266011.86

CyberShake_700_785.xml
338.75,325662.67
375.12,349517.28
274.93,286236.25
265.29,277525.79

CyberShake_700_786.xml
301.57,295304.99
335.21,319894.68
265.09,274491.18
241.7,252825.5

CyberShake_700_787.xml
298.47,296401.99
335.57,323198.82
253.79,271801.79
249.17,266697.46

CyberShake_700_788.xml
330.58,316240.45
366.56,343091.94
269.36,281730.18
262.05,275598.62

CyberShake_700_789.xml
283.46,290961.76
315.65,311754.27
249.45,270479.01
239.6,263801.62

CyberShake_700_790.xml
320.69,309904.19
359.75,337846.48
258.23,271701.79
253.81,262527.22

CyberShake_700_791.xml
310.52,312528.25
337.63,330310.65
257.45,277729.76
251.2,273305.53

CyberShake_700_792.xml
337.04,323718.1
368.7,344326.32
271.06,284523.36
265.15,279343.18

CyberShake_700_793.xml
291.12,286169.43
322.66,313363.24
257.47,271530.38
234.8,246415.29

CyberShake_700_794.xml
274.83,288846.24
313.66,314494.6
242.87,268598.21
238.67,265567.67

CyberShake_700_795.xml
356.14,330956.57
389.09,356878.81
267.42,278636.2
249.95,258080.05

CyberShake_700_796.xml
346.98,332893.01
380.79,354614.54
275.28,287820.88
269.62,283398.82

CyberShake_700_797.xml
305.97,301195.81
346.85,328178.58
254.75,270380.05
251.34,267807.86

CyberShake_700_798.xml
360.61,335018.54
389.32,360764.79
279.48,288362.82
277.45,278223.35

CyberShake_700_799.xml
273.97,285899.72
304.72,305690.62
234.47,260156.13
231.1,257825.3

CyberShake_700_800.xml
298.33,291075.45
327.79,317441.3
252.93,267796.92
249.35,256082.25

CyberShake_700_801.xml
369.17,342345.42
407.99,372446.36
288.42,294014.06
284.8,290835.08

CyberShake_700_802.xml
276.3,277477.85
315.08,309009.22
237.28,257513.31
237.88,252276.64

CyberShake_700_803.xml
287.63,288154.63
306.7,300266.73
243.5,262950.34
237.33,258309.45

CyberShake_700_804.xml
317.89,316673.31
350.02,337645.09
259.42,278970.53
256.61,276713.35

CyberShake_700_805.xml
277.44,288739.68
314.28,312903.04
242.77,266767.32
238.25,263766.9

CyberShake_700_806.xml
311.3,311287.35
351.93,337845.96
254.72,273668.44
254.62,273489.3

CyberShake_700_807.xml
275.42,285093.5
311.54,308784.27
245.13,267768.99
238.66,262474.65

CyberShake_700_808.xml
289.12,297074.89
323.04,319288.61
244.92,266542.7
238.54,263163.33

CyberShake_700_809.xml
359.26,343398.47
393.35,365524.12
279.26,290278.51
275.47,287943.18

CyberShake_700_810.xml
305.92,299567.29
342.84,327318.14
258.27,273932.39
250.57,267410.27

CyberShake_700_811.xml
317.3,302467.78
362.68,335272.63
273.07,278157.34
253.86,260489.93

CyberShake_700_812.xml
330.26,323242.85
371.08,349972.29
268,283783.43
266.66,282687.22

CyberShake_700_813.xml
322.33,307514.46
364.16,341368.93
262.41,273258.51
262.09,264364.09

CyberShake_700_814.xml
321.91,304814.39
351.58,330298.51
253.69,266086.71
245.03,250487.06

CyberShake_700_815.xml
339.4,325068.03
367.85,345805.83
262.68,275499.53
257.38,265983.74

CyberShake_700_816.xml
301.76,296777.78
336.42,322230.47
254.72,270970.29
238.81,258468.68

CyberShake_700_817.xml
290.4,287238.63
324.28,311568.77
238.27,255176.52
231.93,244978.1

CyberShake_700_818.xml
348.49,327435.71
386.32,354563.82
272.73,280327.49
269.62,275154.32

CyberShake_700_819.xml
315.05,306458.79
345.84,330085.89
261.82,277345.48
255.08,271269.01

CyberShake_700_820.xml
344.18,327239.92
378.07,351865.17
276.84,288043.27
271.49,282622.42

CyberShake_700_821.xml
290.58,287328.28
317.45,308875.45
244.9,261814.86
238.35,255392.75

CyberShake_700_822.xml
293.53,293314.69
326.63,318213.3
253.53,273704.48
245.67,266264.54

CyberShake_700_823.xml
346.38,332222.61
384.61,357133.96
274.64,286379.8
273.03,285142.22

CyberShake_700_824.xml
286.73,286699.88
311.67,305478.24
239.65,258786.19
237.31,255297.72

CyberShake_700_825.xml
292.86,300471.56
318.86,317061.44
248.08,270766.77
241.62,266407.54

CyberShake_700_826.xml
282.48,294419.38
312.22,313643.24
243.6,266941.64
237.97,264593.79

CyberShake_700_827.xml
301.11,303190.88
339.86,328805.4
255.94,276582.62
249.41,271739.29

CyberShake_700_828.xml
343.73,329869.78
383.55,355942.63
281.29,292302.07
272.53,285477.39

CyberShake_700_829.xml
310.02,313392.59
338.43,332388.51
251.75,273858.99
251.54,273605.65

CyberShake_700_830.xml
273.91,274114.84
316.68,308148.27
237.73,256543.09
236.76,247173.1

CyberShake_700_831.xml
274.34,278701.65
313.36,307510.4
242.62,262312.87
234.64,253798.25

CyberShake_700_832.xml
341.07,319838.8
373.87,347674.35
272.21,278415.15
273.22,275993.78

CyberShake_700_833.xml
282.25,292812.95
293.25,299449.23
244.87,268839.52
239.35,265309.68

CyberShake_700_834.xml
345.33,329396.33
375.23,351120.04
308.49,308392.34
256.17,264824.21

CyberShake_700_835.xml
285.68,288029.44
315.16,309534.98
242.42,263086.32
239.25,256260.39

CyberShake_700_836.xml
292.86,293045.41
326,318979.79
270.14,280764.66
243.15,258803.53

CyberShake_700_837.xml
313.67,311219.57
348.12,333935.99
260.52,279125.35
259.54,277888.86

CyberShake_700_838.xml
349.18,331005.09
377.07,352174.12
285.4,292683.07
251.8,262075.72

CyberShake_700_839.xml
279.62,286074.28
318.03,311157.58
246.94,267741.12
238.22,260636.13

CyberShake_700_840.xml
294.23,300454.16
318.34,316164.83
247.66,270258.96
242.88,266916.66

CyberShake_700_841.xml
291.44,288802.48
329.92,319799.62
260.31,273477.83
242.15,252973.63

CyberShake_700_842.xml
306.88,296476.85
332.33,319353.1
250.04,266201.03
247.91,254776.97

CyberShake_700_843.xml
281.58,282706.86
317.23,310899.21
241.47,262270.34
240.83,259644.39

CyberShake_700_844.xml
327.1,315074.38
364.54,342697.22
283.55,290012.34
264.31,274039.07

CyberShake_700_845.xml
317.6,309820.49
348.95,333156.18
263.76,279525.68
256.15,272737.83

CyberShake_700_846.xml
343.68,325129.53
369.65,342730.06
269.24,278970.43
265.89,276361.95

CyberShake_700_847.xml
304.23,304681.71
336.78,325810.76
256.55,275376.8
249.18,270289.5

CyberShake_700_848.xml
316.86,306965.46
344.26,327844
270.32,282767.4
241.73,262701.24

CyberShake_700_849.xml
300.55,301927.19
333.42,323439.35
250.84,271924.13
246.53,268722.41

CyberShake_700_850.xml
320.45,318842.58
355.5,342260.54
258.01,277398.87
258.27,277749.3

CyberShake_700_851.xml
303.5,296871.78
335.98,321605.94
249.24,266272.9
245.19,256957.33

CyberShake_700_852.xml
294.96,293913.47
334.14,323951.4
255.85,272103.54
249.02,264993.09

CyberShake_700_853.xml
311.69,303310.02
344.75,327622.7
244.66,260369.59
240.8,252176.06

CyberShake_700_854.xml
348.98,332116.36
376.67,350790.83
277.13,289154.88
271.43,284290.27

CyberShake_700_855.xml
297.94,293899.77
335.93,322415.72
244.9,262261.81
242.33,253444.93

CyberShake_700_856.xml
280.65,290275.55
316.73,311415.88
258.43,277843.79
242.64,265916.11

CyberShake_700_857.xml
288.11,288169.27
326.83,317297.22
242.76,262592.64
240.8,256586.49

CyberShake_700_858.xml
337.42,327151.4
375.11,352090.03
270.62,284355.51
267.7,282269.03

CyberShake_700_859.xml
306.25,307350.07
340.9,330367.96
254.63,274964.69
251.49,272160.08

CyberShake_700_860.xml
270.86,285114.47
308.57,309494.1
238.26,262133.13
234.86,260876.72

CyberShake_700_861.xml
332.75,318012.74
351.22,334274.52
266.41,280324.9
262.89,275465.66

CyberShake_700_862.xml
314.18,314162.55
354.46,340485.32
263.36,281408.19
259.52,278863.36

CyberShake_700_863.xml
313.74,309628.63
350.77,333742.46
260.23,275244.24
245.31,262752.87

CyberShake_700_864.xml
286.11,296871.41
321.74,320048.69
244.5,268583.89
239.55,265460.04

CyberShake_700_865.xml
293.87,293921.99
334.64,320555.16
261.08,277093.51
245.31,263273.18

CyberShake_700_866.xml
282.28,285392.55
320.65,311731.62
243.45,263408.33
240.54,261190.2

CyberShake_700_867.xml
294.36,302297.03
317.63,317461.31
250.98,273936.37
245.45,270285.2

CyberShake_700_868.xml
327.09,311853.7
365.11,343665.52
267.7,279639.56
264.44,275127.96

CyberShake_700_869.xml
331.45,317318.96
364.99,342873.5
264.5,277366.86
262.86,269381.9

CyberShake_700_870.xml
303.51,303589.15
337.34,325554.39
251.68,270577.81
247.89,268343.87

CyberShake_700_871.xml
300.68,294033.98
337.97,322217.08
255.41,268954.68
249.58,265024.4

CyberShake_700_872.xml
362.67,339417.84
395.79,362756.95
284.67,292346.52
277.74,287014.38

CyberShake_700_873.xml
274.28,276381.38
311.71,308180.95
238.29,260928.71
239.61,256607.52

CyberShake_700_874.xml
310.95,302828.82
347.24,326683.54
255.02,264329.63
239.56,251089.82

CyberShake_700_875.xml
305.5,307774.72
340.46,330843.46
256.9,276220.29
249.49,271384.66

CyberShake_700_876.xml
315.63,313621.03
352.07,337428.51
261.12,279507.71
257.46,276307.62

CyberShake_700_877.xml
281.69,286951.63
324.1,315316.48
246.97,269232.93
241.97,264519.68

CyberShake_700_878.xml
289.54,285415.47
332.62,320150.44
246.53,262950.41
245.39,253205.44

CyberShake_700_879.xml
286.71,289486.91
324.68,318843.41
248.55,269535.85
244.61,265250.73

CyberShake_700_880.xml
295.41,296766.76
331.04,318336.61
251.13,267949.78
239.4,258521.29

CyberShake_700_881.xml
325.48,309130.7
354.82,332900.61
259.39,271042.67
255.39,265273.51

CyberShake_700_882.xml
324.13,313915.97
358.58,339196.83
267.16,281441.58
261.45,277001.48

CyberShake_700_883.xml
296.74,295483.3
337.75,324383.36
259.06,275802.49
249.88,268472.18

CyberShake_700_884.xml
332.03,329960.36
371.81,356181.97
269.48,287026.14
265.9,285194.27

CyberShake_700_885.xml
288.26,290982.91
326.22,316885.86
246.3,266614.93
242.44,263244.02

CyberShake_700_886.xml
311.74,309562.5
344.56,330257.26
257.67,276352.46
253.59,273299.02

CyberShake_700_887.xml
351.93,334645.78
387.09,357817.97
281.19,290995.88
275.29,286220.99

CyberShake_700_888.xml
302.41,294494.24
329.11,318028.11
254.78,269136.23
251.96,257810.25

CyberShake_700_889.xml
293.22,287885.6
322.81,313002.59
246.9,263607.22
237.62,248309.53

CyberShake_700_890.xml
319.16,313753.24
353.84,336816.71
261.31,277025.7
259.33,275382.52

CyberShake_700_891.xml
291.36,296106.59
327.75,319719.27
246.88,267941.45
244,266175.28

CyberShake_700_892.xml
295.67,294686.12
325.59,318446.5
253.44,273322.37
246.5,267012.24

CyberShake_700_893.xml
280.49,279124.83
314.49,308115.21
236.37,255111.38
237.76,251273.05

CyberShake_700_894.xml
304.35,297549.52
332.31,322412.49
251.66,268157.82
251.44,259865.21

CyberShake_700_895.xml
274.91,276288.59
313.46,304014.17
239.75,255220.55
231.57,247607.86

CyberShake_700_896.xml
285.01,284909.83
322.05,311082.54
242.62,262486.45
236.8,257335.76

CyberShake_700_897.xml
271.52,271448.33
310.24,303306.71
236.56,254104.55
233.01,250182.25

CyberShake_700_898.xml
296.25,294626.35
336.48,322158.37
250.07,267529.76
246.74,264715.11

CyberShake_700_899.xml
280.14,286350.07
308.04,304744.64
237.89,260493.1
233.2,257331.82

CyberShake_700_900.xml
278.22,283372.13
310.92,304939.83
240.47,262188.89
237.34,259606.3

CyberShake_700_901.xml
310.2,303398.65
344.84,328118.8
256.99,272228.62
251.22,266162.71

CyberShake_700_902.xml
323.08,310448.84
360.71,339528.73
259.42,272458.15
259.52,266577.05

CyberShake_700_903.xml
350.33,333293.02
381.72,355906.42
268.43,281987.33
260.17,267301.9

CyberShake_700_904.xml
304.06,288138.07
326,316616.37
246.91,265581.26
242.05,254420.52

CyberShake_700_905.xml
302.92,295718.23
338.09,320711.63
253.45,267782.14
248.59,263698.02

CyberShake_700_906.xml
297.31,296302.61
332.77,319107.52
249.33,268279.08
242.26,260537.68

CyberShake_700_907.xml
311.33,307454.57
343.96,328511.92
259.61,275556.2
250.83,269631.82

CyberShake_700_908.xml
275.34,275597.53
298.78,296856.36
238.8,257569.17
237.83,247418.29

CyberShake_700_909.xml
312.81,303879.88
338.12,323188.08
259.22,272929.9
249.14,264965.79

CyberShake_700_910.xml
317.45,308179.73
349.96,332983.88
261.54,276486.15
262.75,275446.32

CyberShake_700_911.xml
297.02,299961.74
332.08,323303.17
250.86,273347.84
247.59,270722.32

CyberShake_700_912.xml
316.35,306840.1
348.1,330326.64
264.49,277172.99
241.18,257218.03

CyberShake_700_913.xml
276.84,287130.55
322.16,316637.58
247.43,269134.93
241.27,265149.03

CyberShake_700_914.xml
286.67,282588.05
321.38,312442.58
245.79,262264.26
239.89,248982.45

CyberShake_700_915.xml
348.39,324777.33
382.59,354426.64
274.14,282869.79
269.96,271050.65

CyberShake_700_916.xml
349.01,330006.85
379.96,352610.98
272.81,279304.55
265.13,270070.91

CyberShake_700_917.xml
366.19,336472.73
402.85,367577.02
283.81,287404.45
282.06,284653.09

CyberShake_700_918.xml
317.98,318126.79
345.9,336175.76
258.16,277188.29
254.81,275421.47

CyberShake_700_919.xml
286.99,288081.83
315.42,310306.14
242.13,262372.18
238.9,255960.27

CyberShake_700_920.xml
323.89,315641.16
361.27,340168.81
272.08,282509.72
242.09,257186.6

CyberShake_700_921.xml
327.56,314604.02
356.96,335853.58
261.41,273899.11
256.23,264060.75

CyberShake_700_922.xml
299.65,297409.58
339.51,325859.32
265.76,278501.88
249.23,265225.06

CyberShake_700_923.xml
305.11,297067.35
335.85,324100.95
251.33,268185.52
253.17,262259.64

CyberShake_700_924.xml
283.39,290751
318.27,313409.98
242.66,264726.96
239.43,262562.51

CyberShake_700_925.xml
303.53,306046.95
336.9,328345.39
255.81,275551.32
247.46,269834.29

CyberShake_700_926.xml
321.13,309449.21
356.08,336547.84
263.26,275635.59
259.51,271546.53

CyberShake_700_927.xml
315.93,305562.02
350.57,330513.86
248.52,263173.38
242.95,252783.35

CyberShake_700_928.xml
292.25,296593.69
328.67,320285.19
251.38,270152.43
242.07,264248.19

CyberShake_700_929.xml
302.77,293785.81
347.04,330137.16
254.73,268963.69
250.29,256148.26

CyberShake_700_930.xml
311.42,298314.33
343.95,326742.84
253.27,267148.18
250.72,256132.32

CyberShake_700_931.xml
280.38,292864.06
310.26,312249.19
242.64,266039.6
238.43,263973.47

CyberShake_700_932.xml
319.15,303486.13
360.41,338417.18
263.22,274100.63
260.62,270661.11

CyberShake_700_933.xml
381.97,351142.81
426.4,381781.75
293.12,295793.87
290.94,293808.87

CyberShake_700_934.xml
345.07,326830.54
379.74,350129.32
265.42,275331.44
263.92,269961.36

CyberShake_700_935.xml
362.37,335046.36
396.93,363326.05
286.61,291046.84
281,286136.82

CyberShake_700_936.xml
296.87,304548.38
326.28,323378.55
251.3,273665.02
246.52,271409.57

CyberShake_700_937.xml
293.38,293184.21
327.28,316602.87
247.46,266533.95
242.08,260992.11

CyberShake_700_938.xml
350.63,325388.36
388.13,357540.97
282.37,287649.2
275.7,281417.26

CyberShake_700_939.xml
302.71,306038.03
333.23,325878.98
251.07,271466.05
248.25,269671.65

CyberShake_700_940.xml
292.39,288399.84
334.53,322699.32
253.07,269244.39
251.3,267009.48

CyberShake_700_941.xml
296.71,296910.63
328.76,317270.31
249.59,268916.4
242.19,258703.27

CyberShake_700_942.xml
311.5,303356.1
349.68,331090.53
260.68,274913.95
236.94,249768.99

CyberShake_700_943.xml
279.29,287679.73
303.08,302869.79
242.67,266313.66
235.7,261101.95

CyberShake_700_944.xml
331.01,316143.87
362.17,339618.21
267.42,277336.31
265.24,273206.62

CyberShake_700_945.xml
305.7,311148.07
341.11,334466.58
255.43,277190.87
251.98,275336.03

CyberShake_700_946.xml
370.82,343757.39
413.21,378419.39
289.73,297313.98
290.73,292441.69

CyberShake_700_947.xml
287.91,286652.94
324.7,316015.69
248.64,266255.38
244.55,263465.78

CyberShake_700_948.xml
314.61,308367.5
341.42,326119.2
258.46,274783.79
251.68,269875.91

CyberShake_700_949.xml
303.37,296970.55
335.77,320615.22
246.02,262942.7
237.99,250128.61

CyberShake_700_950.xml
304.1,299579.36
340.03,324285.31
254.99,271193.54
247.72,263714.62

CyberShake_700_951.xml
349.32,327923.9
385.77,353632.36
277.55,285319.62
268.5,277811.02

CyberShake_700_952.xml
299.59,291321.72
342.14,326652.08
253.72,267112.47
248,254565.17

CyberShake_700_953.xml
329.76,315544.44
350.09,330709.32
267.62,279276.53
260.73,274206.66

CyberShake_700_954.xml
346.54,324845.85
382,355379.88
275.83,284462.62
275.44,281932.77

CyberShake_700_955.xml
308.57,304129.19
343.91,330654.78
252.07,271512.35
248.93,260921.12

CyberShake_700_956.xml
287.22,290573.54
323.03,315014.81
245.25,267526.07
240.19,262841.97

CyberShake_700_957.xml
292.33,298254.25
324.48,319503.65
243.4,265438.49
240.84,263829.25

CyberShake_700_958.xml
300.85,296738.77
337.7,323535.99
250.22,266866.35
246,262446.52

CyberShake_700_959.xml
329.97,314718.06
369.04,346070.94
269.85,280404.89
267.24,270363.77

CyberShake_700_960.xml
299.71,299634.56
333.68,321991.07
253.68,272546.26
246.37,267409.62

CyberShake_700_961.xml
319.15,309913.03
357.21,335149.16
265.03,277288.27
256.56,268608.96

CyberShake_700_962.xml
299.03,301181.69
332.65,321169.68
246.86,265805.3
242.22,260442.48

CyberShake_700_963.xml
340.05,321682.1
370.85,343975.89
267.84,277956.94
264.84,275261.11

CyberShake_700_964.xml
381.12,347401.7
421.99,379522.68
295.87,296645.47
290.45,292534

CyberShake_700_965.xml
281.93,279994.34
310.29,304705.15
237.33,257574.11
237.45,249829.61

CyberShake_700_966.xml
315.38,314081.23
354.32,339954.4
264.57,282578.46
261.12,279709.11

CyberShake_700_967.xml
299.9,296191.08
342.36,327344.45
250.09,267366.81
239.5,252506.98

CyberShake_700_968.xml
300.43,297071.33
333.04,319893.11
251.5,268017.68
246.54,262425.07

CyberShake_700_969.xml
282.75,286306.8
314.7,305646.89
249.34,267405.08
236.04,257964.48

CyberShake_700_970.xml
304.16,305470.95
332.42,323312.69
253.35,274019.81
249.44,271245.9

CyberShake_700_971.xml
300.48,302133.33
328.6,320318.63
251.11,271617.73
246.75,268743.64

CyberShake_700_972.xml
326.26,319262.76
360.87,341655.82
262.82,277909.42
258.1,275036.01

CyberShake_700_973.xml
299.29,303122.69
325.37,319504.46
247.59,269484.84
235.31,261176.2

CyberShake_700_974.xml
278.95,283503.09
316.97,309177.99
243.59,265447.16
239.3,261580.6

CyberShake_700_975.xml
304.51,299866.93
332.9,323070.65
255.18,273199.61
250.68,268167

CyberShake_700_976.xml
321.9,320025.67
363.18,346842.35
263.78,280721.52
262.81,280313.45

CyberShake_700_977.xml
291.43,296014.5
322.03,316032
246.21,267573.47
240.68,263233.05

CyberShake_700_978.xml
278.59,280126.8
308.51,301925.5
241.09,260385.2
231.07,252521.99

CyberShake_700_979.xml
307.84,300008.58
336.61,321887.08
252.77,267705.3
249.95,262199.32

CyberShake_700_980.xml
315.36,307738.08
343.66,330976.32
263.72,279740.07
257.36,266136.8

CyberShake_700_981.xml
290.97,291169.62
324.94,316368.86
248.14,267652.78
246.54,261741.79

CyberShake_700_982.xml
293.44,289590.11
324.72,317237.58
244.51,264638.57
247.79,258715.7

CyberShake_700_983.xml
292.49,295139.78
326.57,317437.04
251.64,269886.47
245.14,265778.7

CyberShake_700_984.xml
284.78,285915.44
316.15,309046.1
245.29,265294.19
239.49,259492.92

CyberShake_700_985.xml
316.88,308615.32
351.25,335227.72
264.98,279340.72
257.72,272954.24

CyberShake_700_986.xml
291.15,292387.68
322.7,312805.11
245.39,266079.12
241.43,263138.51

CyberShake_700_987.xml
281.57,290097.65
317.66,313367.09
244.05,267214.78
239.84,264384.73

CyberShake_700_988.xml
298.49,295857.78
330.53,317101.92
256.23,272628.11
243.5,262920.79

CyberShake_700_989.xml
305.38,299016.19
342.42,327613.77
252.65,268783.3
249.52,259417.27

CyberShake_700_990.xml
285.87,289545.14
312.97,307792.81
249.02,269254.38
242.34,264305.57

CyberShake_700_991.xml
294.37,289369.48
323,314906.15
244.32,263040.16
243.01,252919.72

CyberShake_700_992.xml
298.92,301868.06
330.04,322034.07
251.53,270887.79
243.21,265174.21

CyberShake_700_993.xml
290.22,296742.63
322.42,317475.13
243.82,266887.58
241.77,265472.59

CyberShake_700_994.xml
324.51,316092.01
361.58,338868.78
275.54,284217.92
256.14,268343.33

CyberShake_700_995.xml
305.97,300538.48
334.31,322023.32
248.29,264578.96
244.53,255799

CyberShake_700_996.xml
289.4,294201.07
322.89,315806.6
247.67,268523.04
242.68,265329.6

CyberShake_700_997.xml
310.93,313822.84
343.83,335185.2
258.83,277892.45
238.06,265051.59

CyberShake_700_998.xml
360.68,340315.27
393.35,362096.55
281.45,290471.87
275.65,285936.4

CyberShake_700_999.xml
302.7,302317.61
333.86,323941.13
257.92,277662.93
251.76,272589.53

CyberShake_700_1000.xml
301.76,303443.79
342.71,330430.65
250.13,269697.56
251.92,270804.88