CyberShake_100_1.xml
236.44,329730.17
234.67,322643.01
138.59,197151.02
130.42,184453.87

CyberShake_100_2.xml
272.43,379210.09
250.84,349434.17
159.89,225770.52
136.47,193493.45

CyberShake_100_3.xml
214.85,300684.52
193.34,270653.99
107.7,154539.75
107.68,154141.27

CyberShake_100_4.xml
209.93,293892.47
206.06,284043.03
105.3,151877.58
105.24,151054.97

CyberShake_100_5.xml
271.83,378994.3
263.62,367248.59
163.72,232502.83
145.06,205628.62

CyberShake_100_6.xml
253.45,353050.69
238.21,327678.88
150.73,212215.7
126.97,180547.76

CyberShake_100_7.xml
245.73,343288.8
238.66,332689.26
129.47,185556.1
123.11,175480.22

CyberShake_100_8.xml
245.15,341952.73
240.43,334275.39
122.83,175444.93
122.82,175230.93

CyberShake_100_9.xml
236.34,330079.37
228.34,317982.72
118.43,169397.02
118.41,168878.22

CyberShake_100_10.xml
258.25,359919.33
250.05,347842.88
163.66,231456.68
140.35,198625.09

CyberShake_100_11.xml
199.41,279856.25
197.15,275559.14
100.94,146096.17
100.22,144001.8

CyberShake_100_12.xml
263.64,364627
261.95,363186.64
145.68,206786.84
132.06,186935.92

CyberShake_100_13.xml
261.8,364783.96
250.34,348411.8
139.77,199214.02
131.15,186425.44

CyberShake_100_14.xml
254.88,355868.3
251.05,349737.51
146.87,209738.52
127.71,179260.17

CyberShake_100_15.xml
266.32,370755.64
265.75,368760.49
134.57,191938.2
133.61,189595.3

CyberShake_100_16.xml
268.59,373403.51
266.18,368660.77
158.3,223320.43
134.53,190725.14

CyberShake_100_17.xml
270.79,376856.91
267.92,371605.32
157.53,223382.37
135.66,192223.92

CyberShake_100_18.xml
250.36,347915.25
249.68,345491.95
125.46,178122.09
125.43,177600.07

CyberShake_100_19.xml
215.74,301717.54
203.72,284324.64
108.17,155726
108.11,154679.35

CyberShake_100_20.xml
223.92,313706.83
213.17,298054.32
115.11,165789.82
112.23,160878.56

CyberShake_100_21.xml
242.75,339117.43
219.7,306698.14
137.32,194027.26
126.89,180558.49

CyberShake_100_22.xml
199.47,279603.21
182.5,255564.91
100.01,143897.38
99.98,143620.11

CyberShake_100_23.xml
223.12,312386.14
217.29,303345.82
123.07,176985.07
111.83,160134.74

CyberShake_100_24.xml
255.95,356902.17
252.08,350453.91
133.13,190432.36
134.15,190140.51

CyberShake_100_25.xml
269.44,376232
258.4,360365.24
153.08,218382.96
134.97,192267.56

CyberShake_100_26.xml
226.02,316323.27
214.99,300353.71
127.31,182200.95
113.28,161753.35

CyberShake_100_27.xml
255.08,355418.62
251.35,348988.78
152.03,215543.72
127.78,181269.67

CyberShake_100_28.xml
242.71,338162.19
240.15,333685.86
140.02,198924.9
121.63,172565.37

CyberShake_100_29.xml
178.39,251255.28
161.47,226930.04
89.6,129736.22
89.56,129623.31

CyberShake_100_30.xml
253.58,353840.91
244.8,340130.03
127.34,181980.63
127.26,181035.38

CyberShake_100_31.xml
192.62,270850.3
163.08,229370.19
96.59,140691.97
103.76,148838.51

CyberShake_100_32.xml
250.92,350947.1
227.19,317113.69
125.76,180016.29
129.86,185348.64

CyberShake_100_33.xml
229.7,320628.36
224.72,312687.24
119.23,170796.46
115.1,163780.42

CyberShake_100_34.xml
261.19,364064.9
255.29,354736.62
147.44,209693.62
130.91,185808.49

CyberShake_100_35.xml
230.46,321734.9
224.55,312745.1
122.57,175349.87
115.5,164561.77

CyberShake_100_36.xml
247.09,344080.7
245.06,339967.29
132.22,188426.19
123.81,175314.93

CyberShake_100_37.xml
248.9,346615.68
247.32,343409.67
131.74,187831.87
131.4,185899.58

CyberShake_100_38.xml
211.67,296005.03
196.57,274264.77
106.11,152535.04
106.09,151855.02

CyberShake_100_39.xml
272.59,379698.73
270.76,376076.08
169.18,239316.39
136.54,193831.22

CyberShake_100_40.xml
236.41,330200.9
231.08,321797.5
130.11,185942.58
129.18,183266.4

CyberShake_100_41.xml
261.66,363662.8
260.13,360157.25
180.63,253586.31
131.08,185275.46

CyberShake_100_42.xml
266.07,370507.86
255.65,350770.16
148.45,211061.72
142.24,201048.65

CyberShake_100_43.xml
234.82,325586.85
230.98,321830.14
127.13,182123.96
117.66,167742.39

CyberShake_100_44.xml
268.81,374760.37
239.64,333126.54
147.58,210000.23
141.92,201236.02

CyberShake_100_45.xml
228.64,319044.72
219.61,305557.65
126.99,181030
125.58,177971.27

CyberShake_100_46.xml
219.77,307237.2
217.47,302870.76
119.47,169287.13
110.15,157068.62

CyberShake_100_47.xml
217.58,304609.6
209.27,292382.26
118.52,170275.82
109.04,156201.66

CyberShake_100_48.xml
261.83,364674.17
259.45,359974.55
153.68,218003.65
131.23,186133.21

CyberShake_100_49.xml
256.96,357522.1
244.35,339472.79
150.29,212677.41
128.74,182428.29

CyberShake_100_50.xml
205.6,289041.62
187.12,263163.29
103.08,149498.61
104.42,150797.19

CyberShake_100_51.xml
250.18,347671.23
243.3,337286.89
141.68,200444.53
125.33,177219.89

CyberShake_100_52.xml
243.32,337856.84
241.37,334020.27
154.06,216688.6
121.93,169563.84

CyberShake_100_53.xml
249.72,348834.88
244.09,340060.55
142.79,203950.8
125.12,178523.46

CyberShake_100_54.xml
251.07,349833.96
250.8,348045.85
131.49,187386.62
125.79,178432.23

CyberShake_100_55.xml
237.42,331198.86
223.02,310644.73
119,170164.42
118.96,169225

CyberShake_100_56.xml
250.82,349243.28
242.38,336539.51
128.93,184080.37
125.66,178045.3

CyberShake_100_57.xml
245.75,342277.43
234.85,326588.79
134.61,191619.8
130.86,185148.61

CyberShake_100_58.xml
253.21,354128.17
239.86,335273.96
126.91,181687.06
126.85,181818.28

CyberShake_100_59.xml
271.77,377182.13
267.42,369851.55
166.58,234292.83
136.14,191881.62

CyberShake_100_60.xml
249.41,348272.43
247.22,343964.74
147.98,210665.08
125.03,175491.46

CyberShake_100_61.xml
255.79,356406.01
248.74,341920.3
153.09,217150.99
128.15,182132.73

CyberShake_100_62.xml
243.14,338561.23
229.53,319021.14
121.85,173208.73
124.12,175846.86

CyberShake_100_63.xml
203.7,284847.3
200.12,275577.32
107.59,154487.66
102.11,145721.57

CyberShake_100_64.xml
247.14,344496.03
241.52,335754.97
129.59,185063.22
131.64,186241.11

CyberShake_100_65.xml
265.34,369767.31
263.1,365672.43
160.88,228107.31
132.95,188794.95

CyberShake_100_66.xml
266.45,372651.14
238.37,332778.63
133.9,193150.51
139.07,198887.27

CyberShake_100_67.xml
241.14,336943.18
234.32,326835.48
164,231825.98
120.84,172359.36

CyberShake_100_68.xml
243.46,339312.04
241.73,335665.99
137.12,195183.97
122,173218.47

CyberShake_100_69.xml
262.55,365071.61
256.24,355285.32
162.02,228350.24
131.51,185987.56

CyberShake_100_70.xml
237.1,330202.05
234.99,326472.54
118.91,169521.73
118.8,168442.08

CyberShake_100_71.xml
267.07,372234.44
254.11,353404.29
156.67,221855.83
133.8,190685.46

CyberShake_100_72.xml
245.42,341209.9
236.44,327982
123.01,175076.45
122.93,174223.42

CyberShake_100_73.xml
239.62,334476.59
232.04,323174.31
126.95,181826.89
120.05,171232.48

CyberShake_100_74.xml
231.72,323538.44
229.58,319673.97
122.72,175751.63
116.11,165518.28

CyberShake_100_75.xml
248.58,346186.48
240.7,331135
124.67,177931.6
124.65,177220.56

CyberShake_100_76.xml
243.96,341535.03
236.54,330399.15
136.25,195469.1
122.24,171941.96

CyberShake_100_77.xml
187.83,264755.12
181.23,254552.28
94.45,136866.88
96.19,139190.89

CyberShake_100_78.xml
217.73,304055.99
217.76,302811.81
109.23,157058.21
109.12,155326.86

CyberShake_100_79.xml
262.19,364189.97
258.63,357569.94
142.13,201155.16
131.37,185226.62

CyberShake_100_80.xml
219.06,305709.71
209.43,291717.55
109.86,157361.87
109.8,156536.94

CyberShake_100_81.xml
268.44,374060.05
259.55,361275.25
139.12,198579.12
134.47,191114.9

CyberShake_100_82.xml
261.85,364888.85
256.6,356593.51
133.34,190491.44
131.17,186405.21

CyberShake_100_83.xml
251.91,347577.8
242.36,336554.53
155.76,219785.4
126.19,178581.21

CyberShake_100_84.xml
260.83,360637.61
256.67,356499.56
158.85,223065.27
130.65,185536.29

CyberShake_100_85.xml
272.27,379043.18
265.84,369441.86
138.63,197967.68
145.96,203297.05

CyberShake_100_86.xml
209.2,292471.14
201.11,280528.38
104.91,150991.01
106.68,152371.63

CyberShake_100_87.xml
195.29,274482.55
173.96,244581.09
97.92,141633.42
97.9,141200.11

CyberShake_100_88.xml
239.17,333407.94
229.69,319609.43
130.65,184655.25
130.76,185158.33

CyberShake_100_89.xml
240.15,335585.28
228.24,318546.48
137.89,197082.43
120.34,171765

CyberShake_100_90.xml
219.28,307789.96
206.57,289311.31
114.02,164507.66
116.13,166563.7

CyberShake_100_91.xml
246.08,342449.18
244.83,339306.64
141.06,199867.53
123.29,174582.5

CyberShake_100_92.xml
237.41,331775.99
228.92,319222.64
129.76,185633.75
118.95,169729.28

CyberShake_100_93.xml
243.04,338622.7
230.86,320801.37
121.8,173674.16
121.74,172739.09

CyberShake_100_94.xml
160.45,227942.76
132.26,189250.48
87.44,129173.2
88.74,129335.33

CyberShake_100_95.xml
203.64,285552.52
198.7,277442.25
102.61,148094.34
102.08,146375.32

CyberShake_100_96.xml
243.84,339467.33
243.84,338155.92
126.34,180280.48
122.16,173110.15

CyberShake_100_97.xml
224.73,314479.88
213.4,298368.26
156.98,222270.82
123.26,172273.14

CyberShake_100_98.xml
267.46,372183.67
258.89,359509.49
159.43,225284.33
133.98,190753.32

CyberShake_100_99.xml
241.76,337493.06
240.29,334235.99
138.75,195852.27
131.87,186810.83

CyberShake_100_100.xml
231.28,323109
222.81,310643.32
124.88,178833.47
115.86,165331.23

CyberShake_100_101.xml
248.28,346857.9
242.28,337428.98
141.55,202113.19
124.41,177626.42

CyberShake_100_102.xml
227.11,317739.3
222.71,310522.46
145.28,206502.72
125.09,177692.02

CyberShake_100_103.xml
246.39,343215.94
228.32,317710.86
123.47,175714.45
123.46,175474.34

CyberShake_100_104.xml
259.13,360360.77
253.85,352024.34
139.25,197628.04
129.8,180938.48

CyberShake_100_105.xml
233.8,326899.87
231.78,322710.94
151.57,215307.38
117.15,167271.22

CyberShake_100_106.xml
197.09,276916.01
175.98,247465.56
100.97,145606.35
98.8,142379.88

CyberShake_100_107.xml
271.17,376430.84
266.43,368933.16
154.92,218825.3
135.83,191542.28

CyberShake_100_108.xml
200.73,282397.63
180.66,254622.08
102.28,148294.25
101.06,146051.84

CyberShake_100_109.xml
244.32,341133.1
237.43,330723.45
123.07,177026.61
122.41,174563.29

CyberShake_100_110.xml
236.62,329765.22
225.56,313768.78
166.19,234114.39
118.57,168382.97

CyberShake_100_111.xml
265.65,369575.56
257.75,357762
155.04,217848.79
133.07,188330.81

CyberShake_100_112.xml
235.61,329135.86
221.49,309188.05
121.1,173232.79
118.06,168824.06

CyberShake_100_113.xml
250.02,347160.32
244.47,337874.47
154.32,217254.29
125.29,176422.89

CyberShake_100_114.xml
236.58,330288.54
226.72,316176.48
161.61,228467.79
118.53,168950.39

CyberShake_100_115.xml
227.44,317926.15
215.78,301064.6
116.15,166932.14
113.97,162921.72

CyberShake_100_116.xml
214.07,299853.73
207.27,289609.76
111.45,160662.16
107.29,153517.11

CyberShake_100_117.xml
205.64,287525.64
197.71,275388.76
103.1,147791.38
103.09,147555.59

CyberShake_100_118.xml
189.43,266883.29
168.6,237139.84
95.23,138334.34
95.31,138038.44

CyberShake_100_119.xml
266.07,370446.73
257.38,357519.32
135.34,193087.85
133.28,189457.93

CyberShake_100_120.xml
254.5,355240.08
249.13,346900.09
150.6,214257.73
127.48,181513.74

CyberShake_100_121.xml
208.25,292106.44
197.13,276153.78
104.66,151056.53
104.36,150441.49

CyberShake_100_122.xml
216.47,302886.77
212.01,295753.08
119.14,171043.51
108.48,155149.67

CyberShake_100_123.xml
210.81,295275.87
204.06,285236.88
107.72,155160.73
105.68,151429.92

CyberShake_100_124.xml
251.32,349887
245.75,341623.56
140.55,199778.13
125.9,178577.41

CyberShake_100_125.xml
254.94,354935.25
249.67,346758.73
148.37,210263.9
127.71,181105.69

CyberShake_100_126.xml
171.55,242915.65
148.64,210447.99
87.45,128240.51
88.98,129433.6

CyberShake_100_127.xml
266.32,370455.5
259.64,360392.95
152.2,215531.88
138.35,195313.41

CyberShake_100_128.xml
232.02,323999.26
224.19,312110.62
116.29,166534.27
116.26,165877.3

CyberShake_100_129.xml
202.71,284215.44
185.86,260350.12
103.58,148790.88
101.6,145989.26

CyberShake_100_130.xml
209.61,293997.34
187.94,263697.49
105.06,151534.46
111.79,160300.43

CyberShake_100_131.xml
255.71,356905.73
249.57,347277.64
153.32,217619.17
128.1,182291.49

CyberShake_100_132.xml
246.2,343115.6
245.51,340890.8
126.61,180933.18
123.33,175130.43

CyberShake_100_133.xml
245.95,342318.7
229.35,318840.56
124.91,177842.4
123.56,175433.8

CyberShake_100_134.xml
222.86,313062.01
196.97,276472.99
111.71,160490.16
118.52,169829.87

CyberShake_100_135.xml
249.77,345380.63
238.43,330750.74
131.16,186532.84
125.13,177080.58

CyberShake_100_136.xml
227.26,317387.18
218.3,304421.46
114.62,164005.5
113.87,162665.09

CyberShake_100_137.xml
232.25,324587.62
223.17,311367.42
148.09,210152.21
125.05,177810.12

CyberShake_100_138.xml
235.03,328472.06
223.99,312541.48
141.27,201096.44
117.76,168172.11

CyberShake_100_139.xml
235.19,328674.09
231.5,323016.45
149.12,211806.25
117.84,168300.4

CyberShake_100_140.xml
180.4,254546.35
148.02,208709.37
90.48,132270.63
94.29,135784.01

CyberShake_100_141.xml
246.81,344327.61
234.06,325892.7
132.17,188730.31
123.67,175852.5

CyberShake_100_142.xml
265.57,366979.36
261.07,361875.97
147.67,209217.45
133.02,188051.05

CyberShake_100_143.xml
221.55,310538.87
218.73,305683.78
111.24,160689.32
111.94,160614.73

CyberShake_100_144.xml
234.72,327162.49
230.9,320785.68
121.27,173320.31
117.62,167116.48

CyberShake_100_145.xml
241.3,336162.42
230.36,320258.69
128.72,183370.93
120.91,171522

CyberShake_100_146.xml
246.72,343932.73
223.87,311452.37
123.64,176431.86
129.74,183978.37

CyberShake_100_147.xml
270.76,376426.01
264.42,366711.16
155.34,219693.53
135.64,191921.5

CyberShake_100_148.xml
262.56,365082.19
254.96,354165.35
138.14,195646.33
131.54,186729.62

CyberShake_100_149.xml
266.04,370741.72
244.41,340436.35
152.76,216425.76
139.32,197660.19

CyberShake_100_150.xml
266.99,370571.12
257.02,356132.68
161.87,227909.79
133.76,188761.33

CyberShake_100_151.xml
270.18,375209.49
268.26,371092.14
135.37,191868.5
135.78,191648.08

CyberShake_100_152.xml
225.29,314039.28
221.07,307247.97
112.92,161566.68
112.9,160733.51

CyberShake_100_153.xml
221.07,309246.95
221.11,308159.48
111.15,159630.28
110.8,158810.6

CyberShake_100_154.xml
262.02,365375.27
240.68,335630.82
131.31,187609.71
132.19,188551.17

CyberShake_100_155.xml
244.33,340942.37
215.73,300527.56
122.53,175534.97
129.43,183639.14

CyberShake_100_156.xml
264.06,367663.64
257.66,358007.93
158.58,224930.67
132.3,187939.98

CyberShake_100_157.xml
238.03,331255.29
236.77,328121.02
134.48,190882.18
119.28,168823.08

CyberShake_100_158.xml
244.29,340693.06
230.41,320332.87
122.75,175005.79
122.39,174147.77

CyberShake_100_159.xml
235.27,328270.7
226.65,315532.56
148.78,211067.45
117.87,168001.13

CyberShake_100_160.xml
259.73,361779.72
253.15,351587.04
130.18,185845.39
130.13,184516.77

CyberShake_100_161.xml
217.05,305086.91
193.55,272264.9
113.76,163856.48
115.7,166078.65

CyberShake_100_162.xml
221.13,310461.36
208.52,292732.2
137.12,195784.74
110.82,160019.05

CyberShake_100_163.xml
229.74,322164.73
217.6,304909.22
117.51,169086.84
116.48,167026.79

CyberShake_100_164.xml
212.71,297663.34
184.89,259445.44
117.03,166567.91
114.15,162897.76

CyberShake_100_165.xml
192.76,270961.36
183.05,257215.51
118.84,170177.5
96.6,140025.11

CyberShake_100_166.xml
262.77,364232.91
251.77,348008.66
134.06,189649.51
131.62,184942.32

CyberShake_100_167.xml
260.22,362020.67
254.27,352992.85
132.47,188854.7
130.41,185266.59

CyberShake_100_168.xml
252.71,350660.83
240.24,332717.93
157.98,222123.3
126.66,178712.72

CyberShake_100_169.xml
270.76,377705.47
258.29,359540.15
163.69,232290.33
135.64,192938.81

CyberShake_100_170.xml
271.62,377904.67
241.2,335528.62
136.21,193687.2
141,199431.38

CyberShake_100_171.xml
217.09,304619.79
199.89,280345.52
108.82,156935
108.79,156559.38

CyberShake_100_172.xml
173.84,245669.18
147.66,208818.87
87.7,127943.01
87.59,127175.69

CyberShake_100_173.xml
165.17,233743.3
135.64,192824.79
84.35,123512
86.07,125215.11

CyberShake_100_174.xml
226.13,315828.57
214.53,298913.49
113.4,162947.7
113.34,161693.66

CyberShake_100_175.xml
267.42,371932.28
263.97,366031.34
135.86,193406.92
133.95,189556.69

CyberShake_100_176.xml
261.87,364507.5
251.77,349738.87
135.45,193154
142.33,200969.21

CyberShake_100_177.xml
199.86,280563.87
194.48,272183.84
100.21,145308.73
100.18,144138.9

CyberShake_100_178.xml
257.86,358547.83
250.77,348090.74
129.21,183970.26
129.19,183022.17

CyberShake_100_179.xml
255.43,355526.97
247.7,343727.69
134.88,192012.84
127.94,181064.12

CyberShake_100_180.xml
254.42,355191.58
248.23,345471.23
143.6,204950.36
127.59,181742.66

CyberShake_100_181.xml
205.24,288702.17
189.31,265815.8
120,172377.24
109.7,158010.13

CyberShake_100_182.xml
243.48,339454.88
239.69,332858.05
122.57,175507.08
121.99,173122.42

CyberShake_100_183.xml
253.79,353171.62
252.22,349640.01
141.71,201177.55
127.17,180088.66

CyberShake_100_184.xml
209.48,293383.61
196.8,275377.28
108.94,156905.47
107.14,153240.73

CyberShake_100_185.xml
214.31,299342.97
210.87,293321.97
117.44,168070
107.4,152951.02

CyberShake_100_186.xml
255.66,356484.15
244.71,340486.38
169.23,238804.36
128.1,181915.4

CyberShake_100_187.xml
174.31,245684.55
162.63,228305.63
87.47,126675.6
87.43,126504.22

CyberShake_100_188.xml
226.45,316798.74
222.89,311113.03
132.04,188712.19
113.47,162238.25

CyberShake_100_189.xml
202.68,284152.23
199.93,279125.35
103.9,149840.69
101.62,145660.13

CyberShake_100_190.xml
246.26,343637.6
240.91,335045.39
135.41,193368.16
125.58,178522.63

CyberShake_100_191.xml
223.66,313027.61
217.93,304433.27
145.01,206223.61
124.28,176836.27

CyberShake_100_192.xml
261.86,364913.65
231.48,322556.44
143.38,202504.42
139.42,197341.31

CyberShake_100_193.xml
233.2,326003.91
221.17,308502.8
121.35,174111.26
118.8,169400.27

CyberShake_100_194.xml
182.05,256981.77
166.44,234983.95
91.34,133146.2
91.29,132739.72

CyberShake_100_195.xml
199.71,280554.13
194.86,272629.41
100.13,145014.19
100.12,144252.82

CyberShake_100_196.xml
234.63,327454.05
231.06,321544.55
123.25,176521.23
117.56,167443.29

CyberShake_100_197.xml
247.53,344706.07
242.24,335858.27
124.09,176434.62
124.04,176036.56

CyberShake_100_198.xml
244.64,340772.5
241.26,334723.15
135.93,193256.86
129.68,183285.68

CyberShake_100_199.xml
202.82,284518.38
182.66,256009.3
101.67,146316.79
103.82,149047.44

CyberShake_100_200.xml
257.99,358443.51
241.49,335131.56
145.13,203366.7
129.23,179615.52

CyberShake_100_201.xml
246.05,343216.07
238.8,332442.95
126.09,180480.39
123.26,175265.27

CyberShake_100_202.xml
161.21,228389.94
128.74,183086.82
80.88,118046.66
83.75,121907.76

CyberShake_100_203.xml
267.83,372940.97
263.63,362749.66
152.97,217239.61
134.18,190396.3

CyberShake_100_204.xml
217.98,304633.18
210.3,293163.94
113.47,162736.54
109.24,155699.48

CyberShake_100_205.xml
271.61,378089.84
265.85,369084.8
147.13,209493.79
146.85,207473.31

CyberShake_100_206.xml
268.01,372610.2
266.1,368571.05
134.29,191480.55
134.24,190005.77

CyberShake_100_207.xml
236.35,329913.58
233.46,324702.46
139.96,199086.9
118.42,165915.92

CyberShake_100_208.xml
270.61,376723.2
259.49,360633.06
159.71,226326.96
135.56,192102.8

CyberShake_100_209.xml
255.56,355788.01
254.98,353692.44
128.06,182717.48
128.05,182145.11

CyberShake_100_210.xml
194.25,273812.5
173.63,244686.48
97.89,142204.85
100.51,145414.27

CyberShake_100_211.xml
271.87,378566.04
252.2,351089.39
137.61,195565.1
136.2,193460.06

CyberShake_100_212.xml
228.76,319313.64
216.56,301750.84
135.83,192517.47
114.62,163325.06

CyberShake_100_213.xml
233.88,326018.54
231.28,321224.16
129.81,184919.28
117.19,166463.94

CyberShake_100_214.xml
228.3,318220.67
215.78,300116.36
146.17,206660.06
114.39,162329.78

CyberShake_100_215.xml
201.7,283173
191.32,268170.3
101.13,145991.53
101.12,145799.34

CyberShake_100_216.xml
260.61,362283.4
253.05,351104.18
130.63,185850.01
130.73,185386.38

CyberShake_100_217.xml
193.03,271353.85
163.75,230745.46
96.79,139460.78
105.74,151731.47

CyberShake_100_218.xml
236.52,330199.12
223.24,311260.28
121.64,173832.57
118.8,169168.72

CyberShake_100_219.xml
184.92,260943.54
153.89,217374.3
103.46,149753.09
95.78,138523.34

CyberShake_100_220.xml
204.71,287242.11
183.29,257107.32
102.63,147796.4
102.66,147921.21

CyberShake_100_221.xml
248.08,346556.99
242.04,337279.83
142.23,203094.26
124.27,177385.21

CyberShake_100_222.xml
253.43,352528.57
243.86,338409.54
139.6,198369.14
126.98,179844

CyberShake_100_223.xml
217.55,304914.02
209.5,292909.8
113.19,163015.27
109.04,156290.69

CyberShake_100_224.xml
271.83,378691.18
264.38,367221.8
149.65,212871.96
136.17,193246.89

CyberShake_100_225.xml
205.28,288045.54
201.45,281469.02
104.75,151612.46
102.88,147588.13

CyberShake_100_226.xml
262.83,365583.13
251.91,349916.51
182.24,255991.67
131.67,186386.88

CyberShake_100_227.xml
187.38,263258.31
183.77,256783.55
93.97,135921.47
93.96,135632.45

CyberShake_100_228.xml
206.31,289198.61
195.67,273689.79
104.57,150893.31
103.41,148291.41

CyberShake_100_229.xml
205.32,286665.23
205.36,285272.81
104.12,149224.8
102.92,146258.99

CyberShake_100_230.xml
267.3,372851.25
237.01,330256.68
134.1,190551.77
139.48,197972.13

CyberShake_100_231.xml
262.69,364592.5
262.38,359968.32
131.6,186685.57
131.6,185733.49

CyberShake_100_232.xml
176.04,248537.89
144.38,204477.05
88.33,128689.04
91.32,132007.99

CyberShake_100_233.xml
271.46,378264.93
267.97,372514.3
136.58,195316.69
135.98,193396.52

CyberShake_100_234.xml
264.29,368261.75
256.68,356492.67
165.78,234599.36
132.42,187990.81

CyberShake_100_235.xml
268.02,373247.69
264.82,367690.87
144.55,205986.56
134.28,190435.14

CyberShake_100_236.xml
246.29,344798.28
237.11,330956.06
135.04,193772.48
123.45,176614.03

CyberShake_100_237.xml
216.25,303262.19
201.17,281976.99
108.4,156546.89
108.47,156161.42

CyberShake_100_238.xml
216.91,303701.21
200.46,280813.5
109.63,157698.93
108.66,155805.6

CyberShake_100_239.xml
177.93,253119.95
151.05,215882.98
89.24,132651.39
97.46,142021.92

CyberShake_100_240.xml
246.39,343461.09
243.36,338251.4
133.71,190928.93
123.45,175466.6

CyberShake_100_241.xml
231.17,323218
229.02,319157.86
147.01,208931.2
115.84,165437.97

CyberShake_100_242.xml
218.2,305163.28
196.98,275876.92
109.7,157309.6
109.36,156338.73

CyberShake_100_243.xml
248.38,346830.12
222.01,309516.29
137.54,195679.86
128.28,182410.74

CyberShake_100_244.xml
235.11,327742.65
232.97,323634.77
117.81,168608.03
117.8,167822.02

CyberShake_100_245.xml
266.1,370058.98
255.39,354409.68
140.23,199276.96
133.31,188811.51

CyberShake_100_246.xml
260.63,363484.3
249.8,343389.35
130.79,187040.53
130.55,185401.58

CyberShake_100_247.xml
266.08,369324.38
264.83,366272.38
133.32,189283.58
133.3,188024.45

CyberShake_100_248.xml
246.34,343700.85
225.18,313638.71
140.08,198333.43
130.56,185117.01

CyberShake_100_249.xml
258.49,360076.54
244.61,340062.77
129.52,184725.37
129.5,184084.97

CyberShake_100_250.xml
174.14,246367.83
153.81,217384.43
88.14,129043.15
91.55,132847.67

CyberShake_100_251.xml
209.22,292924.81
204.78,285620.61
111.84,160870.14
104.86,150101.33

CyberShake_100_252.xml
263.55,367357.07
252.21,351227.47
158.17,224237.01
132.01,187553.23

CyberShake_100_253.xml
202.66,285422.58
177.02,249651.77
118.17,170386.55
109.14,157264.42

CyberShake_100_254.xml
263.58,367856.95
258.09,359408.73
164.3,233067.95
132.03,188257.24

CyberShake_100_255.xml
253.03,352133.75
249.78,346722.28
127.24,181680.49
126.76,180076.4

CyberShake_100_256.xml
257.96,359242.33
249,346218.7
157.53,221782.75
129.22,183559.62

CyberShake_100_257.xml
253.64,353704.57
233.64,325702.59
127.16,181571.35
127.09,180758.04

CyberShake_100_258.xml
224.26,314052.01
217.36,303625.97
142.18,202557.01
112.38,160949.63

CyberShake_100_259.xml
231.18,323692.35
202.91,283629.29
124.5,177559.44
126.19,180145.35

CyberShake_100_260.xml
231.61,323404.71
213.07,297614.6
116.08,165912.73
116.22,165830.65

CyberShake_100_261.xml
257.26,359031.5
246.48,343640.93
144.08,205334.7
128.9,183538.15

CyberShake_100_262.xml
271.86,378117.81
263.32,362237.14
150.32,213223.6
136.18,192795.58

CyberShake_100_263.xml
251.66,350502.31
247.26,343047.31
126.1,179999.1
126.06,179814.58

CyberShake_100_264.xml
211.75,296675.68
196.38,275182.01
108.2,155654.75
106.11,152587.42

CyberShake_100_265.xml
260.67,362930.29
233.15,324167.73
131.81,186653.21
136.14,192326.1

CyberShake_100_266.xml
204.79,286985.92
196.38,274280.21
104.19,149957.04
102.79,147658.34

CyberShake_100_267.xml
232.78,325165.6
213.49,297580.1
116.67,167403.81
119.02,169570.94

CyberShake_100_268.xml
206.99,289879.22
194.9,272423.59
130.26,184972.63
103.85,148737.76

CyberShake_100_269.xml
205.47,287724.84
175.45,245238.06
111.44,160916.59
110.55,158090.45

CyberShake_100_270.xml
228.74,318741.25
211.9,294942.76
122.39,174495.46
114.63,162856.2

CyberShake_100_271.xml
176.78,248617.36
158.22,222164.72
88.67,128342.44
89.54,129253.36

CyberShake_100_272.xml
217.93,304967.95
199.43,278280.91
109.24,156224.58
109.43,156464.54

CyberShake_100_273.xml
267.79,372410.44
266.45,368973.56
134.19,190977.78
134.14,190163.4

CyberShake_100_274.xml
236.9,331051.48
232.35,323283.7
118.73,169930.83
118.73,169721.77

CyberShake_100_275.xml
241.82,338946.92
234.95,328869.4
132.71,190942.14
121.48,174315.09

CyberShake_100_276.xml
231.67,323960.61
220.84,308541.61
120.31,173207.13
116.08,166111.84

CyberShake_100_277.xml
239.93,334556.69
231.87,322233.06
128.57,183350.63
120.22,170605.2

CyberShake_100_278.xml
259.09,360572.74
249.16,346024.98
144.38,205017.69
129.8,183979.09

CyberShake_100_279.xml
265.82,369859.28
252.67,351022.76
133.28,189483.7
133.17,188757.5

CyberShake_100_280.xml
225.52,315197.38
221.96,309559.41
116.44,167164.79
112.99,161589.1

CyberShake_100_281.xml
265.69,370937.06
258.91,360781.91
138.7,198503.7
133.09,189900.6

CyberShake_100_282.xml
253.62,353820.16
235.3,328100.64
153.06,216402.37
130.06,184971.39

CyberShake_100_283.xml
266.43,371767.67
257.29,357950.16
140.64,200835.99
133.49,190044.39

CyberShake_100_284.xml
255.46,356692.51
249.73,347712.35
149.56,213051.32
127.98,182452.13

CyberShake_100_285.xml
250.66,349653.72
242.3,337260.21
127.01,181788.21
125.57,178775.53

CyberShake_100_286.xml
227.07,318172.27
225.21,314261.8
145.1,206919.63
113.77,163199.27

CyberShake_100_287.xml
251.42,350275.23
248.62,345188.88
156.56,221367.62
125.96,178638.68

CyberShake_100_288.xml
233.49,326348.94
228.89,318675.71
117.02,168254.61
117.02,166930.31

CyberShake_100_289.xml
263.24,367050.17
256.18,356180.89
152.82,217082.97
131.89,187428.75

CyberShake_100_290.xml
271.2,376542.2
269.15,372597.55
135.86,192933.65
135.84,192198.73

CyberShake_100_291.xml
247.62,345580.35
241.71,336245.55
126.48,181027.24
124.06,176637.83

CyberShake_100_292.xml
214.26,299624.15
206.48,287986.48
107.43,154718.6
113.11,160967.32

CyberShake_100_293.xml
201.98,283102.13
180.44,252818.44
101.77,146212.39
101.43,145709.66

CyberShake_100_294.xml
258.67,359180.66
253.06,350641.26
130.09,184568.32
129.55,183428.46

CyberShake_100_295.xml
247.57,344736.61
237.78,330193.42
144.29,204538.91
124.03,175910.72

CyberShake_100_296.xml
261.9,364639.39
255.73,355193.01
143.01,203645.19
131.2,186292.28

CyberShake_100_297.xml
192.76,271643.73
170.52,240225.91
111.68,161081.42
103.27,148735.29

CyberShake_100_298.xml
228.48,319902.35
217.96,304804.57
140.19,199542.88
114.5,164284.67

CyberShake_100_299.xml
266.07,370081.2
261.45,362658.05
154.78,219089.96
133.28,188347.96

CyberShake_100_300.xml
259.62,362415.83
245.09,341799.63
133.36,190418.56
130.06,185658.4

CyberShake_100_301.xml
255.39,355549.09
245.79,340990
139.01,197644.04
127.95,181298.75

CyberShake_100_302.xml
190.12,267260.18
168.75,237188.26
95.32,137924.47
95.3,137203.99

CyberShake_100_303.xml
175.31,248341.68
153.41,217042.67
106.87,154520.31
92.45,134540.73

CyberShake_100_304.xml
213.14,298589.65
202.77,283757.46
106.85,153732.32
106.98,153617.77

CyberShake_100_305.xml
263.61,367718.17
257.44,358444.83
152.39,216900.93
132.07,187896.42

CyberShake_100_306.xml
270.15,375431.8
258.07,354021.94
156.76,221733.04
135.33,191370.37

CyberShake_100_307.xml
266.76,371361.67
259.5,360436.4
139.31,198539.92
145.29,205257.58

CyberShake_100_308.xml
245.56,341949.39
240.33,333565.66
133.55,190070.21
131.74,186093.34

CyberShake_100_309.xml
253.76,354529.96
250.04,348311.35
149.99,214031.38
127.13,181192.04

CyberShake_100_310.xml
261.32,364135.31
261.32,363195.93
159.62,226466.17
130.91,186250.49

CyberShake_100_311.xml
260.38,362320.06
259.27,359943.72
154.48,218666.52
130.43,184741.36

CyberShake_100_312.xml
250.07,348403.14
247.76,344361.22
125.36,179326.62
125.31,178244.81

CyberShake_100_313.xml
266.81,371978.1
260.83,362533.64
165.8,234963.7
133.66,189745.03

CyberShake_100_314.xml
229.24,320761.59
222.88,311281.71
159.24,225689.92
117.83,168223.7

CyberShake_100_315.xml
262.44,364624.47
260.54,360899.48
158.77,224100.15
131.47,185699.45

CyberShake_100_316.xml
231.58,322847.9
229.96,319460.58
122.97,175624.33
122.41,173192.14

CyberShake_100_317.xml
249.9,348957.94
241.4,336207.51
145.82,207656.6
125.22,178602.38

CyberShake_100_318.xml
254.23,354880.89
247.66,344732.87
152.25,216671.23
127.37,181529.09

CyberShake_100_319.xml
241.55,337017.1
237.65,330624.58
155,219528.58
121.02,172312.13

CyberShake_100_320.xml
228.52,319076.78
227.14,316061
122.11,174715.79
114.51,163152.54

CyberShake_100_321.xml
240.1,335135.93
234.97,327154.51
132.15,189012.18
120.29,171366.62

CyberShake_100_322.xml
267.66,371855.52
262.87,364384.37
161.8,228177.1
134.11,189470.39

CyberShake_100_323.xml
269.07,373962.39
269.01,372714.49
147.72,209583.84
134.74,190451.29

CyberShake_100_324.xml
208.87,292782.12
192.87,270120.76
104.82,151268.57
104.71,150610.06

CyberShake_100_325.xml
220.6,309225.65
211.44,295737.89
110.93,159517.88
110.81,159197.56

CyberShake_100_326.xml
263.67,367145.34
251.15,349296.36
180.13,253883.26
132.07,187403.23

CyberShake_100_327.xml
254.48,353916.32
246.71,342057.45
153.64,217232.13
127.49,180309.76

CyberShake_100_328.xml
186.64,262713.83
160.24,225261.36
100.75,146698.96
99.31,143326.51

CyberShake_100_329.xml
210.7,294268.46
210.6,292773.04
136.41,193450.7
105.6,150362.45

CyberShake_100_330.xml
230.83,322394.28
222.75,310541.97
116.96,167980.73
126.6,179617.37

CyberShake_100_331.xml
266.59,370122.95
266.41,367727.49
140.56,198708.39
133.55,188042.13

CyberShake_100_332.xml
244.96,341422.39
241.49,335367.8
152.75,216217.65
122.73,174259.8

CyberShake_100_333.xml
259.88,361912.84
240.99,335294.34
132.36,185533.93
141.11,199373.45

CyberShake_100_334.xml
239.79,334834.79
219.57,306038.79
136.54,193870.77
121.12,172696.35

CyberShake_100_335.xml
225.16,314875.97
220.24,306724.68
113.37,162670.86
112.85,161536.25

CyberShake_100_336.xml
256.25,357486.54
235.46,327935.51
144.45,205038.76
129.95,185021.44

CyberShake_100_337.xml
232.46,324552.82
217.63,303565.94
116.96,167455.81
116.48,166110.38

CyberShake_100_338.xml
231.6,323032.32
226.11,314419.96
116.08,166124.65
116.04,165111.15

CyberShake_100_339.xml
247.12,343477.66
243.23,339595.77
130.05,187300.63
123.8,177492.83

CyberShake_100_340.xml
248.17,346144.86
236.97,330237.23
127.81,182406.81
124.33,176831.71

CyberShake_100_341.xml
269.5,375553.32
263.16,365927.83
156.46,222188.67
144.32,204283.88

CyberShake_100_342.xml
238.34,332640.4
224.53,313465.74
131.5,187777.44
119.4,170245.3

CyberShake_100_343.xml
246.8,343846.82
214.8,299278.01
125.92,179258.75
129.88,184267.73

CyberShake_100_344.xml
256.35,356856.64
251.46,349203.93
153.04,216666.15
128.42,182049.63

CyberShake_100_345.xml
223.67,313352.75
214.65,300404.73
120.13,172961.86
112.11,160743.38

CyberShake_100_346.xml
259.85,361464.72
244.22,339159.54
153.94,217870.65
130.17,184301.9

CyberShake_100_347.xml
249.75,347660.71
243.18,338111.23
125.45,178981.33
125.15,177918.6

CyberShake_100_348.xml
244.88,342625.64
242.73,338841.76
167.13,237110.67
122.7,175579.34

CyberShake_100_349.xml
260.66,362247.72
255.54,354264.35
152.6,215824.91
130.57,184632.87

CyberShake_100_350.xml
241.53,337017.44
227.09,316395.46
123.29,176441.14
128.63,182527.81

CyberShake_100_351.xml
232.22,324905.5
218.01,304252.14
116.39,167289.76
116.36,166759.31

CyberShake_100_352.xml
254.97,355761.62
251.82,350832.39
138.11,197302.98
127.75,181920.99

CyberShake_100_353.xml
268.5,374407.66
260.87,363013.63
140.85,201278.38
134.51,191440.39

CyberShake_100_354.xml
222.18,310560.09
216.86,302140.87
138.9,196909.6
111.34,159150.46

CyberShake_100_355.xml
262.64,366716.97
255.13,355691.64
150.98,215468.4
143.56,203971.84

CyberShake_100_356.xml
253.57,353833.52
246.08,342827.8
142.37,203224.06
127.1,177235.61

CyberShake_100_357.xml
269.82,375315.53
268.43,371975.79
135.57,193412.96
135.15,191320.12

CyberShake_100_358.xml
162.82,231790.61
140.33,199318.97
82.64,123005.18
90.37,131874.9

CyberShake_100_359.xml
257.93,360866.96
250.33,349847.25
155.08,221408.83
129.23,185027.31

CyberShake_100_360.xml
219.96,308340.59
209.56,292750.59
110.3,158831.88
112.1,160878.47

CyberShake_100_361.xml
271.58,378125.22
261.15,362775.61
151.87,215727.6
139.88,198084.88

CyberShake_100_362.xml
246.75,344433.31
224.18,312425.67
124.8,178340.61
131.65,186844.14

CyberShake_100_363.xml
252.36,351946.45
251,348986.14
171.57,242364.54
126.46,179729.88

CyberShake_100_364.xml
208.99,292937.76
196.82,275275.92
109.61,157857.29
104.75,150355.09

CyberShake_100_365.xml
206.15,288688.19
188.79,264280.62
103.29,149204.3
103.26,148425.01

CyberShake_100_366.xml
231.85,323492.44
228.42,317199.53
116.29,165934.61
116.32,165777.24

CyberShake_100_367.xml
257.26,357137.19
244.32,337774.43
129.28,182853.79
128.87,182064.72

CyberShake_100_368.xml
272.71,379732.37
265.07,368699.64
155.54,220934.79
136.6,193883.01

CyberShake_100_369.xml
182.2,256400
171.36,241049.21
91.35,132763.54
91.34,132302.89

CyberShake_100_370.xml
259.46,361178.04
250,347241.11
140.6,199652.36
129.98,184205.56

CyberShake_100_371.xml
195.88,274798.62
193.34,270116.82
124.76,177517.85
98.19,141133.71

CyberShake_100_372.xml
263.89,367719.12
254.55,354524.29
150.71,214342.38
132.2,187898.57

CyberShake_100_373.xml
246.09,342841.34
238.04,330950.65
149.85,212267.19
123.3,174976.56

CyberShake_100_374.xml
228.54,319108.15
214.83,299550.11
131.21,186174.77
115.75,165050.16

CyberShake_100_375.xml
258.73,359672.11
244.13,338640.36
129.68,184119.37
129.62,183804.04

CyberShake_100_376.xml
234.85,328180.95
223.01,310932.66
129.61,185639.77
117.77,167945.78

CyberShake_100_377.xml
269.74,375967.88
257.08,357753.41
145.51,207596.31
135.11,192024.96

CyberShake_100_378.xml
202.62,283801.53
197.6,275759.73
101.91,147010.73
101.55,146271.8

CyberShake_100_379.xml
257.37,358716.44
252.69,351292.18
153.67,217979.28
128.93,183358.14

CyberShake_100_380.xml
232.91,326199.91
226.47,316419.07
125.5,180441.31
116.7,163814.36

CyberShake_100_381.xml
246.37,343047.35
237.45,329962.33
123.52,176551.49
123.41,175334.32

CyberShake_100_382.xml
246.79,343945.95
244.22,339326.61
144.21,205032.21
123.65,175681.86

CyberShake_100_383.xml
225.76,316275.65
203.15,283953.9
113.16,162753.57
115.65,165525.55

CyberShake_100_384.xml
243.19,340077.78
235.6,329017.97
143.39,204810.13
121.87,174362.88

CyberShake_100_385.xml
210.02,294152.47
203.43,283963.73
112.45,161671.52
105.26,150765.63

CyberShake_100_386.xml
244.04,340540.06
227,316361.54
122.3,174639.65
122.28,174582.61

CyberShake_100_387.xml
238.57,333208.85
236.99,329839.73
152.17,216004
126.13,179139.36

CyberShake_100_388.xml
237.39,331507.66
219.1,305427.5
118.97,170036.94
120.59,172178.77

CyberShake_100_389.xml
236.54,330734.09
217.05,303253.02
118.57,169821.1
121.51,173598.54

CyberShake_100_390.xml
245.51,341449.38
232.82,323135.89
152.13,212781.77
123.02,171138.33

CyberShake_100_391.xml
247.14,344785.49
239.84,333770.68
168.96,238422.98
123.83,176142.92

CyberShake_100_392.xml
230.7,322150.68
222.78,310280.16
120.02,171712.19
115.59,164749.29

CyberShake_100_393.xml
208.37,292353.16
183.81,257693.93
104.87,151265.43
112.65,161050.08

CyberShake_100_394.xml
205.26,287462.37
198.47,276596.9
102.92,148242.65
102.87,147099.87

CyberShake_100_395.xml
266.85,371133.99
260.51,361700.11
143.71,204333.26
133.77,189378.49

CyberShake_100_396.xml
242.18,338873.98
234.72,327857.73
129.07,185188.27
121.31,173669.8

CyberShake_100_397.xml
218.57,305320.9
206.5,287674.24
122.34,174334.48
109.55,156004.73

CyberShake_100_398.xml
219.64,306332.71
219.64,305008.93
118.48,169182.49
110.02,156566.17

CyberShake_100_399.xml
240.62,335631.16
223.36,311266.5
120.56,172169.74
120.55,171943.68

CyberShake_100_400.xml
270.06,375838.09
256.95,357168.41
154.37,219281.27
135.27,191893.09

CyberShake_100_401.xml
211.28,296808.95
185.99,261429.88
106.11,153608.84
110.71,159068.44

CyberShake_100_402.xml
219.13,305877.54
218.28,303661.65
140.8,199557.85
109.82,156258.22

CyberShake_100_403.xml
271.73,377863.7
268.33,371981.94
193.09,271169.98
136.13,192499.37

CyberShake_100_404.xml
244.95,342162.48
241.86,336431.25
144.9,206424.67
122.71,171968.22

CyberShake_100_405.xml
239.18,333290.59
234.92,326187.08
126.14,179943.12
119.83,169952

CyberShake_100_406.xml
201.28,282930.02
180.8,254590.61
100.92,146004.18
102.78,148295.27

CyberShake_100_407.xml
230.43,321704.45
227.09,316033.91
127.28,182159.18
115.47,164505.25

CyberShake_100_408.xml
259.04,360963
250.58,348629.45
160.13,226672.5
131.49,186517.93

CyberShake_100_409.xml
254.73,355419.4
246.45,343105.65
127.64,182839.96
127.63,181492.45

CyberShake_100_410.xml
268.94,374404.67
265.26,368296.86
134.79,192355.92
134.72,191395.67

CyberShake_100_411.xml
241.22,334778.77
239.36,333446.58
137.55,196960.25
120.86,172705.92

CyberShake_100_412.xml
241.9,336645.13
233.16,323875.64
122.41,174480.36
121.31,172516.02

CyberShake_100_413.xml
228.6,318758.23
222.03,308769.93
117.24,167704.11
114.58,162901.28

CyberShake_100_414.xml
272.05,378921.21
260.69,362311.71
172.06,243188.87
136.29,193410.51

CyberShake_100_415.xml
160.01,226292.82
127.57,181168.22
91.71,133059.49
82.82,120241.96

CyberShake_100_416.xml
264.91,369696.65
255.85,356571.57
150.3,214333.32
132.72,189005.09

CyberShake_100_417.xml
248.42,345831.9
235.24,326599.34
146.87,207748.4
124.46,176135.16

CyberShake_100_418.xml
194.6,272656.25
180.2,252106.1
97.62,140698.97
97.56,139986.99

CyberShake_100_419.xml
202.57,285055.05
181.41,255197.48
101.56,147126.72
101.56,146721.83

CyberShake_100_420.xml
196.75,276202.43
187.12,261839.89
99.57,144118.76
98.62,141796.46

CyberShake_100_421.xml
207.16,290151.15
201.91,281677.49
103.84,149692.81
103.78,149353.12

CyberShake_100_422.xml
247.84,345447
242.83,337543.49
139.57,198516.46
129.58,183693.02

CyberShake_100_423.xml
256.66,356462.21
251.35,344343.57
153.76,216969.11
128.59,181390.12

CyberShake_100_424.xml
205.48,287635.13
197.66,275874.11
127.36,181177.76
102.99,147679.21

CyberShake_100_425.xml
261.22,363997.19
255.65,355405.42
156.21,221444.7
130.88,185950.43

CyberShake_100_426.xml
229.47,320053.51
222.78,310041.7
115.01,164822.72
115.01,163264.23

CyberShake_100_427.xml
256,357187.98
234.58,327035.15
128.68,183761.8
128.54,183466.83

CyberShake_100_428.xml
266.26,370171.74
262.14,363410.62
156.38,221079.99
136.54,190244.24

CyberShake_100_429.xml
235.14,328108.93
231.48,321644.18
118.23,169407.46
117.82,167378.4

CyberShake_100_430.xml
269.99,375681.58
261.36,362760.89
172.27,243167.83
135.25,191607.65

CyberShake_100_431.xml
237.55,331887.31
231.9,323362.49
138.91,198186.87
119.02,166705.58

CyberShake_100_432.xml
263,366050.47
241.57,335868.74
131.8,187076.49
132.07,187289.27

CyberShake_100_433.xml
217.72,304258.4
217.74,303139.45
112.22,161090.79
109.1,155415.74

CyberShake_100_434.xml
255.56,356364.43
251.09,349342.68
148.54,211398.86
135.5,192264.71

CyberShake_100_435.xml
242.87,339356.42
221.4,308894.31
121.71,173733.38
128.75,183182.34

CyberShake_100_436.xml
270.91,376707.02
257.61,354222.79
187,262924.87
135.7,192171.02

CyberShake_100_437.xml
231.3,322794.92
222.33,309536.74
116.26,166503.2
115.89,165138.6

CyberShake_100_438.xml
203.68,284913.96
192.55,268877.63
108.01,155165.84
102.09,145626.64

CyberShake_100_439.xml
251.57,351481.88
240.94,336075.64
127.19,182271.9
126.04,180101.07

CyberShake_100_440.xml
267.28,371532.91
247.64,343672.83
133.85,190045.73
135.32,191779.54

CyberShake_100_441.xml
255.11,355513.18
247.89,344715.7
127.83,182867.81
127.83,181882.15

CyberShake_100_442.xml
256,356891.77
252.35,350653.91
153.7,218071.96
128.27,182584.41

CyberShake_100_443.xml
254.4,354687.98
239.13,333239.31
128.8,184228.48
127.47,181591.82

CyberShake_100_444.xml
256.56,358082.48
244.81,341108.66
132.72,190026.05
128.55,183272.34

CyberShake_100_445.xml
221.42,309480.91
213.16,297034.18
114.5,161702.9
110.95,158337.67

CyberShake_100_446.xml
264.86,368048.69
262.44,363620.57
158.17,222974.13
133.03,188517.77

CyberShake_100_447.xml
262.74,365650.75
257.33,357342.84
144.25,205189.83
131.62,186690.86

CyberShake_100_448.xml
233.34,325580.72
228.87,318698.1
129.37,184611.73
116.93,166327.45

CyberShake_100_449.xml
220.04,308347.42
212.89,297537.4
115.16,165958.26
110.28,158149.64

CyberShake_100_450.xml
257.22,358541.86
234.44,326610.39
129.11,184175.59
131.61,187036.51

CyberShake_100_451.xml
243.26,340453.51
234.29,327340.83
143.14,204812.17
121.87,174505.03

CyberShake_100_452.xml
261.93,364245.26
252.38,350387.92
135.53,192960.27
131.22,186059.66

CyberShake_100_453.xml
222.5,311421.24
208.9,292088.06
120.56,173018.23
111.48,159589.29

CyberShake_100_454.xml
249.98,348162.13
246.52,342507.42
142.84,202899.2
125.27,177660.16

CyberShake_100_455.xml
192.93,272706.08
174.04,246498.11
101.57,147307.47
101.44,146792.19

CyberShake_100_456.xml
260.89,363587.84
242.73,338454.84
130.77,186552.55
132.13,187920.98

CyberShake_100_457.xml
255.59,355328.58
251.92,345966.99
128.1,181871.38
128.15,181473.77

CyberShake_100_458.xml
231.08,323226.16
220.21,307493.36
134.05,189404.89
115.79,165348.16

CyberShake_100_459.xml
227.35,316998.27
220.07,306182.87
118.72,169660.67
113.93,161950.12

CyberShake_100_460.xml
267.24,372195.56
248.79,346390.99
134.11,190988
133.88,190351.85

CyberShake_100_461.xml
229.6,319990.04
220.71,306601.09
119.05,169949.18
115.05,163253.32

CyberShake_100_462.xml
240.25,335359.39
229.46,319672.15
134.06,191154
120.39,171408.36

CyberShake_100_463.xml
220.63,308008.94
218.25,303206.04
111.06,159491.85
110.55,157268.08

CyberShake_100_464.xml
211.99,294449.02
201.62,281964.66
107.12,154693.43
106.24,152237.26

CyberShake_100_465.xml
270.61,376768.42
244.38,340394.78
144.22,205562.09
140.89,200049.56

CyberShake_100_466.xml
235.23,327928.92
226.47,315148.74
122.67,175387.36
117.88,167562.45

CyberShake_100_467.xml
267.71,372980.3
252.44,351686.57
137.74,195939.76
135.5,192989.1

CyberShake_100_468.xml
235.2,327968.76
233.22,323514.62
149.24,211146.35
117.86,167316.94

CyberShake_100_469.xml
260.77,362704.87
252.03,349844.68
130.66,186286.86
130.63,185119.97

CyberShake_100_470.xml
180.83,254940.15
151.77,213958.9
109.4,156551.11
96.21,138352.9

CyberShake_100_471.xml
216.61,301999.63
214.47,297936.9
115.8,165458.76
108.57,154079.17

CyberShake_100_472.xml
231.24,322724.31
230.83,321094.21
126.71,181042.65
115.95,165125.66

CyberShake_100_473.xml
245.39,342064.6
231.35,321938.9
122.97,175588.1
122.97,175020.02

CyberShake_100_474.xml
199.3,280634.07
178.17,250768.96
99.93,144509.7
99.93,144473.36

CyberShake_100_475.xml
252.2,351020.54
244.01,339149.54
130.62,186268.71
126.35,178992.16

CyberShake_100_476.xml
270.62,376602.38
261.26,363101.74
162.37,228402.93
135.56,192008.48

CyberShake_100_477.xml
217.51,303737.75
211.49,294285.86
109.12,156227.19
109.03,155534.1

CyberShake_100_478.xml
215.22,302211.11
213.02,298057.07
137.93,197170.27
107.88,155206.18

CyberShake_100_479.xml
272.59,379139.22
258.8,359246.04
136.57,193862.05
136.54,193626.13

CyberShake_100_480.xml
241.86,338112.06
238.55,332391.06
143.46,204286.58
121.17,169499.25

CyberShake_100_481.xml
217.33,304634.54
209.29,292652.63
119.95,172440.69
108.92,156172.28

CyberShake_100_482.xml
178.01,250929.07
157.5,221670.4
89.28,129520.21
91.07,131508.19

CyberShake_100_483.xml
258,359313.85
253.36,352012.13
176.29,248355.13
129.25,183416.8

CyberShake_100_484.xml
193.09,270674.64
181.05,253281.72
96.82,139484.33
96.79,138827.81

CyberShake_100_485.xml
251.71,350601.83
245.96,341756.93
134.64,192172.44
126.09,179053.86

CyberShake_100_486.xml
189.37,265614.46
186.89,260700.35
95.34,137347.06
94.92,136498.48

CyberShake_100_487.xml
260.6,361835.24
256.12,354307.14
130.56,185534.85
130.54,184069.37

CyberShake_100_488.xml
253.39,353681.2
235.05,327978.86
127.35,182191.4
131.04,186723.82

CyberShake_100_489.xml
257.96,358852.59
255.42,353898.82
154.16,218224.29
129.19,182969.51

CyberShake_100_490.xml
251.21,349164.91
244.94,339463.5
125.88,178749.13
125.88,178340.75

CyberShake_100_491.xml
233.99,326501.47
221.39,308702.16
117.61,168329.47
117.25,167080.71

CyberShake_100_492.xml
262.01,365101.55
233.4,325215.43
131.68,188329.08
135.81,192821.24

CyberShake_100_493.xml
240.64,336200.87
234.28,326719.85
138.84,198080.53
120.57,172082.92

CyberShake_100_494.xml
241.55,337365.13
233.64,325605.01
121.05,173579.57
121.04,172764.81

CyberShake_100_495.xml
226.51,315999.69
206.57,287726.14
136.02,192512.35
113.62,162075.55

CyberShake_100_496.xml
228.84,319229.48
222.04,308884.14
119.57,171104.89
114.74,163045.5

CyberShake_100_497.xml
239.84,335775.69
217.58,304342.23
136.64,194983.61
131.02,186832.03

CyberShake_100_498.xml
239.24,333959.95
237.03,329491.25
125.9,180309.4
119.87,170593.4

CyberShake_100_499.xml
268.86,373172.59
267.2,369820.87
143.71,203239.24
145.55,204528.68

CyberShake_100_500.xml
250.28,348259.02
244.58,338976.48
147.25,207768.24
125.7,178398.48

CyberShake_100_501.xml
209.79,292862.75
207.28,288115.79
106.09,152115.4
105.16,149565.04

CyberShake_100_502.xml
246.91,343527.71
244.07,338122.36
153.98,217462.44
123.73,174890.52

CyberShake_100_503.xml
213.26,298389.24
211.19,294089.72
106.92,153856.23
106.87,152833.22

CyberShake_100_504.xml
220.11,307195.4
217.56,302328.35
111.19,159341.47
110.3,157163.06

CyberShake_100_505.xml
234.66,326039.73
233.83,326805.72
131.24,188701.43
117.6,168950.74

CyberShake_100_506.xml
223.69,312274.68
223.72,310863.55
113.71,163085.4
112.1,159513.64

CyberShake_100_507.xml
227.54,318588.35
214.93,300464.53
120.32,173074.36
114.01,163448.02

CyberShake_100_508.xml
268.58,373198.12
266.41,368649.81
163.8,230997.49
134.54,189771.26

CyberShake_100_509.xml
249.75,348145.99
249.64,346636.95
129.3,184847.1
125.16,177860.37

CyberShake_100_510.xml
257.71,359202.47
248.2,345133.7
155.98,219419.96
129.12,183495.95

CyberShake_100_511.xml
191.13,268806.45
171.73,241317.52
110.84,158939.32
101.15,145436.18

CyberShake_100_512.xml
195.99,275011.76
188.6,264169.61
98.27,141739.16
98.27,141666.98

CyberShake_100_513.xml
227.36,317538.1
226.96,315650.64
113.98,163583.17
113.99,162519.29

CyberShake_100_514.xml
193.15,271385.29
189.04,264527.81
96.85,140159.27
96.9,139636.41

CyberShake_100_515.xml
217.98,304446.66
213.18,296947.12
118.04,168932.88
109.23,155523.41

CyberShake_100_516.xml
230.08,321013.67
218.93,304568.87
120.61,172489.44
121.89,172623.09

CyberShake_100_517.xml
208.28,292770.1
185.25,260196.69
106.4,153782.15
109.17,156842.8

CyberShake_100_518.xml
217.04,303954.17
211.42,294908.1
109.81,157803.17
108.78,155327.42

CyberShake_100_519.xml
210.21,293889.7
204.57,285014.61
107.36,154181.32
105.36,150362.78

CyberShake_100_520.xml
265.79,369588.62
250.97,344403.08
162.81,229808.33
143.26,202006.14

CyberShake_100_521.xml
243.16,339188.42
240.53,334059.39
121.86,174218.52
121.85,173576.4

CyberShake_100_522.xml
241.95,337226.74
231.41,321618.58
134.48,191504.42
133.61,188961.6

CyberShake_100_523.xml
260.22,362271.27
252.83,350882.16
130.39,185450.15
130.91,186080.14

CyberShake_100_524.xml
225.04,314541.58
211.33,294968.33
112.8,161621.6
112.8,161150.9

CyberShake_100_525.xml
268.33,372948.28
261.66,363010.11
182.9,257312.31
134.41,190266.4

CyberShake_100_526.xml
247.67,344773.84
234.76,326741.13
124.11,176989.62
124.09,176285.32

CyberShake_100_527.xml
218.75,306460.37
204.79,286650.62
130.72,186168.53
109.62,157448.18

CyberShake_100_528.xml
247.6,345245.49
245.78,341584.52
166.99,235882.93
124.05,176338.37

CyberShake_100_529.xml
243.74,339726.51
234.41,326233.01
126.43,180743.45
122.15,173746.65

CyberShake_100_530.xml
263.9,366768.02
257.53,356885.61
155.68,220082.87
132.19,186766.47

CyberShake_100_531.xml
218.06,306128.09
212.4,297533.39
111.03,160536.64
109.29,157197.93

CyberShake_100_532.xml
209.83,293438.7
196.41,274090.93
105.19,150591.84
105.17,150403.2

CyberShake_100_533.xml
207.96,291204.23
205.43,286267.27
104.29,150468.78
104.34,149148.48

CyberShake_100_534.xml
247.77,344589.25
238.76,331599.4
147.34,207789.4
124.13,176151.13

CyberShake_100_535.xml
249.19,349184.69
224.13,314209.94
129.17,185437.84
127.09,181980.56

CyberShake_100_536.xml
184.98,261160.38
163.67,231427.09
92.77,135417.45
95.9,139167.19

CyberShake_100_537.xml
239.11,333994.05
237.56,330666.12
136.92,195561.51
119.8,170882.66

CyberShake_100_538.xml
241,336130.4
237.76,330643.41
151.6,214866.15
133.1,188189.38

CyberShake_100_539.xml
242.23,338488.03
225.34,313694.18
125.87,182517.25
129.77,186505.44

CyberShake_100_540.xml
210.01,293574
188.71,263990.97
123.95,176040.75
107.46,153660.33

CyberShake_100_541.xml
206.39,289624.45
206.43,288282.83
103.47,149633.19
103.45,148930.62

CyberShake_100_542.xml
217.32,301603.54
210.21,293264.3
117.66,169073.67
108.9,155881.83

CyberShake_100_543.xml
230.14,321338.18
225.12,313622.2
124.3,177797.16
115.43,164451.65

CyberShake_100_544.xml
241.06,336596.29
239.33,332915.7
127.55,182732.89
120.8,171995.11

CyberShake_100_545.xml
241.7,336520.08
236.19,327247.18
137.54,195242.02
121.1,171419.81

CyberShake_100_546.xml
244.29,341898.02
239.59,334560.75
143.02,204617.21
122.42,175295.89

CyberShake_100_547.xml
200.25,281257.55
180.29,253482.28
100.89,145712.46
100.37,144765.5

CyberShake_100_548.xml
264.88,368877.05
251.52,350104.62
160.37,226948.35
132.67,188100.82

CyberShake_100_549.xml
221.5,311267.08
213.65,299713.41
118.2,171161.1
111.01,160010.96

CyberShake_100_550.xml
226.7,317292.38
223.83,312334.36
127.49,182716.2
113.59,162631.18

CyberShake_100_551.xml
253.52,353082.91
248.97,345883.13
138.44,197126.15
127.01,180369.82

CyberShake_100_552.xml
219.47,307554.29
197.96,277743.5
110.01,158346.9
112.18,160740.34

CyberShake_100_553.xml
271.94,379746.8
263.47,367415.29
164.58,233953.97
136.21,194159.72

CyberShake_100_554.xml
224.11,313671.6
215.19,300937.3
143.65,204460.74
112.29,160823.78

CyberShake_100_555.xml
266.37,371127.59
256.92,357299.63
158.36,224889.59
133.45,189582.05

CyberShake_100_556.xml
216.73,303431.93
201.06,280762.56
130.11,185070.8
110.7,158447.57

CyberShake_100_557.xml
255.38,355467.61
255.31,354160.62
142.56,202488.08
133.68,188894.94

CyberShake_100_558.xml
255,355831.62
248.45,345937.31
159.32,225937.88
135.12,191716.64

CyberShake_100_559.xml
267.73,373162.86
262.41,364885.58
160.67,227972.5
134.09,190489.13

CyberShake_100_560.xml
234.71,328246.21
231.61,319936.86
125.01,179570.16
117.62,168022.66

CyberShake_100_561.xml
213.43,299483.08
208.69,291947.48
108.34,156529.5
106.99,154320.99

CyberShake_100_562.xml
231.2,322504.92
222.1,309416.47
121.77,173856.18
115.83,164820

CyberShake_100_563.xml
210.07,293551.71
200.38,279848.63
111.69,159936.07
105.28,150222.43

CyberShake_100_564.xml
257.21,358395.95
245.89,342335.2
129,184185.6
128.85,183303.2

CyberShake_100_565.xml
249.5,347898.17
240.26,334539.63
153.25,217233.51
125.01,177610.75

CyberShake_100_566.xml
267.17,369528.68
261.26,363239.51
144.28,205680.65
133.82,190017.85

CyberShake_100_567.xml
263.5,366387.19
262.83,361019.72
148.07,210010.28
132.01,186681.46

CyberShake_100_568.xml
245.08,342161.44
213.17,297770.67
123,175633.44
129.94,185017.04

CyberShake_100_569.xml
267.63,371970.13
254.4,352870.36
155.68,219936.76
134.07,186577.47

CyberShake_100_570.xml
253,352674.92
248.21,344841.73
138.34,196983.99
126.72,180073.23

CyberShake_100_571.xml
193.77,272818.4
185.4,259960.62
98.85,143558.66
97.15,140400.63

CyberShake_100_572.xml
259.79,361998.27
247.68,344542.77
156.24,221397.75
130.14,181239.4

CyberShake_100_573.xml
245.58,342533.2
243.15,338139.41
123.1,176368.13
123.04,175195.43

CyberShake_100_574.xml
262.99,366589.53
257.44,357858.9
136.66,195072.92
131.74,187477.01

CyberShake_100_575.xml
257.97,360117.27
251.56,350198.35
141.49,199726.73
129.24,184098.21

CyberShake_100_576.xml
259.42,361526.22
247.82,344320.28
145.85,207277.94
129.97,184375.1

CyberShake_100_577.xml
233.3,325619.24
229.61,316229.54
129.09,181918.71
116.89,166605.59

CyberShake_100_578.xml
244.68,341302.8
240.04,333799.94
134.26,191640.54
132.87,188011.41

CyberShake_100_579.xml
231.43,322082.3
231.47,320545.31
115.99,165477.54
115.97,164370.04

CyberShake_100_580.xml
269.18,373816.26
252.74,350649.34
152.48,215634.96
134.83,190696.82

CyberShake_100_581.xml
174.57,246498.07
153.08,216476.01
102.46,148204.49
90.35,131149.74

CyberShake_100_582.xml
270.93,376252.14
267.51,370564.8
135.95,193522.03
135.94,192369.69

CyberShake_100_583.xml
197.46,277333.43
188.59,264311.01
99.01,143198.27
99,142849.95

CyberShake_100_584.xml
271.48,378051.59
260.75,362404.17
149.14,212422.28
136,193116.43

CyberShake_100_585.xml
227.64,317945.03
212.62,296690.77
119.87,171887.41
114.04,162746.75

CyberShake_100_586.xml
198.82,278685.42
195.93,273264.92
99.69,143636.85
100.55,144220.76

CyberShake_100_587.xml
246.33,343064.79
235.6,327424.85
126.26,180140.97
123.41,175218.24

CyberShake_100_588.xml
250.07,348973.39
241.39,336282.96
128.44,184039.06
125.28,178529.54

CyberShake_100_589.xml
222.18,311871.59
196.73,275462.15
117.1,167637.07
118.24,169405.7

CyberShake_100_590.xml
253.55,353025.28
251.8,349193.61
127.03,181442.48
127.01,179929.86

CyberShake_100_591.xml
267.69,369767.86
259.1,359060.27
156.42,220965.99
134.07,189388.19

CyberShake_100_592.xml
259.84,360826.98
255.12,353560.93
162.41,228577.38
130.16,183972.71

CyberShake_100_593.xml
254.32,353839.79
253.44,351068.49
138.33,196460.8
133.07,187820.65

CyberShake_100_594.xml
208.88,292702.42
178.86,251679.29
104.72,151982.23
110.54,158197.81

CyberShake_100_595.xml
257.4,359497.15
251.04,350114.89
144.83,206957.81
128.98,183863.96

CyberShake_100_596.xml
264.92,368571.28
249.38,346205.05
159.58,223962.52
132.72,188021.21

CyberShake_100_597.xml
258.23,359732.41
255.51,355088.51
131.12,187361.6
139.69,197699.1

CyberShake_100_598.xml
268.67,373559.94
259.65,360302.5
140.06,199305.65
134.58,190584.35

CyberShake_100_599.xml
259.58,361593.05
251.63,349376.91
151.66,214870.67
130.04,184295.94

CyberShake_100_600.xml
228.53,318801.44
221.27,307521.93
116.8,166832.8
114.54,163330.77

CyberShake_100_601.xml
263.05,365234.16
259.17,358748.27
134.22,190451.12
132.81,187308.55

CyberShake_100_602.xml
235.02,327760.35
230.69,320879.79
117.8,168663.09
117.74,167721.24

CyberShake_100_603.xml
240.79,336161.52
240.79,334524.66
120.95,173603.9
120.64,171855.23

CyberShake_100_604.xml
211.21,295244.07
198.76,277495.07
108.61,155678.71
105.98,151779.35

CyberShake_100_605.xml
193.1,272832.17
167.68,237370.9
99.8,145247.82
100.05,144714.94

CyberShake_100_606.xml
217.18,302680.88
216.89,301013.3
109.13,156235.69
108.83,154661.24

CyberShake_100_607.xml
269.34,374590.23
243.43,338058.74
137.13,194938.16
140.32,198330.71

CyberShake_100_608.xml
203.26,285156.88
194.77,272829.21
109.03,157337.43
101.92,146634.9

CyberShake_100_609.xml
255.08,355107.15
246.41,342385.98
142.74,202968.48
127.78,181337.45

CyberShake_100_610.xml
206.26,289258.82
204.29,285675.93
108.89,157423.12
103.36,148493.76

CyberShake_100_611.xml
233.3,326485.19
222.82,311211.45
119.24,171914.82
126.87,180759.37

CyberShake_100_612.xml
214.01,299479.93
202.36,282705.4
107.36,154673.13
107.25,153559.06

CyberShake_100_613.xml
208.69,291818.46
208.69,290609.02
106.18,152887.19
104.59,149295.26

CyberShake_100_614.xml
208.75,291421.54
196.67,273976.99
104.65,149900.49
104.65,149253.01

CyberShake_100_615.xml
247.96,345443.15
247.96,344175.83
150.92,213448.5
124.21,176615.94

CyberShake_100_616.xml
250.86,349852.73
236.82,330349.93
128.98,184779.26
125.71,179046.81

CyberShake_100_617.xml
248.77,346482.68
246.63,342450.99
124.69,178190.96
124.69,176776

CyberShake_100_618.xml
237.06,332187.39
227.41,318546.82
126.18,181870.18
118.76,170418.16

CyberShake_100_619.xml
246.07,342103.22
242,335125.82
123.31,174955.47
123.31,174704.74

CyberShake_100_620.xml
190.84,268750.27
174.13,245061.27
95.7,138911.77
99.15,143404.59

CyberShake_100_621.xml
215.33,300443.14
212.98,296040.53
107.94,154349.85
107.91,153848.13

CyberShake_100_622.xml
216.65,303726.49
212.01,296158.54
114.83,165550.82
108.59,155756.87

CyberShake_100_623.xml
237.62,331392.81
233.16,324243.73
137.13,194995.65
119.09,169247.92

CyberShake_100_624.xml
262,365517.54
254.02,353855.38
162.19,230262.68
131.27,186770.01

CyberShake_100_625.xml
264.97,369157.12
257.01,356983.05
159.96,226998.1
132.75,188624.95

CyberShake_100_626.xml
233.75,326053.59
224.41,311923.66
117.15,166991.45
117.14,166888.45

CyberShake_100_627.xml
256.45,357781.42
247.36,344394.07
139.48,199174.86
128.49,182930.55

CyberShake_100_628.xml
205.14,288358.43
201.82,282385.65
102.87,149363.3
102.82,148351.64

CyberShake_100_629.xml
262.05,365411.81
245.7,341907.62
131.3,187352.28
132.07,187979.11

CyberShake_100_630.xml
259.55,361991.06
252.15,350823.21
151.65,215732.05
130.02,184914.72

CyberShake_100_631.xml
237.12,332036.19
227.31,317918.71
131.8,189231.31
118.83,170508.79

CyberShake_100_632.xml
213.07,298229
201.18,281360.85
130.85,186097.56
106.8,152954.09

CyberShake_100_633.xml
232.56,324352.59
227.64,316760.22
118.89,170189.46
116.53,165409.47

CyberShake_100_634.xml
213.42,298462.77
199.17,277832.53
107.23,153281.63
106.96,152915.6

CyberShake_100_635.xml
212.96,297031.46
209.35,290765.24
106.76,152607.46
106.76,151890.95

CyberShake_100_636.xml
214.8,300665.69
196.03,273951.86
107.7,154364.95
108.69,155499.45

CyberShake_100_637.xml
236.97,331579.55
223.9,312997
131.39,188031.31
118.73,166452.24

CyberShake_100_638.xml
264.35,368278.6
264.36,366903.21
141.48,201540.45
132.42,187963.1

CyberShake_100_639.xml
230.54,321759.71
224.84,313036.48
145.8,206920.89
115.5,164411.9

CyberShake_100_640.xml
182.91,258026.74
161.47,228035.84
92.1,134052.81
94.8,137413.64

CyberShake_100_641.xml
243.51,339386.91
237.16,329883.39
122.07,174644.34
122.01,173267.26

CyberShake_100_642.xml
221.17,309643.26
210.55,294567.02
113.3,163046.38
111.04,159645.14

CyberShake_100_643.xml
220.35,308860.59
215.67,301303.09
110.72,159913.59
110.45,158604.7

CyberShake_100_644.xml
248.44,346625.96
235.64,328313.01
124.5,177455.04
124.82,177831.13

CyberShake_100_645.xml
248.81,346335.01
240.2,329446.04
147.35,207868.07
124.66,177052.11

CyberShake_100_646.xml
234.77,327105.25
214.05,297433.94
117.66,167186.51
118.05,167569.73

CyberShake_100_647.xml
217.62,305574.24
213.31,299041.85
115.75,167283.61
109.06,156944.45

CyberShake_100_648.xml
197.4,276605.95
192.42,268875.16
126.33,180062.83
98.96,142056.39

CyberShake_100_649.xml
214.75,299755.15
211.96,294669.48
134.63,190988.32
107.62,153615.44

CyberShake_100_650.xml
260.29,362520.87
235.07,326376.57
130.46,184628.99
137.84,195080.02

CyberShake_100_651.xml
256.25,357621.49
252.61,347552.13
160.16,227181.32
128.36,182746.48

CyberShake_100_652.xml
250.49,349832.34
240.48,335508.36
133.94,191723.46
125.49,179047.93

CyberShake_100_653.xml
215.57,302773.27
207.21,290461.05
108.96,157760.61
108.03,156059.05

CyberShake_100_654.xml
221.49,309999.72
207.38,290005.34
111.31,160088.04
110.99,158838.13

CyberShake_100_655.xml
243.79,339926.85
236.34,328646.43
122.66,175055.32
122.16,174095.85

CyberShake_100_656.xml
220.63,309434.22
214,299429.45
110.99,160098.95
110.59,158540.87

CyberShake_100_657.xml
219.12,306626.18
214.56,299238.51
109.94,158363.1
109.86,156630.83

CyberShake_100_658.xml
218.39,306128.66
214.2,299173.58
116.56,168445.9
109.43,157124.26

CyberShake_100_659.xml
163.08,231772.1
134.46,191396.81
90.93,134326.56
89.07,130539.73

CyberShake_100_660.xml
215.98,302848.69
212.21,296536.09
138.97,198249.48
108.18,155206.92

CyberShake_100_661.xml
178.84,253524.17
164.98,232075.63
101.4,146085.02
102.04,147287.16

CyberShake_100_662.xml
172.97,244964.53
149.87,211589.08
92.7,134236.59
95.6,138793.82

CyberShake_100_663.xml
189.4,267250.88
167.65,236100.26
97.15,141271.65
100.54,145174.43

CyberShake_100_664.xml
270.17,374739.86
264.15,365545.63
147.14,207870.09
135.35,190657.94

CyberShake_100_665.xml
237.79,332070.71
234.46,326412.4
129.52,185468.97
119.14,169891.06

CyberShake_100_666.xml
230.06,321773.99
217.74,303923.08
121.55,171763.07
115.29,164773.72

CyberShake_100_667.xml
263.18,366529.56
260.42,361853.5
142.51,202965.37
131.85,187292.77

CyberShake_100_668.xml
232.86,325354.11
228.93,318571.97
127.32,182321.02
126.84,180008.71

CyberShake_100_669.xml
203.88,286808.56
180.4,253851.17
102.26,148157.13
105.83,152474.7

CyberShake_100_670.xml
207.25,290891.09
200.14,280199.51
103.93,150573.93
103.88,149557.54

CyberShake_100_671.xml
268.74,373909.08
257.62,357828.25
182.49,256719.81
134.64,190619.46

CyberShake_100_672.xml
233.62,326749.1
233.65,325682.01
117.47,169081.78
117.06,167120.3

CyberShake_100_673.xml
219.41,304681.59
212.63,296693.69
113.12,160290.12
109.95,157031.67

CyberShake_100_674.xml
219.53,306252.06
219.42,304649.54
122.13,174100.83
110.04,156282.92

CyberShake_100_675.xml
165.37,233683.44
139.91,197847.09
96.12,139115.18
88.04,127423.91

CyberShake_100_676.xml
231.41,323983.74
226.26,315862.67
126.6,181594.07
115.96,163079.05

CyberShake_100_677.xml
243.57,340635.62
238.44,332474.6
136.29,192140.46
123.45,176344.55

CyberShake_100_678.xml
243.33,339540.41
230.02,320913.42
171.17,241349.98
121.93,173502.45

CyberShake_100_679.xml
268.3,373949.37
263.87,366940.56
138.09,197255.35
134.39,191238.1

CyberShake_100_680.xml
229.22,319525.19
212.42,296123.86
126.8,180659.38
114.87,163392.88

CyberShake_100_681.xml
236.03,329459.66
223.84,312071.3
126.21,180489.42
118.27,168416.17

CyberShake_100_682.xml
162.61,230579.35
131.78,187555.97
81.58,119134.45
87.18,126872.28

CyberShake_100_683.xml
251.2,351067.26
248.44,345876.33
126.9,182309.19
125.87,179551.47

CyberShake_100_684.xml
157.69,224776.92
127.19,182129.02
87.62,128014.56
85.76,125568.57

CyberShake_100_685.xml
219.19,306215.81
215.41,300373.32
119.85,171730.06
121.24,171944.21

CyberShake_100_686.xml
212.81,297879.42
211.06,294546.24
136.6,194494.16
117.68,167361.97

CyberShake_100_687.xml
242.18,338249.98
233.28,324931.45
122.35,175279.34
121.33,172991.44

CyberShake_100_688.xml
248.39,346830.39
234.19,326571.14
147.09,208580.49
124.43,177661.5

CyberShake_100_689.xml
201.06,281848.26
190.68,266592.31
100.81,145332.51
101.51,145895.91

CyberShake_100_690.xml
271.06,375581.76
264.31,365421.51
163.59,230020.04
135.78,191002.43

CyberShake_100_691.xml
203.75,286436
180.15,253282.1
102.9,148722.35
106.43,153096.98

CyberShake_100_692.xml
250.34,348612.45
246.19,342322.71
157,221976.25
137.61,194596.77

CyberShake_100_693.xml
203.48,285804.84
183.7,258207.46
102.02,147419.4
109.6,157098.81

CyberShake_100_694.xml
217.67,303635.33
208.44,290201.16
120.47,169647.23
109.11,154955.04

CyberShake_100_695.xml
233.14,324221.23
215.96,300009.58
135.65,191486.85
116.85,165871.4

CyberShake_100_696.xml
268.66,374428.32
259.8,361448.4
151.01,214813.8
134.58,191405.09

CyberShake_100_697.xml
255.73,355878.03
236.59,328713.25
128.18,182832.43
139.07,196314.92

CyberShake_100_698.xml
252.12,349429.65
244.39,338587.95
126.34,178868.41
127.9,180451

CyberShake_100_699.xml
200.6,282435.17
195.98,275381.23
127.6,182856.16
100.56,145558.67

CyberShake_100_700.xml
182.04,257268.46
159.12,224900.07
92.57,133888.48
94.57,137249.5

CyberShake_100_701.xml
228.85,319598.66
217.07,302571.84
114.73,164737.62
114.68,163365.33

CyberShake_100_702.xml
271.27,377501.75
269.32,373764.49
167.31,236256.24
135.9,192570.15

CyberShake_100_703.xml
268.55,373006.64
261.95,362985.65
135.28,192338.4
134.74,190151.97

CyberShake_100_704.xml
263.56,366829.34
255.29,350546.07
137.25,195310.45
132.05,187154.84

CyberShake_100_705.xml
226.9,316861.3
221.05,307788.36
117.53,168656.62
113.71,162137.94

CyberShake_100_706.xml
248.98,346707.55
245.62,340915.48
127.94,182650.86
124.73,177119.95

CyberShake_100_707.xml
221.23,309613.29
213.01,297051.04
132.99,188879.67
110.88,158884.88

CyberShake_100_708.xml
248.21,345603.66
243.26,337881.37
136.96,194719.93
128.41,181674.8

CyberShake_100_709.xml
204.15,286514.78
190.9,267970.55
107.08,154580.47
102.35,147684.78

CyberShake_100_710.xml
192.52,270378.66
179.04,251004.34
96.71,139483.79
96.61,139215.29

CyberShake_100_711.xml
185.05,259899.04
180.41,252567.09
92.8,134644.79
92.78,134233.49

CyberShake_100_712.xml
270.14,376334.3
258.98,359806
160.37,227377.05
135.33,192165.23

CyberShake_100_713.xml
254.76,354620.88
252.1,346652.85
127.64,181874.45
127.62,181359.52

CyberShake_100_714.xml
188.57,264858.54
181.41,253798.11
94.61,136895.86
94.55,136071.36

CyberShake_100_715.xml
270.01,372900.3
266.7,369411.46
148.82,210848.4
135.26,190901.36

CyberShake_100_716.xml
214.66,300232.41
211.61,294696.11
108.9,157212.23
107.99,154476.73

CyberShake_100_717.xml
208.06,291553.21
202.9,283722.04
109.94,155226.17
104.27,149752.77

CyberShake_100_718.xml
267.1,370842.7
263.64,364691.81
134,190452.97
133.86,188622.4

CyberShake_100_719.xml
207.15,290075.57
175.75,246177.26
116.27,164964.6
109.72,156637.39

CyberShake_100_720.xml
228.91,317398.55
218.74,304791.31
125.65,177516.87
114.7,163521.14

CyberShake_100_721.xml
237.77,332513.28
214.65,298873.03
135.24,192722.98
125.78,179062.98

CyberShake_100_722.xml
240.05,334556.78
238.38,331503.52
120.3,171849.04
120.28,171327.8

CyberShake_100_723.xml
227.71,317780
218.35,304621.95
142.3,201795.46
114.1,162528.9

CyberShake_100_724.xml
267.6,372587.86
253.74,353118.86
160.83,227859.74
134.04,190225.75

CyberShake_100_725.xml
186.86,263030.4
178.82,251699.81
93.94,136926.41
93.71,135959.93

CyberShake_100_726.xml
268.36,373161.39
247.72,344621.97
134.46,191149.4
138.26,195801.67

CyberShake_100_727.xml
239.87,334537.36
218.2,303743.01
120.21,171369.8
120.18,171065.28

CyberShake_100_728.xml
267.22,372180.25
262.82,365225.18
162.11,229622.28
133.85,190347.97

CyberShake_100_729.xml
254.32,354628.34
232.99,325149.12
127.44,181649.07
130.96,186173.82

CyberShake_100_730.xml
160.7,229624
133.57,191944.22
80.63,120932.44
87.49,128484.35

CyberShake_100_731.xml
252.81,351678.32
247.41,343416.81
146.71,205960.17
126.64,179176.87

CyberShake_100_732.xml
225.55,315564.63
222.16,309962.9
145.29,206642.52
113.03,161753.9

CyberShake_100_733.xml
244.78,342133.71
242.91,338510.56
142.51,203573.82
134.51,191123.15

CyberShake_100_734.xml
215.12,301504.78
205.24,287546.83
116.71,167695.7
108.23,155541.27

CyberShake_100_735.xml
235.13,328055.37
227.56,316608.7
132.97,189483.51
117.82,164365.97

CyberShake_100_736.xml
240.06,334264.14
235.72,327180.65
138.22,196431.71
120.28,170676.87

CyberShake_100_737.xml
267.39,372464.61
258.21,358514.91
134.71,192149.87
134.56,190929.67

CyberShake_100_738.xml
231.43,321117.41
226.45,315308.62
123.88,177582.37
115.95,165381.91

CyberShake_100_739.xml
222.29,310456
218.25,303348.48
143.32,203122.07
111.5,158646.43

CyberShake_100_740.xml
241.46,337204.57
239.37,333431.14
143.65,204609.92
121,172210.84

CyberShake_100_741.xml
243.24,339623.37
232.62,324388.47
129.68,185749.65
134.01,189910.64

CyberShake_100_742.xml
239.5,334979.12
232.75,324858.26
124.07,178059.6
120,172157.23

CyberShake_100_743.xml
240.82,336149.43
232.09,323396.4
168.06,237072.47
131.26,186093.45

CyberShake_100_744.xml
259.39,360969.19
256.77,356266.92
130.19,184962.97
129.94,184507.1

CyberShake_100_745.xml
239.13,333235.36
228.29,314068.33
130.54,186006.24
125.75,178062.33

CyberShake_100_746.xml
191.74,269604.46
182.42,255887.67
120.81,172707.04
96.12,138848.61

CyberShake_100_747.xml
254.83,354915.16
254.03,352712.47
142.99,203013.53
127.66,181326.49

CyberShake_100_748.xml
236.69,330231.96
227.01,316147.98
119.93,171993.21
130.05,184243.42

CyberShake_100_749.xml
267.62,372364.71
256.41,355874.96
159.7,225745.84
134.07,189705.14

CyberShake_100_750.xml
219.38,306897.52
194.01,271158.27
122.11,174321.89
112.42,160480.34

CyberShake_100_751.xml
256.78,357408.46
255.98,355348.82
156.35,221360.78
128.63,182341.46

CyberShake_100_752.xml
254.44,354502.19
241.92,336405.84
146.43,208224.2
127.48,181238.24

CyberShake_100_753.xml
244.72,341649.95
220.6,306952.04
136.52,192968.15
126.68,179811.88

CyberShake_100_754.xml
264.18,367263.85
262.73,361065.89
152.44,215850.58
143.22,201901.42

CyberShake_100_755.xml
268.38,373481.83
263.59,366191
152.31,216068.72
134.43,190500.88

CyberShake_100_756.xml
260.21,361911.93
241.73,335932.34
130.56,185969.26
130.32,185250.76

CyberShake_100_757.xml
266.91,371233.29
262.56,364017.83
133.73,190474.94
133.72,189394.77

CyberShake_100_758.xml
270.36,376071.79
267.58,370584.27
135.47,192488.04
135.41,191816.34

CyberShake_100_759.xml
256.13,357219.97
231.12,323158.23
136.75,195929.73
135.11,192396

CyberShake_100_760.xml
249.04,345877.1
240.06,332545.22
144.85,204029.06
124.99,176828.99

CyberShake_100_761.xml
197.99,277724.07
192.08,265202.04
99.27,143637
99.24,142360.82

CyberShake_100_762.xml
259.86,361127.57
255.2,349708.57
179.19,251616.83
130.21,183881.41

CyberShake_100_763.xml
268.72,373821.34
255.97,355040.03
134.67,191254.61
134.58,190842.62

CyberShake_100_764.xml
233.24,325277.96
219.92,306181.81
119.08,170429.73
120.02,170479.47

CyberShake_100_765.xml
231.99,323580.67
219.27,305516.18
129.85,184835.73
125.4,177648.68

CyberShake_100_766.xml
187.34,263184.42
169.43,238603.8
93.98,136243.43
93.93,135560.13

CyberShake_100_767.xml
212.76,299439
190.28,268154.9
108.21,157310.06
107.42,155412.57

CyberShake_100_768.xml
272.81,380543.9
246.01,342808.85
148.78,211051
145.64,206324.25

CyberShake_100_769.xml
234.59,328755.49
228.95,320447.82
148.05,211327.11
117.49,168710.82

CyberShake_100_770.xml
224.34,313870.52
223.01,310949.09
122.76,176101.16
112.41,160698.66

CyberShake_100_771.xml
242.6,340053.67
219.5,307807.45
137.62,195300.92
127.52,182640.36

CyberShake_100_772.xml
225.72,315704.87
215.49,300573.82
123.36,176863.39
113.1,161756.15

CyberShake_100_773.xml
232.55,324085.12
222.37,309271.96
126.06,179887.23
116.53,162297.71

CyberShake_100_774.xml
257.93,359412.18
254.03,353166.69
132.61,189288.36
129.22,183472.94

CyberShake_100_775.xml
223.74,311950.08
219.77,305314.45
112.15,160354.98
112.12,159967.21

CyberShake_100_776.xml
217.93,304020.57
214.33,297835.99
113,161783.93
109.22,152821.45

CyberShake_100_777.xml
207.04,290032.22
201.63,281587.13
104.05,150181.07
103.8,148876.01

CyberShake_100_778.xml
198.09,277593.05
197.98,275849.93
99.8,143822.17
100.09,143546.22

CyberShake_100_779.xml
206,288866.16
205.22,286513.24
107.8,155742.82
103.19,145505.68

CyberShake_100_780.xml
258.02,360681.08
249.93,348606.27
150.74,214972.54
129.28,184431.69

CyberShake_100_781.xml
220.77,308212.64
215.56,300121.62
114.22,163904.2
110.59,157639.49

CyberShake_100_782.xml
254.15,354582.58
254.15,353118.3
127.58,182686.01
127.32,181226.01

CyberShake_100_783.xml
246.04,342980.7
238.66,328275.87
139.51,198491.33
123.24,175104.53

CyberShake_100_784.xml
182.16,255945.8
152.75,216667.36
91.41,133966.4
95.8,138733.43

CyberShake_100_785.xml
243.82,340880.35
237.74,331424.24
143.49,203263.34
122.17,174554.73

CyberShake_100_786.xml
251.94,351019.83
239.57,333363.45
132.34,188821.65
126.24,179206.47

CyberShake_100_787.xml
207.43,289114.27
201.49,279831.42
106.78,152584.83
103.96,147510.8

CyberShake_100_788.xml
222.21,310790.15
219.06,301782.37
116.99,168163.96
113.56,161759.93

CyberShake_100_789.xml
238.16,330190.06
236.31,328402.23
136.9,193078.66
119.32,169871.37

CyberShake_100_790.xml
205.5,287309.64
205.06,285793.76
103.03,148675.53
103,147443.04

CyberShake_100_791.xml
253.48,353792.69
233.53,325898.14
127.06,181604.79
129.09,183931.35

CyberShake_100_792.xml
240.89,335638.21
228.4,316799.69
120.9,171936.16
120.69,171107.1

CyberShake_100_793.xml
246.57,344112.73
225.45,314816.17
123.6,176777.81
127.15,181074.8

CyberShake_100_794.xml
269.4,375282.11
260.69,362094.52
159.46,225787.85
134.98,191480.28

CyberShake_100_795.xml
165.68,235291.46
135.58,192553.28
83.22,121638.88
90.17,131115.79

CyberShake_100_796.xml
249.19,347203.03
238.42,331767.14
155.94,220652.84
128.51,182245.98

CyberShake_100_797.xml
269.16,374899.35
262.18,364330.02
162.14,229776.85
134.82,191439.07

CyberShake_100_798.xml
199.85,280507.42
194.23,271527.15
122.94,175289.14
102.67,147582.97

CyberShake_100_799.xml
247.16,344744.83
217.06,303860.3
131.13,187794.04
130.3,184933.49

CyberShake_100_800.xml
265.86,370331.24
243.73,339367.31
133.37,190320.55
139.37,197526.58

CyberShake_100_801.xml
222.02,310559.83
200.51,280256.95
111.27,159756.04
114.26,163323.01

CyberShake_100_802.xml
267.43,372058.42
263.29,365208.13
167.01,233777.02
133.98,189744.31

CyberShake_100_803.xml
192.9,270338.31
184.67,257853.1
96.73,139280.58
96.72,138767.93

CyberShake_100_804.xml
272.76,379540.38
262.22,364359.28
159.61,226420.99
136.62,193489.67

CyberShake_100_805.xml
238.31,331933.5
233.98,321935.38
119.43,170711.8
119.4,169314.04

CyberShake_100_806.xml
241.19,336703.08
226.33,315174.22
121.36,173432.82
124.39,177450.37

CyberShake_100_807.xml
269.18,373855.35
268.56,372013.92
157.4,222102.95
134.85,190386.33

CyberShake_100_808.xml
203.83,285985.75
196.85,275710.55
104.05,150398.37
102.12,146497.63

CyberShake_100_809.xml
253.02,352356.18
248.17,344622.01
126.79,180881.42
126.75,180279.49

CyberShake_100_810.xml
249.49,348499.21
229.34,320037.91
128.61,183658.6
130.16,185288.51

CyberShake_100_811.xml
233.89,327284.56
226.6,316698.05
119.04,171380.74
117.22,167555.67

CyberShake_100_812.xml
236.24,329761.95
228.84,318306.07
141.05,200429.42
126.43,179201.07

CyberShake_100_813.xml
254.81,355004.17
246.57,342823.09
141.27,201005.08
129.02,182939.28

CyberShake_100_814.xml
266.54,370516.64
258.17,358171.55
160.6,226516.98
133.54,189247.45

CyberShake_100_815.xml
204.94,287135.04
188.61,263829.97
102.75,147684.83
106.83,152959.66

CyberShake_100_816.xml
261.46,364486.44
252.58,351449.81
159.56,226264.97
131.08,186291.11

CyberShake_100_817.xml
232.65,325275.85
224.27,312984.94
124.16,175449.81
127.39,181221.88

CyberShake_100_818.xml
264.27,367865.24
261.01,362254.59
159.59,225994.96
132.39,187710.25

CyberShake_100_819.xml
251.47,350486.12
246.29,342001.09
151.84,213453.4
126,178739.01

CyberShake_100_820.xml
222.26,310388.3
221.76,308356.06
111.41,159878.7
111.38,158339.32

CyberShake_100_821.xml
258.33,359487.31
254.11,352474.73
143.77,204325.32
129.41,183588.56

CyberShake_100_822.xml
231.02,323016.95
223.85,312344.37
121.74,172118.53
115.77,165286.97

CyberShake_100_823.xml
222.13,310638.71
211.16,294562.22
114.45,164188.48
111.51,159396.6

CyberShake_100_824.xml
215.44,302053.93
204.4,286007.94
113.39,163614.29
108,154954.62

CyberShake_100_825.xml
268.41,373615.57
257.19,357246.58
159.37,225576.71
134.47,190545.25

CyberShake_100_826.xml
243.03,340004.59
221.24,309494.9
122.92,176906.33
126.96,181438.63

CyberShake_100_827.xml
211,294556.02
203.55,283559.88
109.72,157050.75
105.73,150463.5

CyberShake_100_828.xml
200.06,280760.84
179.25,251584.37
100.31,144938.73
100.3,144350.44

CyberShake_100_829.xml
266.57,371076.84
248.72,345986
133.54,190182.69
134.36,190809.18

CyberShake_100_830.xml
236.74,330241.4
233.72,325035.01
121.46,174109.32
118.64,168572.98

CyberShake_100_831.xml
257.66,358026.74
251.72,349537.11
129.11,184051.2
129.1,183343.86

CyberShake_100_832.xml
265.08,369677
240.96,336092.65
134.94,192617.47
133.17,189831.99

CyberShake_100_833.xml
261.09,363391.99
256.05,355084.3
159.66,225669.93
130.79,185253.68

CyberShake_100_834.xml
251.28,349789.98
246.54,338842.73
142.01,201850.34
125.92,178564.36

CyberShake_100_835.xml
267.9,371264.15
261.82,361677.2
159.83,224611.99
134.19,188571.55

CyberShake_100_836.xml
246.1,343265.91
231.31,321630.71
142.9,202334.96
123.3,175553.98

CyberShake_100_837.xml
197.64,277436.11
192.74,269861.56
102.76,148720.74
99.07,142399.06

CyberShake_100_838.xml
207.11,290204.13
178.3,250059.71
103.83,150054.67
106.31,152049.04

CyberShake_100_839.xml
238.36,331879.59
238.04,330360.91
147.6,208865.22
124.33,175817.17

CyberShake_100_840.xml
256.12,356727.62
248.78,345623.76
184.06,258817.67
128.32,181907.84

CyberShake_100_841.xml
260.33,363040.8
256.54,356768.96
139.61,199375
130.43,185560.35

CyberShake_100_842.xml
171.81,243323.61
139.9,199096.62
86.3,127240.86
92.21,133679.01

CyberShake_100_843.xml
248.24,345506.25
241.38,335222.11
124.4,177702.09
124.38,176448.76

CyberShake_100_844.xml
199.24,279706.32
186.45,261219.77
130.1,184976.9
99.97,143718.07

CyberShake_100_845.xml
248.63,345685.75
238.99,331576.08
124.59,177217.61
124.69,176530.9

CyberShake_100_846.xml
241.84,337194.12
237.3,329995.05
134.44,191565.78
121.18,172398.4

CyberShake_100_847.xml
261.48,363852.07
258.84,359189.19
160.85,227372.05
131,185494.76

CyberShake_100_848.xml
254.13,355157.65
250.98,349734.51
144.61,206436.68
127.31,181701.47

CyberShake_100_849.xml
208.58,291989.34
200.38,279795.04
106.92,154124.68
104.54,149441

CyberShake_100_850.xml
238.23,331826.57
237,329074.67
131.2,186794.66
125.89,177991.94

CyberShake_100_851.xml
234.35,326960.38
228.29,317542.6
129.63,184816.38
117.45,167022.87

CyberShake_100_852.xml
254.72,354023.03
254.25,352121.97
156.19,220105.32
127.61,180601.18

CyberShake_100_853.xml
251.74,351094.08
242.66,338072.46
126.15,180480.24
126.13,179875.84

CyberShake_100_854.xml
241.38,336120.47
239.59,329282.76
121.5,172825.54
120.94,171855.89

CyberShake_100_855.xml
259.09,357778.43
258.55,357277.01
156.09,220272.48
129.78,182938.68

CyberShake_100_856.xml
234.1,327057.71
220.08,307145.27
117.41,168145.48
117.31,167526.83

CyberShake_100_857.xml
238.66,333107.98
237.13,329719.52
122.94,176138.53
119.57,170067.53

CyberShake_100_858.xml
272.78,378858.38
268.71,371725.08
163.37,230125.41
141.03,198529.44

CyberShake_100_859.xml
159.01,225204.77
128.77,183063.55
89.99,130157.66
87.03,126454.05

CyberShake_100_860.xml
209.25,293277.03
204.27,285351.55
108.24,155832.06
104.9,150378.49

CyberShake_100_861.xml
202.14,283561.45
198.7,277681.25
101.94,147451.17
101.35,145785.71

CyberShake_100_862.xml
249.78,347233.87
243.12,336935.06
138.32,194547.91
125.16,177027.07

CyberShake_100_863.xml
271.33,377559.67
266.08,369476.07
167.22,236574.77
135.91,192685.1

CyberShake_100_864.xml
216.4,303783.76
211.31,295878.02
140.17,200292.37
108.46,155942.7

CyberShake_100_865.xml
264.56,367743.51
263.2,364463.11
132.58,188586.35
132.52,187302.43

CyberShake_100_866.xml
197.28,277243.09
187.25,263039.29
99.57,144300.44
99,142935.85

CyberShake_100_867.xml
224.28,313542.08
214.88,299955.99
140.28,199737
117.55,167645.01

CyberShake_100_868.xml
242.23,339060.88
240.94,336394.61
152.01,216705.2
121.35,173725.24

CyberShake_100_869.xml
215.91,302604.66
215.41,300599.06
108.84,157586.45
108.23,155185.5

CyberShake_100_870.xml
267.52,372523.33
257.1,357058.51
148.24,210672.6
134.04,190231.68

CyberShake_100_871.xml
254.5,353861.59
254.55,352386.56
146.36,207028.03
127.52,180233.47

CyberShake_100_872.xml
189.19,265607.91
177.72,248837.4
94.87,137148.11
94.85,136830.96

CyberShake_100_873.xml
185.72,261038.15
174.94,244841.32
93.14,134715.13
93.3,134438.27

CyberShake_100_874.xml
272.43,379430.15
269.71,374721.62
151.07,215206.16
136.45,193782.08

CyberShake_100_875.xml
248.76,346851.05
236.92,329637.33
142.86,203187.68
124.62,177070.48

CyberShake_100_876.xml
201.8,283218.06
189.79,265965.58
101.99,147595.82
101.24,145822.35

CyberShake_100_877.xml
266.32,370854.18
252.75,351448.84
149.83,212943.66
133.41,189266.05

CyberShake_100_878.xml
209.61,293895.8
204.17,285263.92
109.94,158719.45
105.04,147351.61

CyberShake_100_879.xml
240.28,335490.78
232.99,323977.16
141.7,201379.72
120.41,171342.3

CyberShake_100_880.xml
210.56,294452.45
192.38,268732.71
105.56,151404.24
105.54,151161.99

CyberShake_100_881.xml
225.54,314601.52
222.19,308511.45
144.69,203204.49
122.43,173202.72

CyberShake_100_882.xml
243.74,340140.64
237.4,327055.74
123.7,177373.58
122.14,174191.73

CyberShake_100_883.xml
265.5,370191.52
265.3,368692.19
159.16,226065.78
133,188851.1

CyberShake_100_884.xml
229.59,320843.06
213.66,298401.09
120.26,172549.37
115.05,164246.66

CyberShake_100_885.xml
237.79,331784.7
228.5,317937.89
126.33,180616.9
119.15,169328.46

CyberShake_100_886.xml
252.32,351794.14
247.59,344603.64
146.95,208791.92
126.41,179803.75

CyberShake_100_887.xml
257.21,357921.57
253.7,351999.73
142.99,202999.64
128.84,182585.29

CyberShake_100_888.xml
259.48,361005.48
248.2,345030.61
132.48,188453.01
130.01,184677.7

CyberShake_100_889.xml
260.75,362704.79
245.93,341352.71
130.71,185821.33
130.6,185164.93

CyberShake_100_890.xml
263.03,365552.42
251.21,348386.86
131.98,188215.18
131.76,186441.27

CyberShake_100_891.xml
247.78,346188.78
220.85,308454.67
124.17,177896.7
133.42,189516.71

CyberShake_100_892.xml
240.75,335068.97
227.05,311790.73
166.13,233775.82
120.63,170928.83

CyberShake_100_893.xml
252.09,351925.57
230.64,321296.35
147.66,208901.59
130.22,185328.3

CyberShake_100_894.xml
243.8,340344.45
243.85,338999.7
142.15,202582.39
122.17,173906.34

CyberShake_100_895.xml
206.84,290840.15
197.78,277865.95
103.74,150523.27
104.51,150928.29

CyberShake_100_896.xml
254.67,354086.94
250.11,346524.36
171.08,240572.34
127.57,180299.84

CyberShake_100_897.xml
220.73,310102.87
199.19,279722.83
112.92,162962.17
113.99,163763.58

CyberShake_100_898.xml
270.23,376664.3
266.05,369454.86
162.51,230482.26
135.48,192153.75

CyberShake_100_899.xml
215.54,301247.41
212.21,295673.57
112.62,158837.67
116.41,165501.47

CyberShake_100_900.xml
214.67,301237.86
212.6,297184.25
108.48,156783.79
107.61,154269.46

CyberShake_100_901.xml
212.47,297365.83
211.67,294876.83
112.42,161694.9
108.2,154396.77

CyberShake_100_902.xml
188.39,266299.08
165.06,233088.77
95.4,139514.66
97.25,140970.75

CyberShake_100_903.xml
255.21,355303.36
253.14,351095.45
133.84,190715.21
127.88,180896.25

CyberShake_100_904.xml
264.25,368369.99
254.54,354442.24
150.48,214212.91
132.39,188175.37

CyberShake_100_905.xml
261.91,365577.2
235.11,327947.59
141.89,202589.97
136.95,194545.29

CyberShake_100_906.xml
246.91,343846.31
242.68,336707.1
123.73,175912.77
123.72,175480.8

CyberShake_100_907.xml
219.9,307772.62
212.31,292486
139.06,197857.89
110.22,157970.11

CyberShake_100_908.xml
234.46,327077.05
214.76,299730.6
117.49,168049.63
117.46,167327.5

CyberShake_100_909.xml
252.48,349842.02
249.76,347741.75
136.13,194481.13
131.87,187384.48

CyberShake_100_910.xml
264.36,366794.98
253.28,350614.12
132.62,188038.24
132.44,186850.91

CyberShake_100_911.xml
268.04,372713.59
259.65,360419.41
170.93,240910.74
134.26,189833.93

CyberShake_100_912.xml
254.32,354648.01
249.51,346888.87
147.39,209665.65
127.41,181119.38

CyberShake_100_913.xml
269.36,374363.8
255.56,351050.53
165.75,232450.35
134.94,187869.65

CyberShake_100_914.xml
227.35,318143.13
206.03,288473.28
114.02,163745.89
117.39,167906.84

CyberShake_100_915.xml
203.83,285202.31
182.21,255364.36
102.19,146831.54
102.16,146334.42

CyberShake_100_916.xml
256.64,357468.53
252.07,349784.33
145.54,206956.78
128.59,182310.39

CyberShake_100_917.xml
205.46,287411.09
185.45,259303.97
129.51,183391.13
103.17,147738.92

CyberShake_100_918.xml
228.9,320149.72
226.16,315079.66
114.96,165408.73
114.7,164239.46

CyberShake_100_919.xml
209.54,293163.42
201.21,280903.4
105.08,150951.75
105.02,150539.03

CyberShake_100_920.xml
242.87,339099.34
231.57,322782.13
122.2,174804.42
121.71,173632.25

CyberShake_100_921.xml
254.63,354633.35
250.21,347263.7
149.51,212139.82
127.57,180939.07

CyberShake_100_922.xml
270.98,376233.9
267.93,370823.64
177.65,249787.41
135.77,191704.06

CyberShake_100_923.xml
265.61,370144.69
258.8,359903.87
133.39,190502.17
133.07,189512.92

CyberShake_100_924.xml
224.11,313272.15
212.77,296960.64
112.33,161022.22
112.33,160602.99

CyberShake_100_925.xml
270.13,375043.92
264.87,366462.51
159.96,225391.02
135.31,190690.9

CyberShake_100_926.xml
242.42,338454.53
227.52,317177.31
133.83,191244.22
133.43,189095.82

CyberShake_100_927.xml
259.47,360513.95
238.44,331005.63
130.26,185201.13
129.97,183866.72

CyberShake_100_928.xml
236.95,331435.16
232.06,323835.94
125.66,180505.55
118.72,169814.07

CyberShake_100_929.xml
246.87,344272.03
235.97,328791.23
131.31,187512.77
123.69,172544.89

CyberShake_100_930.xml
268.65,373978.14
261.86,363913.14
150.9,214567.17
134.57,190812.74

CyberShake_100_931.xml
222.21,309340.22
219.67,304853.85
111.4,159100.24
111.35,157825.12

CyberShake_100_932.xml
252.33,351332.99
248.92,345204.5
126.44,180759.27
126.41,176527.27

CyberShake_100_933.xml
234.34,327583.79
234.2,325940.02
122.37,175908.15
117.41,167726.25

CyberShake_100_934.xml
260.71,363013.22
258.58,358616.49
159.41,225724.29
130.61,184983.14

CyberShake_100_935.xml
254.68,354609.6
247.87,344009.23
184.15,258748.52
127.71,180999.53

CyberShake_100_936.xml
176.06,247445.92
150.68,212018.61
88.31,127919.56
94.61,135675.2

CyberShake_100_937.xml
221.38,309922.82
211.41,295244.32
114,164223.59
110.94,158700.74

CyberShake_100_938.xml
215.95,301537.04
214.15,297750.57
108.27,155239.09
108.22,154932.8

CyberShake_100_939.xml
269.02,375744.61
261.23,364255.89
156.21,222623.93
134.78,192219.97

CyberShake_100_940.xml
207.77,291794.57
182.55,256255.76
115.47,164748.85
110.12,157698.87

CyberShake_100_941.xml
269.7,375896.26
263.82,366832.34
157.02,222869.83
135.1,191971.01

CyberShake_100_942.xml
213.51,299251.48
212.57,296716.37
138.53,194893.18
107.02,153215.01

CyberShake_100_943.xml
251.57,350378.09
245.02,340369.38
151.46,214443.07
126.06,175457.7

CyberShake_100_944.xml
211.92,296700.83
200.82,280794.54
133.9,190790.59
115.58,164610.7

CyberShake_100_945.xml
264.41,367590.35
264.43,366171.64
151.5,214409.26
132.45,187461.14

CyberShake_100_946.xml
242.72,339206.93
239.26,329252.93
149.86,213008.26
121.63,174012.55

CyberShake_100_947.xml
232.13,324116.02
225.55,313703.74
116.34,166613.4
116.34,166142.09

CyberShake_100_948.xml
256.1,356689.21
245.02,340520.85
156.54,221661.15
128.3,181929.04

CyberShake_100_949.xml
264.12,367865.05
263.56,365637.94
136.75,195304.14
132.32,187697.52

CyberShake_100_950.xml
229.34,320214.38
218.04,303663.93
120.33,172295.35
114.89,163556.93

CyberShake_100_951.xml
207.93,291941.96
196.69,275766.49
134.56,191775.97
104.22,149685.43

CyberShake_100_952.xml
234.05,327612.51
226.26,316368.81
148.73,211786.76
117.26,167627.26

CyberShake_100_953.xml
234.39,327602.18
232.32,323608.8
117.46,168811.64
117.43,167654.96

CyberShake_100_954.xml
229.63,320587.35
218.01,303875.14
120.38,172607.99
115.05,163788.54

CyberShake_100_955.xml
238.06,332122.25
238.1,331010.61
119.45,171114.03
119.29,169714.58

CyberShake_100_956.xml
262.3,365700.33
251.91,350746.58
147.22,209729.73
131.42,186938.98

CyberShake_100_957.xml
263.24,364477.17
260.31,357920.82
141.6,201406.3
131.88,186952.7

CyberShake_100_958.xml
261.27,364849.02
253.12,352774.25
133.23,190864.3
131.17,186989.2

CyberShake_100_959.xml
224.16,314933.74
220.52,308862.26
123.53,178289.95
124.69,174981.12

CyberShake_100_960.xml
181.41,255879.6
160.07,226001.89
105.7,152743.3
93.56,135199.7

CyberShake_100_961.xml
249.56,347721.26
241.71,335783.33
142.25,202198.13
125.04,177464.69

CyberShake_100_962.xml
253.06,353210.45
243.92,339852.24
126.81,181406.64
126.8,181052.05

CyberShake_100_963.xml
241.43,336442.1
223.59,307576.37
136.19,193771.54
120.95,168529.27

CyberShake_100_964.xml
219.32,306381.88
197.95,276427.42
130.05,184097.33
110.29,157235

CyberShake_100_965.xml
223.48,311985.29
217.26,302298.75
112.01,160402.61
112.32,160685.8

CyberShake_100_966.xml
239.85,334757.58
236.01,328666.1
138.74,197579.79
120.15,171216.21

CyberShake_100_967.xml
260.26,362182.8
258.59,358377.81
141.4,200997.45
130.4,184522.5

CyberShake_100_968.xml
224.66,313857.32
217.79,303138.1
127.15,181642.51
112.6,160540.39

CyberShake_100_969.xml
245.23,342724.72
235.53,328936.29
136.29,195018.33
125.79,179254.2

CyberShake_100_970.xml
198.99,280259.34
186.27,262205.4
102.65,149230.08
100.09,144990.48

CyberShake_100_971.xml
266.51,369686.32
266.22,368010.76
149.66,211319.32
133.52,188307.84

CyberShake_100_972.xml
271.28,377298.88
271.31,375599.95
163.89,231310.97
135.89,192153.9

CyberShake_100_973.xml
227.51,317740.59
226.5,315151.51
141.57,200591.34
113.99,162557.8

CyberShake_100_974.xml
233.3,325630.17
228.8,317821.39
116.91,167316.82
116.89,166491.74

CyberShake_100_975.xml
270.91,376370.08
264.68,366853.93
156.77,221694.52
135.73,191662.05

CyberShake_100_976.xml
260.8,362920.32
254.64,353266.93
139.75,198814.59
130.65,184947.72

CyberShake_100_977.xml
240.26,335812.52
237.2,330451.36
150.43,213914.37
120.4,171886.63

CyberShake_100_978.xml
267.12,371610.4
260.86,362179.71
157.65,223164.55
133.8,189525.72

CyberShake_100_979.xml
217.74,304948.13
206.86,289285
110.22,158807.38
112.66,161015.37

CyberShake_100_980.xml
226.48,316625.75
215.68,301158.82
113.54,163407.61
113.51,162145.7

CyberShake_100_981.xml
264.87,367882.58
263.9,365131.18
151.65,212728.55
132.69,187094.35

CyberShake_100_982.xml
204.41,286484.11
200.63,280157.14
104.83,151490.43
102.47,146823.53

CyberShake_100_983.xml
243.63,339646.27
239.2,332613.12
122.14,174568.11
122.08,173970.77

CyberShake_100_984.xml
225.78,315423.62
212.7,296516.2
113.15,161892.17
113.13,161773.19

CyberShake_100_985.xml
237.96,332128.41
226.76,316346.07
168.39,237772.54
119.22,170087.88

CyberShake_100_986.xml
266.64,371404.37
264.85,367833.25
165.2,233941.67
133.58,189770.06

CyberShake_100_987.xml
271.2,377226.35
263.17,365227.98
155.49,220238.81
135.85,192340.48

CyberShake_100_988.xml
242.37,338360.67
232.06,323360.96
152.03,213563.05
121.44,173077.52

CyberShake_100_989.xml
268.03,372734.42
254.75,353800.77
151.89,215076.36
134.29,189931.12

CyberShake_100_990.xml
257.67,360409
229.79,320084.23
144.3,205815.93
137.72,195655.27

CyberShake_100_991.xml
269.2,374092.61
266.16,368654.8
154.86,219002.4
134.86,188192.84

CyberShake_100_992.xml
205.34,287737.43
184.73,259144.5
102.95,148406.51
102.92,147783.21

CyberShake_100_993.xml
250.19,349119.22
239.65,334401.97
152.38,215985.31
125.34,178968.11

CyberShake_100_994.xml
241.12,333950.46
237.88,330840.19
166.83,235575.61
120.8,171751.79

CyberShake_100_995.xml
212.81,297811.11
206.28,287832.78
133.54,190369.6
106.65,152475.46

CyberShake_100_996.xml
254.48,354541.49
246.79,342700.08
146.24,207743.93
127.59,181030.62

CyberShake_100_997.xml
240.82,336760.35
227.03,317075.49
120.69,173179.3
123.66,176588.96

CyberShake_100_998.xml
215.34,302171.49
210.69,294594.41
107.96,155890.21
107.9,155430.01

CyberShake_100_999.xml
238.63,332654.41
231.16,321402.59
135.04,192243.84
119.57,169812.45

CyberShake_100_1000.xml
270.66,376361.9
263.89,365761.27
159.68,225992.39
135.6,191774.01

