CyberShake_300_1.xml
214.47,177857.5
240.96,196891.9
146.95,135982.35
144.03,131226.55

CyberShake_300_2.xml
251.01,191972.86
250.88,204453.95
146.66,137525.66
145.98,127869.06

CyberShake_300_3.xml
249.38,202551.6
274.94,221245.62
162.13,148396.5
160.5,142084.92

CyberShake_300_4.xml
192.6,162881.57
221.17,184610.65
137.44,131740.17
136.43,128210.11

CyberShake_300_5.xml
252.24,205140.28
252.87,207693.02
159.88,146624.99
143.71,128296.13

CyberShake_300_6.xml
201.35,174542.39
233.9,195836.31
143.85,138715.14
142.61,137917.89

CyberShake_300_7.xml
243.27,195990.29
272.6,217366.71
161.31,145605.64
160.41,143020.09

CyberShake_300_8.xml
229.21,191814.52
258.61,210928.6
159.22,150104.4
158.91,149231.07

CyberShake_300_9.xml
237.96,193895.99
260.28,210299.85
152.17,140338.45
147.55,129394.76

CyberShake_300_10.xml
194.74,164849.41
222.74,185350.73
137.32,130237.11
136.13,126318.38

CyberShake_300_11.xml
230.72,188125.72
231.14,191828.8
145.03,136625.04
144.19,127441.87

CyberShake_300_12.xml
219.42,181676.87
228.23,189665.05
140.24,134213.3
131.7,119471.17

CyberShake_300_13.xml
264.63,217670.42
296.87,238803.18
176.48,161737.09
174.37,159683.57

CyberShake_300_14.xml
233.66,191822.9
258.48,208098.66
143.91,134546.04
137.09,122092.33

CyberShake_300_15.xml
262.31,210785.03
287.44,228948.58
168.05,152753.49
165.78,145355.11

CyberShake_300_16.xml
179.57,155784.64
209.22,176054.43
137.04,132756.67
131.07,127190.95

CyberShake_300_17.xml
265.56,213434.52
285.46,228489.3
164.38,148139.47
151.76,133174.55

CyberShake_300_18.xml
255.89,211034.24
287.91,232021.89
167.31,154131.53
168.33,154363.85

CyberShake_300_19.xml
199.54,168505.67
227.04,188843.67
143.73,135766.38
138.91,129339.65

CyberShake_300_20.xml
205.28,172080.42
222.57,185679.21
143.53,135816.86
141.3,131842.9

CyberShake_300_21.xml
214.71,184475.54
245.2,204454.41
149.91,143493.33
148.57,142234.39

CyberShake_300_22.xml
181.37,162232.01
210.23,181150.97
134.08,132623.93
133.22,132270.66

CyberShake_300_23.xml
240.61,197089.72
267.07,214835.02
158.37,145526.16
154.33,137437.45

CyberShake_300_24.xml
222.72,183904.08
245.96,200135.61
139.94,129829.44
135.9,122618.28

CyberShake_300_25.xml
223.55,183249.11
220,182744.84
139.4,129983.28
131.89,118664.93

CyberShake_300_26.xml
190.47,161322.07
205.03,173678.59
131.11,124941.37
131.16,121845.63

CyberShake_300_27.xml
260.21,218115.69
288.22,236547.63
174.43,160028.17
171.81,159348.59

CyberShake_300_28.xml
285.16,228492.47
305.52,241451.48
186.03,165830.05
184.65,164599.69

CyberShake_300_29.xml
190.73,162270.42
215.1,179722.81
133.03,128778.7
131.17,121715.12

CyberShake_300_30.xml
266.16,203148.87
267.6,215722.61
166.53,147692.01
151.05,132850.17

CyberShake_300_31.xml
232.34,190746.05
254.58,208082.99
143.24,132616.83
139.8,123847.58

CyberShake_300_32.xml
193.28,163997.11
224.18,186169.76
143.26,137003.28
140.63,134439.96

CyberShake_300_33.xml
288.8,230133.99
316.92,248787.98
187.52,166581.12
183.41,163300.08

CyberShake_300_34.xml
201.17,169061.78
220.74,183983.61
141.89,133781.85
140.5,131108.77

CyberShake_300_35.xml
197.24,165523.41
217.39,179247.3
139.42,131259.99
135.25,126052.09

CyberShake_300_36.xml
232.14,189687.92
254.9,208372.87
148.64,139271.41
147.64,130931.85

CyberShake_300_37.xml
225.2,184955.82
224.94,186081.7
138.08,130743.75
128.18,114834.71

CyberShake_300_38.xml
221.46,182035.2
246.19,198765.28
147.78,136058.25
145.09,131253.76

CyberShake_300_39.xml
222.83,184586.25
249.02,202311.85
150.87,139014.45
147.1,133606.99

CyberShake_300_40.xml
251.23,203843.26
275.85,220551.17
163.18,147937.69
159.42,140461.21

CyberShake_300_41.xml
247.05,200206.96
245.78,201336.76
156.24,143611.85
135.98,121400.16

CyberShake_300_42.xml
256.33,205585.26
254.94,206883.14
158.9,145830.37
138.59,122729.34

CyberShake_300_43.xml
202.09,168548.24
232.95,190887.83
142.93,133237
142.09,130285.45

CyberShake_300_44.xml
238.75,195626.8
260.1,211116.41
146.86,136736.45
140.28,125821.67

CyberShake_300_45.xml
189.39,160606.05
211.24,177885.92
139.22,132825.36
135.98,129335.42

CyberShake_300_46.xml
225.14,184277.12
246.19,198903.92
138.89,128618.08
127.14,114897.05

CyberShake_300_47.xml
259.98,207521.68
279.75,222395.39
159.96,142616.76
162.68,141160.11

CyberShake_300_48.xml
287.84,240004.01
319.45,260573.67
187.43,172321.54
187.25,172067.64

CyberShake_300_49.xml
214.67,176720.83
211.28,176359.7
138.33,130301.76
129.86,116640.11

CyberShake_300_50.xml
206.3,172734.21
229.84,189839.49
132.97,127902.31
129.01,116333.87

CyberShake_300_51.xml
270.81,217413.73
272.94,220544.04
169.04,153532.9
158.11,137429.63

CyberShake_300_52.xml
241.19,186108.67
260.12,201419.12
152.29,140633.76
148.86,130780.93

CyberShake_300_53.xml
176.68,152002.63
182.14,159599.89
127.2,123801.06
128.21,121216.33

CyberShake_300_54.xml
267.73,217064.58
290.74,232058.14
177.16,159991.47
175.07,158185.73

CyberShake_300_55.xml
220.44,181103.11
222.28,185399.05
128.46,123402.68
127.67,114674.35

CyberShake_300_56.xml
228.01,187720.89
251.44,204143.54
154.41,141809.23
151.08,135825.8

CyberShake_300_57.xml
263.89,210813.98
267.19,214672.85
178.78,157880.48
151.85,131083.67

CyberShake_300_58.xml
266.91,215652.64
288.4,230801.72
182.21,162163.11
163.15,141249.67

CyberShake_300_59.xml
234.02,191282.17
257.95,208258.11
145.32,134215.13
137.27,122360.41

CyberShake_300_60.xml
257.69,207304.6
255.88,207530.13
159.43,145981.66
154.03,133837.94

CyberShake_300_61.xml
274.75,220995.61
308.64,243417.58
181.79,163297.61
178.48,160274.29

CyberShake_300_62.xml
257.31,208116.44
280.92,225071.11
187.36,159907.11
171.88,146258.2

CyberShake_300_63.xml
214.38,179386.09
238.83,196676.59
142.14,131331.74
137.96,124087.1

CyberShake_300_64.xml
243.85,198990.36
267.89,214657.15
157.28,142794.17
158.14,140153.42

CyberShake_300_65.xml
252.21,193417.26
254.3,205011.59
150.3,138698.16
146.9,126988.68

CyberShake_300_66.xml
246.01,202809.07
278.28,223633.41
164.77,150954.72
165.11,150673.14

CyberShake_300_67.xml
250.59,202710.43
271.5,217796.58
153.87,142126.47
141.22,124774.06

CyberShake_300_68.xml
215.58,178404.08
218.66,183229.32
135.5,130189.44
127.4,115500.62

CyberShake_300_69.xml
184.84,160923.41
211.64,178447.3
136.42,132621.59
135.48,131490.72

CyberShake_300_70.xml
190.3,163787.1
216.94,182056
134.11,127981.76
131.65,123095.33

CyberShake_300_71.xml
248.53,200064.66
263.25,212258.58
152.24,140941.66
145.03,126885.56

CyberShake_300_72.xml
206.93,173433.79
232.54,191284.59
148.76,139561.29
140.47,131851.68

CyberShake_300_73.xml
170.9,153933.76
203.7,175457.51
128.1,128002.28
126.79,127101.04

CyberShake_300_74.xml
245.82,199962.59
270.12,216625.23
157.87,145171.26
154.1,135476.64

CyberShake_300_75.xml
248.46,201025.33
273.57,219735.35
162.04,148434.18
159.96,141094.03

CyberShake_300_76.xml
220.26,181806.19
244.95,200043.35
151.23,140764.14
148.45,136893.88

CyberShake_300_77.xml
245.48,198247.89
266.2,214167.81
154.83,139947.28
137.26,121910.12

CyberShake_300_78.xml
265.76,211424.56
266.54,213870.26
162.4,146406.16
155.7,133737.12

CyberShake_300_79.xml
258.84,208943.21
281.43,225348.44
161.81,146229.72
145.7,128311.85

CyberShake_300_80.xml
269.9,214459.66
269.97,215801.33
156.76,143297.17
150.15,129557.49

CyberShake_300_81.xml
170.29,149373.3
200.04,169745.6
130.81,128288.06
126.4,123946.65

CyberShake_300_82.xml
181.11,157620.5
212.63,178238.97
135.1,132645.73
132.17,129278.23

CyberShake_300_83.xml
264.78,218234.17
297.34,239643.21
173.58,158947.8
172.51,158038.2

CyberShake_300_84.xml
262.38,209971.54
259.31,209731.4
157.49,142291.21
153.19,131867.85

CyberShake_300_85.xml
201.2,169065.47
226.18,186851.94
135.12,129618.52
132.92,122059.82

CyberShake_300_86.xml
230.57,187930.59
225.86,186926.07
141.04,130428.27
130.9,116898.8

CyberShake_300_87.xml
224.9,186000.37
255.51,207018.99
159.91,146902.83
155.38,143144.36

CyberShake_300_88.xml
258.93,209319.33
278.69,225752.13
169.71,154351.92
168.59,148780.61

CyberShake_300_89.xml
243.7,198329.69
235.63,195339.82
156.23,141250.4
152.22,133343.18

CyberShake_300_90.xml
270.7,215801.75
287.31,229753.53
179.74,161557.56
177.91,158099.75

CyberShake_300_91.xml
225.27,185195.38
258.48,210044.52
156.77,145045.54
155.3,142229.83

CyberShake_300_92.xml
257.62,206888.99
258.31,209376.35
161.4,145651.67
144.31,126845.51

CyberShake_300_93.xml
252.21,204266.42
280.16,223857.74
180.49,159647.24
165.99,147511.92

CyberShake_300_94.xml
227.85,187203.09
254.64,204980.28
156.87,143562.68
151.15,136377.6

CyberShake_300_95.xml
259.13,207736.99
292.12,229604.61
170.92,151971.85
170.17,150041.83

CyberShake_300_96.xml
239.55,195548.57
239.85,197926.36
152.72,142086.06
131.49,118708.95

CyberShake_300_97.xml
250.32,202393.02
253.26,206624.05
157.08,142810.96
156.86,137081.45

CyberShake_300_98.xml
211.84,178340.25
230.99,191750.36
147.07,139736.9
143.95,134387.22

CyberShake_300_99.xml
257.33,207062.67
256.44,206868.93
154.93,141218.69
143.27,124762.37

CyberShake_300_100.xml
259.81,209768.28
274.53,220075.51
173.36,157171.78
167.05,150396.29

CyberShake_300_101.xml
230.99,189623.93
248.74,204521.65
158.39,146196.76
154.69,140697.47

CyberShake_300_102.xml
234.03,191208.27
255.84,208054.96
145.74,136884.84
140.37,124247.72

CyberShake_300_103.xml
262.13,210594.88
288.26,228350.89
164.88,147186.94
163.73,142426.47

CyberShake_300_104.xml
250.22,212457.82
276.15,229253.28
166.69,157156.43
166.19,156570.46

CyberShake_300_105.xml
260.21,207085.36
257.07,207596.04
155.11,141229.36
152.96,131409.78

CyberShake_300_106.xml
269.98,215889.76
296.57,233898.1
178.26,158459.02
175.06,155166.13

CyberShake_300_107.xml
207.18,175557.46
239.32,196714.35
146.33,138319.53
145.03,137343.14

CyberShake_300_108.xml
209.22,175066.68
233.88,192050.56
131.37,125728.09
127.32,115272.69

CyberShake_300_109.xml
198.6,173335.08
230.84,194668.01
141.68,137871.29
142.48,138338.09

CyberShake_300_110.xml
192.5,170410.28
225.2,191839.86
136.67,134459.47
136.97,134420.29

CyberShake_300_111.xml
206.05,172076.41
230.89,188475.82
138.75,132350.47
134.32,122713.04

CyberShake_300_112.xml
250.73,204458.41
275.33,221006.71
186.22,163469.61
148.85,131099.31

CyberShake_300_113.xml
238.15,194457.18
259.87,210498.7
168.08,151415.88
143.41,125999.17

CyberShake_300_114.xml
220.21,182010.92
234.6,193605.55
138.82,132696.75
134.4,120147.25

CyberShake_300_115.xml
239.26,196944.86
270.58,217295.42
162.19,149314.7
160.51,147560.21

CyberShake_300_116.xml
274.36,208555.94
276.19,221703.02
172.66,155290.83
149.54,131111.44

CyberShake_300_117.xml
248.82,200713.21
268.69,214323.19
148.19,134362.78
141.22,124072.39

CyberShake_300_118.xml
244.11,204306.14
271.5,222211.55
162.68,151423.48
162.28,150911.49

CyberShake_300_119.xml
236.2,194195.86
261.13,212510.87
148.36,140242.68
140.63,126191.32

CyberShake_300_120.xml
177.72,152019.65
204.44,169911.49
131.32,126049.6
128.87,122473.58

CyberShake_300_121.xml
266.1,213438.81
288.24,229850.25
160.31,145080
152.43,132412.51

CyberShake_300_122.xml
263.94,212121.6
289.84,229674.92
173.57,155942.52
172.87,154637.92

CyberShake_300_123.xml
220.83,181352.17
217.19,179888.48
136.29,127636.25
127.97,113794.43

CyberShake_300_124.xml
229.19,187447.2
250.06,204731.47
154.23,141777.05
152.84,138954.97

CyberShake_300_125.xml
195.97,165490.04
223.45,185662.67
139.19,131485.38
137.38,127572.88

CyberShake_300_126.xml
244.03,196854.78
241.98,196802.94
151.26,137491.12
134.86,119247.38

CyberShake_300_127.xml
273.98,219618.03
298.51,235979.05
173.01,154399.69
172.85,150645.4

CyberShake_300_128.xml
255.07,205872.16
278.3,222863.31
177.33,156601.29
143.95,126934.34

CyberShake_300_129.xml
206.15,173513.03
226.15,186989.65
147.47,138025.8
142.65,133326.33

CyberShake_300_130.xml
255.65,206792.97
285.53,229072.12
173.01,157447.66
170.43,154171.19

CyberShake_300_131.xml
220.21,180216.72
232.02,190597.23
137.16,129414.34
131.01,116841.01

CyberShake_300_132.xml
235.12,191227.79
233.53,192864.36
144.38,135640.6
131.19,118173.68

CyberShake_300_133.xml
191.78,170167.3
222.61,190369.86
141.3,138659.53
139.55,137547.52

CyberShake_300_134.xml
227.91,193924.28
257.44,213123.48
157.38,148094.84
155.92,147460.69

CyberShake_300_135.xml
249.69,202131.14
248.58,202786.74
152.21,141441.02
149.77,130192.62

CyberShake_300_136.xml
227.87,187724.93
255.25,206977.21
156.13,143502.34
151.5,137387.01

CyberShake_300_137.xml
228.8,186433.61
254.2,206728.76
148.61,137006.37
147.27,130750.14

CyberShake_300_138.xml
255.78,207006.4
277.26,222330.57
161.35,147515.52
152.02,132609.21

CyberShake_300_139.xml
245.06,198087.95
267.35,215348.14
154.4,140351.18
152.4,133754.26

CyberShake_300_140.xml
239.91,196111.3
265.76,214277.1
162.59,150019.64
160.05,147048.29

CyberShake_300_141.xml
270.77,216271.79
296.74,235848.24
175.65,156867.25
175.17,153975.62

CyberShake_300_142.xml
194.85,165398.79
216.09,182312.63
133.36,126923.06
127.82,117339.15

CyberShake_300_143.xml
261.44,209252.72
262.54,210867.6
178.66,158187.18
149.77,130154.08

CyberShake_300_144.xml
244.93,198971.64
268.05,214791.64
152.85,139482.11
143.94,127671.66

CyberShake_300_145.xml
205.56,171079.36
207.59,166234.49
127.31,124144.93
125.98,113615.69

CyberShake_300_146.xml
256.5,205890.53
255.67,206636
161.51,146050.46
145.71,128286.59

CyberShake_300_147.xml
188.23,160579.45
214.02,178642.22
135.22,128932.07
133.38,124988.64

CyberShake_300_148.xml
253.31,205820.85
276.46,222296.32
153.01,142431.83
147.71,129884.22

CyberShake_300_149.xml
256.36,206272.53
279.07,223677.02
157.28,144772.33
155.36,134718.16

CyberShake_300_150.xml
239.58,194169.77
238.59,195332.14
146.39,133973.55
143.88,124715.25

CyberShake_300_151.xml
254.05,206721.97
280.93,224405.4
167.03,152510.28
164.34,145513

CyberShake_300_152.xml
188.4,160919.4
212.34,179468.21
127.03,125552.84
128.28,119207.92

CyberShake_300_153.xml
208.28,174225.08
229.71,189352.98
148.62,140442.07
144.11,134601.95

CyberShake_300_154.xml
249.75,202327.66
271.6,217943.5
158.33,143531.81
142.64,126437.13

CyberShake_300_155.xml
225.65,185555.92
249.21,203169.31
143.29,134711.12
142.81,126966.15

CyberShake_300_156.xml
247.53,201733.63
271.78,218711.97
148.19,137908.5
144.25,127862.9

CyberShake_300_157.xml
233.75,191478.53
252.18,204697.97
157.87,145980.01
153.7,139820.52

CyberShake_300_158.xml
225.86,185820.57
249.42,201567.03
148.56,136242.87
145.62,130889.96

CyberShake_300_159.xml
259.75,212531.65
291.72,233608.17
172,156450.39
170.81,155542.92

CyberShake_300_160.xml
240.9,197647.3
270.36,217452.68
164.83,151673.57
160.35,147883.5

CyberShake_300_161.xml
248.6,204139.23
278.07,223516.3
166.45,151856.69
165.49,150922.76

CyberShake_300_162.xml
266.92,214849.32
292.2,232225.38
193.03,166128.55
162.38,140009

CyberShake_300_163.xml
269.73,216128.36
295.06,233350.99
164.38,145728.77
158.52,137097.14

CyberShake_300_164.xml
183.05,157478.27
209.41,175770.77
145.47,136061.2
130.06,122408.9

CyberShake_300_165.xml
174.63,152643.37
201.02,170883.48
132.65,129280.8
127.89,125664.11

CyberShake_300_166.xml
265.13,213630.21
289.05,232122.33
192.52,163904.45
173.71,149105.61

CyberShake_300_167.xml
271.62,215687.48
297.25,235704.8
175.93,157095.13
174.75,153908.74

CyberShake_300_168.xml
242.98,197899.87
263.2,212062.25
149.39,135542.09
143.37,126612.85

CyberShake_300_169.xml
251.44,204210.06
278.33,222368.8
166.59,151704.07
162.33,146183.84

CyberShake_300_170.xml
235.92,198826.88
268.58,220241.46
160.65,150780.68
159.39,149513.29

CyberShake_300_171.xml
270.12,214975.74
269.04,216466.46
162.34,147526.64
157.92,135862.15

CyberShake_300_172.xml
259.86,198257.41
284.23,226653.37
156.22,144018.72
152.81,132929.55

CyberShake_300_173.xml
222.91,184124.43
254.59,205631.64
153.35,142135.78
151.4,140245.38

CyberShake_300_174.xml
222.23,182231.69
251.83,203991.9
151.87,140519.72
151.58,138297.49

CyberShake_300_175.xml
250.66,210422.08
282.6,231315.53
168.19,156378.5
167.41,155992.6

CyberShake_300_176.xml
214.55,179635.62
246.51,200426.29
148.31,139235.19
147.75,138473.86

CyberShake_300_177.xml
207.16,181303.1
236.85,200859.15
144.81,141000.77
144.82,140884.19

CyberShake_300_178.xml
226.66,187382.09
254.98,206480.62
165.8,150855.43
153.7,142015.69

CyberShake_300_179.xml
211.47,175909.94
234.01,192374.05
154.04,140189.93
127.04,114958.77

CyberShake_300_180.xml
206.33,173152.64
235.54,195020.72
147.63,139320.59
144.75,136625.65

CyberShake_300_181.xml
246.38,202198.66
281.5,225239.86
164.9,150738.1
164.54,150401.4

CyberShake_300_182.xml
197.36,170090.02
232.14,192774.06
141.78,136818.93
141.22,135941.28

CyberShake_300_183.xml
241.25,197380.81
265.51,214311.07
150.94,141294.68
143.24,127113.07

CyberShake_300_184.xml
209.5,174593.3
221.12,184502.76
133.76,129514.29
127.79,115926.05

CyberShake_300_185.xml
262.77,212120.87
289.66,230198.06
164.18,146313.76
159.87,138662.3

CyberShake_300_186.xml
233.89,190772.2
254.05,205566.92
145.81,134160.3
134.52,119133.32

CyberShake_300_187.xml
270.77,216379.39
294.6,233097.57
167.53,149347.36
155.73,135444.44

CyberShake_300_188.xml
245.97,200178.16
267.11,215224.41
160.79,146739.74
158.89,140394.67

CyberShake_300_189.xml
260.45,210097.3
280.24,224507.59
158.43,137747.53
165.31,128760.26

CyberShake_300_190.xml
239.21,193275.26
237.66,194782.19
147.21,134092.12
143.2,125383.13

CyberShake_300_191.xml
251.46,202794.97
275.02,221035.27
161.62,147182.11
159.23,140233.93

CyberShake_300_192.xml
267.2,214001.61
299.32,236524.78
177.53,158599.11
174.71,156290.7

CyberShake_300_193.xml
258.58,206869.4
257,206803
174.92,154141.43
143.47,125786.46

CyberShake_300_194.xml
257.14,207313.13
258.22,209661.87
188.57,164587.66
145.46,128291.07

CyberShake_300_195.xml
253.2,204909.33
279.11,223232.37
165.36,148775.33
163.99,144751.46

CyberShake_300_196.xml
224.8,174081.96
245.22,199961.04
145.56,135935.04
134.84,120682.29

CyberShake_300_197.xml
232.56,191773.9
257.9,209770.14
150.62,140067.74
148.49,131654.13

CyberShake_300_198.xml
174.87,151042.39
202.92,172231.08
130.42,127473.98
127.97,123284.89

CyberShake_300_199.xml
252.78,203743.85
274.2,218721.51
178.75,158132.23
144,126908.12

CyberShake_300_200.xml
267.94,214629.88
291.63,231322.56
164.44,146023.88
160.99,138168.92

CyberShake_300_201.xml
244.9,200279.04
269.17,216293.24
164.95,150544.48
160.85,144820.98

CyberShake_300_202.xml
266,213312.28
283.9,227465.53
175.09,157389.15
173.56,153566.25

CyberShake_300_203.xml
253.74,204852.88
278.7,223134.6
167.61,150856.62
165.36,147186.01

CyberShake_300_204.xml
208.41,174776.4
240.97,196712.93
149.54,139605.3
145.02,135267.26

CyberShake_300_205.xml
243.1,197880.61
266.22,214318.57
154.21,141285
146.37,127853.54

CyberShake_300_206.xml
238.76,195522.38
263.52,212386.63
167.16,150494.01
143.82,127351.73

CyberShake_300_207.xml
238.13,194982.62
262.98,213561.15
157.98,144496.91
154.83,138657.95

CyberShake_300_208.xml
258.49,206476.64
290.32,229476.91
171.88,154182.24
170.6,152380.39

CyberShake_300_209.xml
197.17,166056.07
217.5,182370.98
131.31,126331.01
129.09,118362.5

CyberShake_300_210.xml
219.49,181896.15
241.2,198601.56
137.47,131757.77
135.08,120456.62

CyberShake_300_211.xml
242.94,198310.42
264.03,213620.52
151.67,137675.98
150.19,132521.31

CyberShake_300_212.xml
236.06,200430.85
268,221307.15
161.18,151210.52
159.81,150569.53

CyberShake_300_213.xml
256.36,208091.09
282.73,226498.82
158.79,146264.7
154.62,134895.98

CyberShake_300_214.xml
262.7,209500.38
285.87,228222.29
166.51,150854.6
166.74,145896.8

CyberShake_300_215.xml
206.41,172693.62
224.82,186880.94
136.1,127948.24
135.67,123456.51

CyberShake_300_216.xml
257.27,206791.62
254.59,205945.13
158.45,142333.1
142.8,125164.51

CyberShake_300_217.xml
203.06,170028.64
224.93,186721.9
138.74,132123.94
136.29,125042.75

CyberShake_300_218.xml
202.89,171486.24
227.62,188012.32
134.46,125701.89
124.97,114681.19

CyberShake_300_219.xml
249.64,202147.01
281.43,223491.75
168.72,153245.59
166.38,151015.74

CyberShake_300_220.xml
270.56,216439.53
293.37,232025.55
164.61,148548.4
155.3,134384.84

CyberShake_300_221.xml
177.56,152879.52
203.97,171738.38
130.32,125577.34
128.06,121251.41

CyberShake_300_222.xml
254.98,206274.16
284.53,225753.06
168.97,153352.08
169.09,152810.22

CyberShake_300_223.xml
196.23,166406.7
221.63,185558.72
127.57,124826.27
125.18,114105.89

CyberShake_300_224.xml
220.88,182494.48
222.1,185828.27
137.36,131869.49
132.96,119935.28

CyberShake_300_225.xml
202.22,170867.58
223.59,186940.54
151.28,139299.37
128.2,117212.16

CyberShake_300_226.xml
187.8,160540.98
201.92,170987.11
134.18,129643.4
131.43,125684.06

CyberShake_300_227.xml
264.26,212606.31
287.32,230175.57
161.99,147843.57
150.69,132341.7

CyberShake_300_228.xml
263.04,212266.73
289.55,230223.06
168.89,152696.82
163.08,141650.06

CyberShake_300_229.xml
258.19,207138.11
285.78,227093.2
170.11,152356.69
169.32,149917.96

CyberShake_300_230.xml
250.63,191815.3
251.94,205530.69
181.01,159558.95
149.99,132773.32

CyberShake_300_231.xml
235.7,196756.83
269.42,218932.54
160.41,149094.57
159.57,148455.57

CyberShake_300_232.xml
226.23,185164.32
249.49,201547.6
142,131727.13
130.67,117197.68

CyberShake_300_233.xml
202.31,170861.41
225.17,186923.43
137.34,132338.97
136.2,125595.65

CyberShake_300_234.xml
214.89,179637.1
235.73,195089.63
149.6,140695.17
146.22,135387.81

CyberShake_300_235.xml
212.72,176704.6
234.81,194164.99
141.52,130461.43
137.59,124154.6

CyberShake_300_236.xml
226.97,186397.7
253.04,205103.47
151.97,140891.48
153.62,137473.32

CyberShake_300_237.xml
252.28,205033.11
275.29,220977.07
158.78,142935.27
150.6,132311.88

CyberShake_300_238.xml
224.01,185373.13
247.53,201954.59
141.75,132014
135.13,121095.6

CyberShake_300_239.xml
195.46,166143.85
217.93,182318.64
129.3,122329.41
127.24,116309.67

CyberShake_300_240.xml
209.81,173889.51
232.51,190425.89
146.33,136462.14
141.26,131426.27

CyberShake_300_241.xml
243.33,195238.07
261.2,209338.52
171.27,152853.71
159.94,142559.61

CyberShake_300_242.xml
255.45,205280.61
278.33,222220.53
157.65,144134.01
155.63,134874.82

CyberShake_300_243.xml
231.09,188347.64
230.03,188494.2
162.55,144197.38
129.04,116062.85

CyberShake_300_244.xml
209.98,175624.15
232.81,192253.56
130.71,126899.07
128.83,116010.45

CyberShake_300_245.xml
254.02,205544.62
278.08,223296.2
168.78,152269.23
166.06,147403.9

CyberShake_300_246.xml
268.1,215262.9
291.45,230412.16
173.81,154387.96
171.3,149508.79

CyberShake_300_247.xml
257.26,206912.58
255.67,208601.29
160.7,146348.98
139.97,124048.33

CyberShake_300_248.xml
270.93,215332.77
269.1,216431.25
163.88,142324.69
167.77,141201.67

CyberShake_300_249.xml
249.03,200511.02
245.58,200487.74
153.95,142948.27
153.31,133086.57

CyberShake_300_250.xml
269.5,216212.6
293.4,224239.22
160.68,142385.09
155.45,136208.58

CyberShake_300_251.xml
211.86,175636.89
229.47,188886.48
140.39,132659.84
137.15,124650.47

CyberShake_300_252.xml
273.77,219048.86
295.61,235018.26
169.39,151413.74
167.25,143580.83

CyberShake_300_253.xml
229.62,192587.91
264.84,215540.94
158.47,147378.69
156.68,146320.15

CyberShake_300_254.xml
197.69,168274.08
223.13,186194.18
128.59,122116.47
124.19,114068.89

CyberShake_300_255.xml
234.26,191914.69
257.53,208288.43
152.31,141338.64
150.38,134001.06

CyberShake_300_256.xml
223.74,183668.95
245.51,201312.09
137.31,128366.65
133.57,119211.11

CyberShake_300_257.xml
233.22,191994.79
258.98,208803.84
151.9,137536.49
146.1,129640.64

CyberShake_300_258.xml
216.33,179032.11
241.67,198390.09
139.64,132445.91
137.48,123424.19

CyberShake_300_259.xml
193.76,164549.93
224.64,186588.58
141.37,135262.74
137.59,131649.4

CyberShake_300_260.xml
178.35,155219.57
206.87,173802.31
132.41,128896.99
130.24,127055.94

CyberShake_300_261.xml
222.69,183897.43
250.45,202479.09
149.74,137603.56
149.26,134854.88

CyberShake_300_262.xml
170.79,149880.48
198.22,168435.44
130.71,126653.79
124.5,120036.67

CyberShake_300_263.xml
263.92,211496.34
287.01,228602.85
163.11,146038.66
148.34,129904.56

CyberShake_300_264.xml
208.14,174556.2
234.81,193194.89
140.19,133255.86
137.23,125091.54

CyberShake_300_265.xml
255.18,206901.81
280.8,224085.94
163.82,145876.43
158.59,138007.31

CyberShake_300_266.xml
261.28,210404.62
263.52,214118.06
167.99,150615.97
148.66,130413.95

CyberShake_300_267.xml
182.78,156938.87
205.27,174524.66
127.48,124072.13
124.67,116995.98

CyberShake_300_268.xml
257.7,206081.87
255.53,206198.91
155.37,143803.15
152.41,132373.28

CyberShake_300_269.xml
183.1,156660.95
209.08,174992.29
133.62,128597.92
132.6,126766.35

CyberShake_300_270.xml
170.06,147524.99
191.12,164287.63
127.2,123490.74
121.3,117331.75

CyberShake_300_271.xml
249.7,204191.31
283.38,227379.57
168.87,155259.52
166.18,152462.82

CyberShake_300_272.xml
245.12,199209.63
267.25,216054.93
152.06,142386.32
149.48,131260.75

CyberShake_300_273.xml
242.22,196886.9
265.01,214919.14
150.99,141733.55
149.29,130615.55

CyberShake_300_274.xml
255.38,205542.92
255.11,207288.52
153.85,138033.36
149,130857.63

CyberShake_300_275.xml
225,185637.08
255.62,208258.99
158.74,146602.96
153.43,141867.22

CyberShake_300_276.xml
274.61,219966.78
299.43,238128.22
172.39,155393.56
168.13,145421.89

CyberShake_300_277.xml
263.32,211155.55
262.24,211767.57
193.73,163196.54
162.16,137918.5

CyberShake_300_278.xml
211.95,175960.75
240.52,197443.53
147.98,138070.53
146.75,135708.4

CyberShake_300_279.xml
264.56,210973.76
263.38,213586.01
161.62,146560.32
145.54,127532.47

CyberShake_300_280.xml
269.98,214102.34
267.98,214901.04
163.42,147281.56
149.07,129299.83

CyberShake_300_281.xml
187.7,161737.43
221.47,185490.85
137.97,133990.35
134.97,131354.04

CyberShake_300_282.xml
219.29,181060.13
251.66,204901.15
152.6,140459.67
150.26,135926.75

CyberShake_300_283.xml
253.53,204675.05
253.44,206600.19
163.42,149237.53
145.54,128538.27

CyberShake_300_284.xml
258.98,207881.92
275.62,212805.76
156.44,144845.69
152.74,132959.57

CyberShake_300_285.xml
242.59,198634.45
266.55,214855.66
153.06,140777.47
149.94,132035.74

CyberShake_300_286.xml
202.31,169957.9
231.09,190675.8
143.88,136050.34
141.67,132413.17

CyberShake_300_287.xml
193.51,164485.1
219.45,181622.29
137.8,130587.54
134.5,126024.75

CyberShake_300_288.xml
209.77,175572.5
242.11,196632.6
148.56,139426.47
146.29,137146.94

CyberShake_300_289.xml
273.99,208489.11
273.26,209651.12
169.8,150916.47
154.65,133808.06

CyberShake_300_290.xml
236.89,182660.52
240.08,196753.13
145.76,136066.26
137.76,122113.43

CyberShake_300_291.xml
210.01,175100.5
233.42,189248.75
134.81,126065.84
132.12,118502.12

CyberShake_300_292.xml
251.91,201399.43
259.55,210077.81
145.72,135907.62
144.5,126034.03

CyberShake_300_293.xml
170.52,147905.87
197.62,168366.55
139.6,132246.29
123.92,117366.77

CyberShake_300_294.xml
236.75,193061.09
268.53,217141.76
160.4,146862.95
159.5,141775.75

CyberShake_300_295.xml
240.83,196127.25
249.3,203806.73
169.5,151643.39
142.46,126488.7

CyberShake_300_296.xml
186.94,159774.39
219.45,182250.04
137.01,131186.27
133.99,128027.04

CyberShake_300_297.xml
280.48,231451.24
311.52,251724.68
182.01,166216.02
181.8,166012.96

CyberShake_300_298.xml
207.98,181893.53
239.36,202439.36
150.12,144955.64
147.45,142947.36

CyberShake_300_299.xml
223.57,189254.8
256.59,210892.05
154.15,145642.4
154.02,145284.31

CyberShake_300_300.xml
197.27,166726.87
221.73,183713.77
129.38,121584.05
126.67,115526.22

CyberShake_300_301.xml
246.53,200868.8
271.42,217488.49
156.56,139977.68
148.99,131421.35

CyberShake_300_302.xml
237.56,193487.52
237.14,195935.03
145.74,137263.19
135.93,121839.49

CyberShake_300_303.xml
198.71,168872.18
225.73,187089.93
138.06,130672.75
136.2,126036.55

CyberShake_300_304.xml
264.86,211643.87
264.24,213805.23
163.11,147496.48
145.88,128479.88

CyberShake_300_305.xml
230.45,188241.84
251.89,205748.36
148.89,139294.29
148.86,132769.13

CyberShake_300_306.xml
206.49,172184.09
238.97,194594.03
155.14,142189.7
142.85,131328.14

CyberShake_300_307.xml
272.87,218168.85
297.61,235731.92
172.06,153089
169.29,146895.07

CyberShake_300_308.xml
231.93,189154.83
231.72,190131.35
148.6,135459.77
135.47,120681.39

CyberShake_300_309.xml
197.22,165907.09
221.19,185018.06
130.98,125151.77
130.96,119810.11

CyberShake_300_310.xml
241.2,194822.4
256.18,208327.84
146.28,135162.11
139.87,123524.3

CyberShake_300_311.xml
236.35,193203.29
258.93,210244.73
145.84,137582.54
140.04,124031.12

CyberShake_300_312.xml
270.17,215731.59
292.72,231609.36
164.92,144365.48
168.31,142307

CyberShake_300_313.xml
253.56,203281.79
276.64,219333.85
157.83,141922.94
144.96,126386.71

CyberShake_300_314.xml
222.22,183516.19
250.48,204116.94
161.42,148796.45
152.54,141574.29

CyberShake_300_315.xml
269.87,216746.37
296.59,236124.25
174.97,158610.75
175.13,153332.97

CyberShake_300_316.xml
249.77,190444.03
248.01,200298.36
180.47,152217.93
158.19,134886.64

CyberShake_300_317.xml
226.01,185863.72
215.81,181034.47
142.63,132127.14
140.9,124762.72

CyberShake_300_318.xml
286.31,234836.97
308.53,249210.02
185.38,167241.66
183.91,166340.52

CyberShake_300_319.xml
268.72,205105.64
290.09,231326.84
165.33,149434.55
150.15,131137.36

CyberShake_300_320.xml
219.73,182243.71
218.11,182312.38
135.77,130713.48
132.83,119642.86

CyberShake_300_321.xml
261.54,211286
287.14,230267.45
170.82,153470.09
168.46,148760.18

CyberShake_300_322.xml
216.49,180573.03
249.23,201920.07
151.62,141594.91
150.34,140065.58

CyberShake_300_323.xml
216.47,179031.78
242.11,197178.18
144.99,133835.81
143.02,129051.17

CyberShake_300_324.xml
254.47,204230.35
276.97,220576.29
155.77,142054.26
151.49,130499.77

CyberShake_300_325.xml
263.35,212214.69
286.21,229680.13
162.07,147324.59
155.38,135666.17

CyberShake_300_326.xml
253.66,205373.54
277.44,221707.45
160.92,142501.88
156.59,136390.64

CyberShake_300_327.xml
249.16,203064.18
272.29,220527.36
156.18,142139.41
152.16,134373.85

CyberShake_300_328.xml
231.14,189061.88
251.3,204025.15
141.51,132433.93
131.67,117822.72

CyberShake_300_329.xml
263.6,213112.49
281.53,225890.32
159.91,147816.97
152.43,132879.24

CyberShake_300_330.xml
248.37,200511.38
270.92,216357.8
160.65,143140.37
141.89,125016.6

CyberShake_300_331.xml
223.26,184065.16
243.38,198825.39
138.52,131918.11
134.98,120676.2

CyberShake_300_332.xml
272.17,218588.33
302.88,238975.39
182.03,161625.91
176.52,157235.59

CyberShake_300_333.xml
247.6,200997.99
248.8,202725.43
149.88,136701.49
149.26,131683.23

CyberShake_300_334.xml
244.68,198591.66
264.17,213218.46
153.79,139568.14
145.83,128419.49

CyberShake_300_335.xml
182.17,156991.4
207.91,175162.18
136.72,132184.27
131.26,127348.78

CyberShake_300_336.xml
253.29,206922.56
275.48,221073.28
170.13,155460.53
170.35,155284.41

CyberShake_300_337.xml
181.55,156527.77
211.19,176097.07
136.04,131037.53
128.67,123220.61

CyberShake_300_338.xml
204.95,171970.32
234.28,193070.2
147.03,138652.63
145.21,134567.87

CyberShake_300_339.xml
199.22,169567.92
218.86,182398.34
144.61,136565.56
137.47,128682.16

CyberShake_300_340.xml
266.73,212793.14
280.82,224040.8
175.33,157560.08
172.03,153177.04

CyberShake_300_341.xml
181.53,155811.96
214.96,178890.17
134.83,130017.51
132.01,127223.36

CyberShake_300_342.xml
192.14,164542.68
218.95,182388.45
133.64,129094.59
130.99,121411.61

CyberShake_300_343.xml
227.28,191228.65
259.68,212380.01
155.84,146002.53
155.38,145609.26

CyberShake_300_344.xml
277.98,221195.78
305.42,239756.38
181.4,161071.59
178.15,157374.26

CyberShake_300_345.xml
216.6,178519.73
240.75,197243.01
144.1,132582.1
141.71,127332.68

CyberShake_300_346.xml
204.81,172008.44
204.75,173271.05
133.66,128978.89
127.63,115974.69

CyberShake_300_347.xml
226.5,186298.13
249.77,203259.38
142.28,134675.63
135.27,120644.5

CyberShake_300_348.xml
247.77,200254.05
262.6,213464.73
151.32,141851.81
146.75,129720.96

CyberShake_300_349.xml
285.51,229918.47
318.96,251691.65
187.95,168231.73
185.21,165997.32

CyberShake_300_350.xml
197.6,165184.73
217.73,180295.2
131.21,124529.15
130.41,119439.85

CyberShake_300_351.xml
214.48,177630.19
247.2,201029.4
148.3,138716.93
147.27,137298.57

CyberShake_300_352.xml
250.45,202858.99
251.35,205573.3
160.89,145466.59
141,125685.45

CyberShake_300_353.xml
189.7,162929.92
216.65,181974.29
145.3,136186.84
124.85,116140.36

CyberShake_300_354.xml
273.09,218135.27
298.56,236444.46
175.85,156027.89
171.78,149999.89

CyberShake_300_355.xml
214.91,178367.73
239.78,196559.46
144.88,134580.66
142.62,129478.78

CyberShake_300_356.xml
216.94,181764.62
243.15,200330.46
142.78,133500.26
140.15,126295.86

CyberShake_300_357.xml
180.12,155061.66
207.15,173984.89
130.89,127039.08
127.68,122642.78

CyberShake_300_358.xml
241.32,196673.7
263.54,213269.14
155.3,141184.17
153.04,135437.87

CyberShake_300_359.xml
220.13,181968.59
243.24,196607.66
148.55,137717.1
145.91,132720.23

CyberShake_300_360.xml
261.19,198984.84
278.85,222284.81
165.09,147779.8
150.88,132486.06

CyberShake_300_361.xml
227.71,175814.48
247.27,201028.02
160.81,146556.04
132.56,118593.15

CyberShake_300_362.xml
273.88,216800.87
294.45,232625.14
169.33,151186.24
169.08,146108.21

CyberShake_300_363.xml
266.95,215765.37
286.55,229392.34
194.34,170262.48
155.28,136070.96

CyberShake_300_364.xml
221.99,183592.15
246.77,201554.68
141.55,133932.84
139.16,123703.45

CyberShake_300_365.xml
270.79,216392.71
292.58,233662.63
167.08,152510.72
165.9,143217

CyberShake_300_366.xml
227.65,187381.3
249.77,204787.41
142.47,134580.31
129.65,117339.36

CyberShake_300_367.xml
221.82,185205.07
244.73,200862.89
142.1,132883.2
136.02,122664.09

CyberShake_300_368.xml
254.67,205473.35
281.63,225466.38
171.44,155357.73
167.13,150858.35

CyberShake_300_369.xml
237.01,193854.19
262.28,213442.95
158.06,146484.39
154.36,137815.62

CyberShake_300_370.xml
263.96,210947.94
283.99,225559.12
159.24,144881.56
152.85,131477.27

CyberShake_300_371.xml
226.91,186148.64
251.85,203653.66
151.18,137976.18
148.19,133267.68

CyberShake_300_372.xml
226.33,175034.05
224.02,186413.78
149.66,138662.06
127.15,114240.26

CyberShake_300_373.xml
201.33,168832.55
202.44,171244.17
131.96,125247.04
123.92,114222.29

CyberShake_300_374.xml
179.16,158620.35
208.38,177662.03
132.79,129873.9
131.73,129373.25

CyberShake_300_375.xml
214.21,184589.3
242.01,202788.56
148.84,143277.95
148.05,142285.58

CyberShake_300_376.xml
211.64,176077.81
245.64,199904.14
149.49,140374.07
147.03,137793.48

CyberShake_300_377.xml
238.91,195112.77
260.91,211141.49
153.86,141637.84
138.85,124043.97

CyberShake_300_378.xml
272.79,217264.71
269.02,216284.39
162.36,144555.35
160.58,137160.06

CyberShake_300_379.xml
199.62,167736.1
224.13,185090.65
132.92,127126.86
132.12,121156.6

CyberShake_300_380.xml
207.5,173288.82
238.67,195786.12
149.24,139841.9
145.65,136709.68

CyberShake_300_381.xml
239.55,196299.49
266.07,214689.89
166.19,152366.06
161.53,147934.76

CyberShake_300_382.xml
239.97,194539.67
266.22,215334.03
160.72,146473.01
159.61,142874.41

CyberShake_300_383.xml
214.83,179166.59
239.98,195625.85
143.78,134324.26
141.85,127584.43

CyberShake_300_384.xml
255.94,207259.85
276.07,223507.62
159.85,147351.8
145.15,129237.33

CyberShake_300_385.xml
266.47,213246.39
266.18,215070.68
160.73,146830.87
157.85,135681.02

CyberShake_300_386.xml
263.12,218778.24
292.45,237980.95
176.1,161191.38
172.96,159749.22

CyberShake_300_387.xml
279.58,231832.77
309.39,251337.94
182.04,167051.37
181.48,166426.03

CyberShake_300_388.xml
168.83,153979.76
196.5,171710.42
127.05,128149.95
125.9,127514.2

CyberShake_300_389.xml
201.76,170410.71
219.3,185020.47
136.66,130698.33
130.06,119515.75

CyberShake_300_390.xml
225.72,188532.61
256.07,208313.54
158.88,148932.36
155.84,145910.38

CyberShake_300_391.xml
196.46,166394.83
221.95,183612.76
153.34,141826.46
130.34,119788.68

CyberShake_300_392.xml
186.53,166426.46
213.84,184190.15
135.4,133633.69
134.77,133340.48

CyberShake_300_393.xml
222.52,185097.34
248.42,203468.3
144.84,137598.6
143.71,128311.92

CyberShake_300_394.xml
186.61,169490.94
221.39,192576.28
133.87,133527.77
133.58,133865.53

CyberShake_300_395.xml
242.5,198462.61
269.89,216560.28
158.92,146572.23
156.72,139643.5

CyberShake_300_396.xml
269.18,214685.22
269.47,217357.69
165.01,148904.38
149.9,129661.49

CyberShake_300_397.xml
181.03,164713.08
211.57,184814.11
135.64,135491.76
132.44,133023.48

CyberShake_300_398.xml
227.37,187864.35
249.85,204094.58
146.37,136659.98
137.8,122880.61

CyberShake_300_399.xml
228.63,188204.65
252.95,205759.28
144.29,131684.7
141,124453.52

CyberShake_300_400.xml
246.47,188360.16
246.07,199619.05
150.55,137034.69
144.53,126076.2

CyberShake_300_401.xml
252.93,204318.37
269.17,215899.37
168.22,153137.2
163.86,147339.39

CyberShake_300_402.xml
170.01,151121.3
202.46,172492.72
130.76,129846.09
126.21,125711.06

CyberShake_300_403.xml
182.61,157529.68
203.13,171577.96
132.57,127312.73
127.18,120137.61

CyberShake_300_404.xml
221.25,182342.25
221.05,183257.84
141.05,129909.65
137.72,121291.76

CyberShake_300_405.xml
271.14,217890.23
293.2,233065.98
161.14,147163.72
160.92,138280.46

CyberShake_300_406.xml
246.73,199883.91
271.06,216615.07
168.05,151715.4
161.62,146028.26

CyberShake_300_407.xml
243.58,197188.03
265.17,211748.33
155.82,143062.79
154.4,136422.12

CyberShake_300_408.xml
267.37,214313.67
290.06,232211.78
187.48,167292.88
176.57,158377.79

CyberShake_300_409.xml
237.04,192958.65
235.7,192857.69
142.82,133366.67
137.69,122651.12

CyberShake_300_410.xml
197.83,168543.43
224.8,186173.78
144.06,137360.44
139.86,132285

CyberShake_300_411.xml
207.45,181099.16
236.96,200543.66
145.36,140699.29
144.15,140280.33

CyberShake_300_412.xml
217.16,191467.75
250,212975.64
151.86,147491.61
150.7,146834.18

CyberShake_300_413.xml
246.91,200879.86
269.86,216612.5
150.78,140640.32
143.19,126408.75

CyberShake_300_414.xml
191.62,162408.09
221.03,183787.77
138.16,132571.49
137.54,131324.53

CyberShake_300_415.xml
202.9,169980.54
224.67,186858.83
131.84,124992.38
127.99,116537.1

CyberShake_300_416.xml
253.34,205743.92
254.33,206923.38
159.23,144652.14
146.03,128680.1

CyberShake_300_417.xml
252.59,204071.54
278.84,223095.88
165.55,149495.52
166.28,146808.18

CyberShake_300_418.xml
263.5,210637.77
260.9,210608.01
156.04,140328.05
152.97,131887.28

CyberShake_300_419.xml
189.64,161495.48
221.79,184915.6
146.97,139001.48
140.21,133440.08

CyberShake_300_420.xml
243.5,195731.4
264.74,211959.89
163.61,147568.45
163.45,146755.85

CyberShake_300_421.xml
199.35,168228.66
222.72,183403.49
141.73,133060.42
136.04,126093.92

CyberShake_300_422.xml
181.12,156106.61
213.98,177711.92
132.28,127648.56
130.94,126326.32

CyberShake_300_423.xml
243.95,197502.54
242.76,198292.32
147.71,135927.75
146.53,127679.44

CyberShake_300_424.xml
265.4,212808.19
298.79,235937.52
178.4,159488.6
174.78,156378.07

CyberShake_300_425.xml
284.46,231892.66
315.63,252289.16
185.86,168072.05
185,167716.95

CyberShake_300_426.xml
197.44,167086.36
219.63,183429.41
139.49,133051.89
134.7,127420.34

CyberShake_300_427.xml
217.38,178902.39
241.19,195778.12
148.19,135660.13
146.08,132484.84

CyberShake_300_428.xml
203.44,179360.96
232.79,198713.82
144.46,139681.49
143.38,139412.54

CyberShake_300_429.xml
234.56,191369.69
231.43,190569.02
148.7,138124.09
130.25,117848.21

CyberShake_300_430.xml
190.29,162533.31
214.78,179941.98
140.99,130228.73
122.99,113474.33

CyberShake_300_431.xml
179.4,155686.37
211.48,177849.43
136.67,132075.83
130.71,127031.02

CyberShake_300_432.xml
250.09,201396.65
280.14,223658.65
166.28,150063.04
168.1,148796.52

CyberShake_300_433.xml
221.91,184581.24
247.58,201625.56
155.87,145332.09
152.49,142618.44

CyberShake_300_434.xml
224.14,185897.96
247.78,204349.44
147.7,138919.37
144.58,129816.19

CyberShake_300_435.xml
189.99,162595.43
220.93,182682.23
137.51,132831.65
136.26,130659.36

CyberShake_300_436.xml
270.11,215203.79
293,231268.65
161.89,146682.36
156.73,134659.27

CyberShake_300_437.xml
236.78,199601.71
258.39,213471.7
160.55,149980.06
158.83,148498.35

CyberShake_300_438.xml
275,219296.28
272.95,220125.99
161.5,145537.88
157.92,137334.76

CyberShake_300_439.xml
233.25,192691.18
258.51,211149.91
146.02,138860.72
136.18,122715.37

CyberShake_300_440.xml
253.82,204953.96
255.13,206984.29
156.32,141382.27
151.23,131643.48

CyberShake_300_441.xml
193.25,163889.03
222.57,185169.08
140.34,133872.26
138.42,131035.72

CyberShake_300_442.xml
185.43,157104.89
203.88,171835.49
137.22,131402.03
134.13,127397.7

CyberShake_300_443.xml
243.88,198191.36
270.85,216866.15
162.24,147146.64
158.1,141099.05

CyberShake_300_444.xml
252.04,203822.76
261.73,213257.01
154.66,143820.32
149.04,131004.55

CyberShake_300_445.xml
228.52,185289.77
242.51,196530.42
137.79,127523.44
134.08,118581.08

CyberShake_300_446.xml
241.99,196410.41
241.06,197969.64
149.25,137449.61
146.7,128666.31

CyberShake_300_447.xml
230.94,189820.55
253.24,207736.23
143.11,136190.8
140.58,125981.77

CyberShake_300_448.xml
254.56,207040.75
284.9,227488.84
169.41,154365.73
167.88,152027.25

CyberShake_300_449.xml
240.62,196588.42
267.2,214255.64
162.94,149977.27
161.34,147711.72

CyberShake_300_450.xml
221.31,183126.34
242.5,198918.68
158.93,145692.75
132.74,118842.06

CyberShake_300_451.xml
275.63,221006.83
307.27,241906.79
178.79,159784.02
178.66,159247.23

CyberShake_300_452.xml
225.22,185315.62
248.93,201106.11
148.76,138904.81
146.56,132119.5

CyberShake_300_453.xml
252.97,203830.36
252.24,204316.91
156.75,142653.17
144.63,125542.78

CyberShake_300_454.xml
262.95,214294.38
293.83,234498.89
175.43,159770.73
174.14,158026.94

CyberShake_300_455.xml
198.34,167309.52
220.32,183972.01
151.56,141167.31
140.27,132540.34

CyberShake_300_456.xml
223.97,193982.89
253.55,213467.33
153.34,147048.18
152.97,146259.24

CyberShake_300_457.xml
202.25,170354.5
224.44,186684.95
134.23,129276.71
132.32,120506.08

CyberShake_300_458.xml
264.63,210733.36
264.66,212827.37
159.62,145838.1
156.22,134485.56

CyberShake_300_459.xml
230.9,191934.06
265.07,214194.95
158.32,146198.13
156.4,144960.59

CyberShake_300_460.xml
201,171001.95
224.1,188098.17
145.59,138385.26
139.39,132235.95

CyberShake_300_461.xml
246.66,200132
253.41,206681.45
153.78,140928.14
146.82,128946.2

CyberShake_300_462.xml
219.29,170362.39
241.69,197050.97
132.64,127348.15
125.84,113746.76

CyberShake_300_463.xml
264.85,213074.2
284.71,227660.64
157.09,142152.41
152.75,133499.32

CyberShake_300_464.xml
175.46,151781.71
194.32,166699.79
130.94,128168.76
129.38,124534.43

CyberShake_300_465.xml
182.79,158960.85
211.19,177468.73
138.98,134693.75
132.36,128657.71

CyberShake_300_466.xml
232.83,191359.69
252.69,206146.81
161.82,149057.76
159.28,146327.09

CyberShake_300_467.xml
249.79,200258.83
243.33,198168.45
148.51,137137.2
146.72,126857.78

CyberShake_300_468.xml
244.83,198534.68
271.42,218622
162.58,147551.84
162.63,144943.33

CyberShake_300_469.xml
265.78,212389.65
266.18,214712.35
162.08,144960.06
147.5,128815.47

CyberShake_300_470.xml
242.6,198311.28
266,214294.65
147.11,136058.38
139.28,123344.98

CyberShake_300_471.xml
241.1,195801.03
262.1,211868.88
162.05,148821.73
160.95,146151.02

CyberShake_300_472.xml
268.02,214644.36
294.15,233354.24
171.82,155478.38
172.08,150495.29

CyberShake_300_473.xml
217.51,180555.41
243.43,197588.78
147.15,136758.07
146.06,132654.52

CyberShake_300_474.xml
234.5,192210.68
257.83,208102.19
150.15,136523.14
140.55,124472.04

CyberShake_300_475.xml
236,194995.15
266.07,215268.82
164.44,150170.62
159.45,145853.95

CyberShake_300_476.xml
252.84,204761.34
277.73,221547.9
157.77,141773.79
155.57,134644.59

CyberShake_300_477.xml
211.58,176832.44
235.59,195445.92
135.59,131438.45
133.01,119722.08

CyberShake_300_478.xml
261.11,212937.83
291.32,232760.45
174.77,159772.1
173.42,157783.54

CyberShake_300_479.xml
188.98,159485.59
190.25,162104.3
126.95,121972.07
125.82,115256.57

CyberShake_300_480.xml
266.63,212277.97
266.63,213802.36
161.11,145017.85
149.53,129421.76

CyberShake_300_481.xml
220.73,181299.16
219.34,181735.1
143.1,132042.03
131.12,116325.67

CyberShake_300_482.xml
211.12,186194.3
243.18,207268.16
147.48,143227.73
146.1,142349.99

CyberShake_300_483.xml
260.92,209064.94
260.09,210924.07
160.35,141623.16
163.39,139938.1

CyberShake_300_484.xml
242.55,195994.66
239.59,196415.96
150.16,139246.5
145.37,126997.62

CyberShake_300_485.xml
230.89,188271.31
261.36,210577.04
156.33,141877.06
154.54,137695.96

CyberShake_300_486.xml
221.42,181997.51
222.35,183893.96
158.59,144383.76
132.88,119287.79

CyberShake_300_487.xml
219.39,180586.54
241.56,197202.65
157.79,142085.12
125.86,113643.99

CyberShake_300_488.xml
279.89,227097.63
311.44,247744.71
183.7,165531.38
181.7,163953.87

CyberShake_300_489.xml
224.7,185095.55
224.61,187325.73
140.86,134658.91
132.05,118841.57

CyberShake_300_490.xml
217.85,188623.93
247.6,208215.76
152.23,145431.61
149.85,144325.98

CyberShake_300_491.xml
202.63,170475.52
231.95,190725.58
145.26,136436.41
142.37,133764.49

CyberShake_300_492.xml
267.41,214454.16
292.23,232490.56
173.17,157043.16
172.04,150088.56

CyberShake_300_493.xml
239.61,193536.79
258.65,208485.18
141.63,133183.48
142.18,123850.23

CyberShake_300_494.xml
213.61,177340.55
237.86,194057.58
145.52,132782.37
130.45,117431.19

CyberShake_300_495.xml
227.25,187081.22
247.19,201241.84
139.97,129070.44
134.07,119785.13

CyberShake_300_496.xml
232.78,190567.31
258.17,208638.98
153.35,140420.72
150.48,134660.27

CyberShake_300_497.xml
211.71,183588.66
235.72,199198.69
148.85,142550.59
146.82,141626.81

CyberShake_300_498.xml
230.8,189182.42
257.51,206958.05
143.91,131483.49
139.38,123686.36

CyberShake_300_499.xml
256.16,208051.21
284.35,228388.16
172.25,157750.58
168.9,153815.95

CyberShake_300_500.xml
213.57,178298.65
244.34,199762.56
158.54,146402.84
147.58,138820.42

CyberShake_300_501.xml
247.27,190924.71
248.14,202906.93
152.37,140015.6
150.96,132150.13

CyberShake_300_502.xml
221.66,182650.27
242.69,198039.46
138.86,131091.95
134.83,120113.51

CyberShake_300_503.xml
231.56,189374.22
256.17,206912.7
150.26,137448.05
149.14,133537.63

CyberShake_300_504.xml
221,182787.51
245.3,201182.68
145.95,133857.08
144.93,130313.64

CyberShake_300_505.xml
206.05,179431.18
238.07,200392.88
144.34,140359.22
144.47,140018.57

CyberShake_300_506.xml
247.34,201768.49
273.47,220055.42
161.28,147147.09
158.69,140431.34

CyberShake_300_507.xml
213.2,183043.26
244.95,204035.45
148.64,141385.06
147.88,141372.63

CyberShake_300_508.xml
244.06,199409.55
264.37,213551.74
164.24,149979.51
160.41,144920.23

CyberShake_300_509.xml
222.65,183091.61
249.33,202131.38
151.23,140455.9
150.09,137475.64

CyberShake_300_510.xml
271.39,217389.88
307.08,241460.05
179.33,160376.74
176.63,157821.69

CyberShake_300_511.xml
216.53,181242.76
241.91,199888.27
154.11,145144.72
149.17,139503.81

CyberShake_300_512.xml
238.17,193674.99
260.17,211087.83
153.01,139570.69
153.47,136657.52

CyberShake_300_513.xml
255.24,208930.84
286.53,229582.57
170.11,155703.48
168.36,153955.77

CyberShake_300_514.xml
268.16,214799.22
291.96,232341.48
182.88,159544.34
150.51,132042.94

CyberShake_300_515.xml
262.76,212099.95
286.87,228577.03
180.31,160016.91
153.54,133899

CyberShake_300_516.xml
215.38,179006.99
246.7,200503.09
152.42,141870.79
147.98,138023.89

CyberShake_300_517.xml
252.09,204058.26
274.98,220367
154.76,143053.43
149.6,131160.72

CyberShake_300_518.xml
247.85,199709.8
270.5,217697.12
155.54,141410.49
154.41,135011.02

CyberShake_300_519.xml
246.14,203266.52
273.88,221371.83
163.92,151202.37
164.49,151561.05

CyberShake_300_520.xml
239.55,195819.86
259.24,211260.2
148.64,140961.35
146.18,128958.08

CyberShake_300_521.xml
178.12,154385.1
198.39,170137.07
129.95,128450.6
127.61,124335.23

CyberShake_300_522.xml
220.33,181916.59
242.7,198086.81
137.76,127822.49
132.12,118121.77

CyberShake_300_523.xml
191.37,163502.89
214.47,178932.94
138,132444.95
132.92,126852.69

CyberShake_300_524.xml
243.22,198552.53
268.06,214798.42
164.34,150311.24
163.95,149825.2

CyberShake_300_525.xml
259.63,209462.26
281.03,224348.49
175.04,157753.47
168.94,152005.96

CyberShake_300_526.xml
212.93,177675.89
235.11,193443.06
140.96,132184.85
138.13,124758.11

CyberShake_300_527.xml
193.37,163865.77
215.3,179810.4
127.84,121236.67
123.38,112608.24

CyberShake_300_528.xml
244.79,199619.36
267.66,215243.66
149.89,136972.73
144.69,127724.81

CyberShake_300_529.xml
189.23,160568.2
216.32,179623.49
135.6,128226.79
131.51,123064.98

CyberShake_300_530.xml
222.01,190014.36
257.8,213412.31
153.23,146104.98
151.87,144525.51

CyberShake_300_531.xml
179.72,159064.68
209.09,178316.16
130.22,129083.69
129.76,127999.35

CyberShake_300_532.xml
218.58,180685.84
240.84,198463.46
136.7,130348
130.6,116924.85

CyberShake_300_533.xml
227.6,186897.02
251.44,203436.1
165.64,148170
146,129210.76

CyberShake_300_534.xml
201.94,169189.95
226.87,188329.6
137.15,131501.26
135,124028.95

CyberShake_300_535.xml
200.21,167210.2
199.16,168043.26
127.58,124017.21
124.38,112442.01

CyberShake_300_536.xml
250.68,203375.69
279.22,224638.89
167.47,154392.8
167.75,151873.08

CyberShake_300_537.xml
211.77,177222.4
234.28,192311.32
138.65,129084.93
132.9,119006.05

CyberShake_300_538.xml
241.67,197409.53
264.76,215312.68
149.58,141432.52
138.69,124896.76

CyberShake_300_539.xml
268.5,214426.92
267.19,216116.41
190.69,163853.11
156.54,135740.5

CyberShake_300_540.xml
259.8,209409.89
256.13,209172.43
161.57,146771.52
159.13,137873.77

CyberShake_300_541.xml
223.49,184350.71
249.79,202176.4
142.65,135425.08
137.63,122956.54

CyberShake_300_542.xml
201.58,176064.36
231.64,195741.02
141.91,137401.8
141.77,137735.49

CyberShake_300_543.xml
260.66,199236.49
277.85,223025.66
164.69,147985.83
152.33,132360.91

CyberShake_300_544.xml
278.77,222638.58
305.62,240962.68
182.72,163216.64
177.71,157303.82

CyberShake_300_545.xml
206.45,183990.65
234.38,202087.31
145.81,142396.84
145.3,142639.31

CyberShake_300_546.xml
266.94,213888.81
270.16,217519.38
168.9,151322.36
164.74,142973.71

CyberShake_300_547.xml
228.34,188457.87
252.86,206468.9
167.21,152775.37
150.29,135511.3

CyberShake_300_548.xml
270.28,216748.83
291.49,232018.19
166.73,149831.19
154.17,118488.27

CyberShake_300_549.xml
238.85,194045.05
245.34,201004.26
147.05,137613.96
140.04,123707.52

CyberShake_300_550.xml
211.45,175841.7
237.89,194106.05
142.52,134592.52
142.41,129639.07

CyberShake_300_551.xml
176.64,152978.84
200.97,170214.41
130.58,127262.22
126.63,121947.95

CyberShake_300_552.xml
191.26,163574.49
222.14,185001.34
140.11,134451.14
136.5,131326.84

CyberShake_300_553.xml
240.88,185080.39
239.48,195972.66
149.55,137973.15
139.52,122986.09

CyberShake_300_554.xml
246.72,198544.32
246.69,201295.79
152.77,140424.8
136.04,120838.12

CyberShake_300_555.xml
237.29,196443.59
269.55,218271.99
162,151615.34
162,151103.38

CyberShake_300_556.xml
184.89,157647.29
205.12,172784.45
133.77,128621.81
132.36,125744.75

CyberShake_300_557.xml
264.65,213790.48
289,230514.43
161.12,145093.04
153.19,133566.8

CyberShake_300_558.xml
257.76,209035.7
279.87,225191.46
161.04,147537.41
149.21,132351.84

CyberShake_300_559.xml
238.96,194110.68
261.54,209509.39
149.73,136387.08
145.23,127654.74

CyberShake_300_560.xml
270.48,215432.51
269.41,217504.13
166.97,150343.74
149.78,131023.14

CyberShake_300_561.xml
252.28,204110.03
278.79,222148.8
158.16,142281.16
151.47,133378.21

CyberShake_300_562.xml
178.4,154155.07
207.51,175078.66
132.24,128160.41
130.01,125184.02

CyberShake_300_563.xml
258.16,201511.36
280.25,223232.4
161.4,145644.57
158.16,136672.02

CyberShake_300_564.xml
245.28,200046.75
268.43,218692.44
153.26,142684.95
137.49,123684.11

CyberShake_300_565.xml
203.42,169816.84
227.89,187883.15
130.66,123511.3
129.61,116710.87

CyberShake_300_566.xml
247.17,200755.48
271.04,217451.77
156.79,141438.25
155.19,118965.7

CyberShake_300_567.xml
191.24,163941.23
214.55,179444.4
133.39,127803.51
131.31,122887.03

CyberShake_300_568.xml
218.13,171556.89
231.6,191587.65
138.46,129960
134.01,120207.22

CyberShake_300_569.xml
176.28,152119.08
202.2,171058
129.02,123975.83
126.81,120598.91

CyberShake_300_570.xml
252.06,203876.12
263.64,212794.54
156.15,141948.87
151.02,132350.42

CyberShake_300_571.xml
265.69,211916.41
263.1,211288.37
158.66,145236.5
149.39,130193.23

CyberShake_300_572.xml
231.59,190280.18
254.83,208074.32
146.6,136960.66
132.01,119204.96

CyberShake_300_573.xml
242.81,186526.05
266.93,214772.24
173.14,156514.54
145.53,128818.13

CyberShake_300_574.xml
252.89,204514.4
274.28,220284.4
155.71,142852.04
152.57,133527.83

CyberShake_300_575.xml
211.68,176960.22
236.31,193293
140.56,131617.78
136.27,123534.52

CyberShake_300_576.xml
192.91,165928.94
223.98,185959.61
139.18,134029.49
137.44,132255.87

CyberShake_300_577.xml
237.81,193607
267.27,215588.5
162.25,146965.3
158.88,142056.91

CyberShake_300_578.xml
211.48,175472.17
211.94,176764.23
133.12,124858.26
126.28,113685.05

CyberShake_300_579.xml
266,210991.21
264.52,212986.23
158.67,143080.33
144.79,126194.06

CyberShake_300_580.xml
242.98,196796.39
241.11,197297.5
146.04,136350.09
137.38,121470.58

CyberShake_300_581.xml
243.1,197735.15
272.01,217665.47
166.29,150332.52
159.89,143188.23

CyberShake_300_582.xml
250.22,203706.61
275.28,221220.2
156.23,141086.27
151.48,132992.65

CyberShake_300_583.xml
220.8,182633.74
245.85,201824.66
143.25,134753.79
141.71,127201.49

CyberShake_300_584.xml
242.27,198042.19
265.65,214283.74
155.39,140388.72
139.95,124927.64

CyberShake_300_585.xml
210.87,175182.18
229.31,190390.07
135.74,128384.25
126.15,114641.1

CyberShake_300_586.xml
233.65,195004.61
262.94,213947.25
159.63,148266.88
157.35,146735.51

CyberShake_300_587.xml
261.1,208338.19
255.93,206648.8
156.72,140880.08
153.59,133176.08

CyberShake_300_588.xml
234.38,199705.77
264.91,219841.29
158.78,149406.34
157.84,149289.23

CyberShake_300_589.xml
212.89,177397.44
237.19,194834.83
137.66,131985.47
130.89,119038.22

CyberShake_300_590.xml
263.95,211291.65
286.04,227403
163.03,148536.57
163.9,141801.85

CyberShake_300_591.xml
235.25,190761.54
265.03,211281.9
162.39,146618.57
159.03,143473.09

CyberShake_300_592.xml
207.74,174646.21
234.86,193417.21
137.38,131020.93
132.78,120744.34

CyberShake_300_593.xml
197.17,164946.74
226.8,185936
144.81,135653.48
139.71,131387.46

CyberShake_300_594.xml
237.86,194406.75
263.32,212398.02
157.1,144534.03
152.98,136912.81

CyberShake_300_595.xml
235.75,192158
235.95,194758.99
138.79,131754.12
137.71,121624.88

CyberShake_300_596.xml
263.73,210260.46
263.58,212857.2
158.36,143563.13
145.75,126790.54

CyberShake_300_597.xml
232.66,191277.05
256.01,207766.56
166.51,151656.52
136.39,122701.83

CyberShake_300_598.xml
225.72,184602.03
251.24,204098.04
144.62,135270.56
142.64,127371.69

CyberShake_300_599.xml
245.07,199488.6
268.32,215949.43
150.59,140488.27
145.11,127687.2

CyberShake_300_600.xml
265.56,212084.2
261.45,210659.79
157.11,143154.64
149.33,129116.45

CyberShake_300_601.xml
217.23,179087.36
216.55,180720.46
136.47,127644.34
132.14,118019.08

CyberShake_300_602.xml
242.03,194083.1
236.12,193084.19
142.85,132805.92
141.73,123076.94

CyberShake_300_603.xml
237.22,194301.36
263.85,212689.03
155.81,144504.77
154.85,138149.47

CyberShake_300_604.xml
233.62,192519.18
257.28,208916.29
150.87,139081.53
144.77,127492.92

CyberShake_300_605.xml
190.98,161631.47
213.86,177769.44
134.57,126754.12
132.75,122872.77

CyberShake_300_606.xml
264.8,214754.49
289.77,232060.65
190.79,162055.2
175.61,148604.94

CyberShake_300_607.xml
222.02,184452.83
246.66,201950.47
141.03,131360.39
136.12,122709.74

CyberShake_300_608.xml
257.48,217068.04
274.36,227966.45
169.68,157842.37
168.88,157553.37

CyberShake_300_609.xml
204.84,171241.1
222,185066.14
142.11,134221.59
142.92,132786.23

CyberShake_300_610.xml
238.52,194470.19
259.43,210493.14
146.2,137051.54
142.56,125189.41

CyberShake_300_611.xml
184.75,157071.71
205.54,173831.07
124.1,119444.97
124.99,116209.47

CyberShake_300_612.xml
236.75,193390.76
260.23,210483.02
146.99,137084.04
140.53,124779.79

CyberShake_300_613.xml
252.8,204524.45
271.43,218999.63
160.53,146810.05
145.27,128759.78

CyberShake_300_614.xml
233.28,180675.53
254.18,205433.15
143.44,134585.52
135.04,119890.46

CyberShake_300_615.xml
293.42,240244.81
323.79,260035.29
188.46,169225.22
186.11,168375.66

CyberShake_300_616.xml
254.27,204053.04
251.56,204019.51
157.45,142206.47
141.08,123968.84

CyberShake_300_617.xml
197.21,169408.82
229.02,190064.65
145.6,138888.92
140.53,135050.54

CyberShake_300_618.xml
221.77,185817.79
247.65,202709.69
151.86,141924.77
150.91,141010.95

CyberShake_300_619.xml
227.72,188342.44
246.15,201604.03
144.78,136645.63
137.4,122772.59

CyberShake_300_620.xml
228.88,188433.92
252.24,205870.24
146.19,136409.16
137.31,123222.64

CyberShake_300_621.xml
181.1,155047.51
211.04,175813.93
132.19,127564.49
131.61,126762.45

CyberShake_300_622.xml
200.84,171495.63
226.78,188495.19
146.39,139716.05
141.63,136127.6

CyberShake_300_623.xml
237.06,192805.67
262.94,210265.11
149.88,134647.58
141.52,123950.08

CyberShake_300_624.xml
266.17,215092.5
289.81,231024.68
191.61,162918.11
174.73,149345.33

CyberShake_300_625.xml
252.58,203973.84
275.83,221332.16
153.33,138519.85
144.53,127698.87

CyberShake_300_626.xml
245.85,199990.38
275.03,219798.63
167.68,152246.65
164.06,149230.62

CyberShake_300_627.xml
223.81,183654.93
247.02,199023.5
144.76,134455.93
142.34,126942.01

CyberShake_300_628.xml
245.66,198422.81
269.13,215732.74
161.6,146528.13
161.17,143598.5

CyberShake_300_629.xml
247.51,199473.49
247.28,200895.85
154.94,141395.64
136.86,121739.2

CyberShake_300_630.xml
217.17,180382.18
243.93,199240.15
151.35,141231.4
148.83,137799.33

CyberShake_300_631.xml
239.17,196411.42
265.74,214138.17
159.03,144655
157.27,140644.4

CyberShake_300_632.xml
256.97,208523.89
277.34,222769.26
154.61,141398.77
149.6,131470.01

CyberShake_300_633.xml
178.4,153138.68
196.35,167760.88
131.01,126631.8
129.19,123929.93

CyberShake_300_634.xml
276.5,222946.43
308.71,243905.75
182.3,163992.9
179.83,162015.21

CyberShake_300_635.xml
272.65,219032.02
292.66,233288.8
165.42,148234.16
153.38,133849.81

CyberShake_300_636.xml
265.44,212050.81
266.17,214490.49
184.75,160043.61
150.79,130985.03

CyberShake_300_637.xml
215.97,185483.73
251.8,208604.51
149.66,143045.92
148.75,141980.66

CyberShake_300_638.xml
174.54,151262.48
205.6,171794.94
129.68,124239.36
127.72,121083.12

CyberShake_300_639.xml
221.44,185365.48
243.49,202157.6
152.48,144045.66
149.49,136569.8

CyberShake_300_640.xml
185.33,157864.18
214.85,180654.04
132.23,125156.27
132.7,123115.18

CyberShake_300_641.xml
270.62,214778.41
270.54,216666.84
161.65,144771.16
153.61,132379.89

CyberShake_300_642.xml
211.43,176187.99
236.95,193425.39
148,138299.86
144.58,134018.99

CyberShake_300_643.xml
264.35,210799.34
274.2,219498.16
161.77,147115.31
152.73,132590.93

CyberShake_300_644.xml
217.09,181279.82
246.37,200568.97
149.94,139946.67
149.25,139146.78

CyberShake_300_645.xml
247.59,201538.85
278.69,222601.93
170.2,154362.1
165.15,149763.4

CyberShake_300_646.xml
243.07,202457.05
272.8,221823.72
162.77,150703.64
161.95,149959.99

CyberShake_300_647.xml
217.01,180836.3
241.88,197844.87
140.14,130941.59
134.12,121094.86

CyberShake_300_648.xml
197.7,168170.11
222.44,185376.75
143.15,136950.08
139.41,132979.9

CyberShake_300_649.xml
205.15,171518.34
234.23,193139.52
147.62,139482.88
144.86,136323.05

CyberShake_300_650.xml
256.41,196209.85
254.56,206150.51
151.53,136014.62
148.65,129978.6

CyberShake_300_651.xml
214.65,176510.99
230.49,187805.11
148.73,136933.8
145.93,133927.47

CyberShake_300_652.xml
245.83,199559.36
265.35,214132.95
167.33,151316.49
162.81,146230.79

CyberShake_300_653.xml
258.21,207517.81
257.15,208962.05
155.72,143493.39
151.5,131392.09

CyberShake_300_654.xml
266.71,212196.86
289.74,229675.93
164.43,146316.15
166.71,143813.55

CyberShake_300_655.xml
193.98,173488.68
225.52,194055.14
139.57,137750.46
138.85,137101.1

CyberShake_300_656.xml
254.1,204275.98
276.77,220551.09
154.3,138777.17
148.38,128436.43

CyberShake_300_657.xml
201.25,169097.09
230.92,189045.92
141.21,134069.71
140.61,132202.54

CyberShake_300_658.xml
269.08,215864.19
271.24,217998.59
164.25,149160.66
153.85,134391.21

CyberShake_300_659.xml
261.78,208292.04
260.13,208651.98
157.37,140128.82
151.81,130855.85

CyberShake_300_660.xml
245.67,206582.18
274.3,225232.92
165.4,154209.14
164.68,153954.96

CyberShake_300_661.xml
215.17,178293.76
221.19,184423.62
136.14,131198.84
129.12,116916.52

CyberShake_300_662.xml
248.56,203103.63
271.01,218466.53
157.38,144557.21
145.13,128423.45

CyberShake_300_663.xml
221.31,189834.6
255.34,212141.16
153.78,146898.99
154.15,146553.91

CyberShake_300_664.xml
211.18,176542.9
237.17,194665.13
145.83,136296.56
144.35,133161

CyberShake_300_665.xml
224.59,184258.96
249.36,202617.48
146.08,133613.7
141.96,126790.55

CyberShake_300_666.xml
223.92,184925.98
247.56,201840.73
152.42,140024.08
147.99,134738.85

CyberShake_300_667.xml
252.22,205212.37
255.29,208640.48
162.1,148843.45
146.09,129786.17

CyberShake_300_668.xml
272.11,217153.2
295.59,234047.71
170.71,155622.81
170.87,148788.39

CyberShake_300_669.xml
254.74,205537.54
277.05,221005.87
161.16,143270.96
156.11,134898.48

CyberShake_300_670.xml
180.93,157075.08
205.73,174348.08
129.08,126957.26
127,119896.3

CyberShake_300_671.xml
228.28,188539.3
251.09,204170.01
147.28,138910.71
145.12,129404.65

CyberShake_300_672.xml
271.27,206335.09
272.68,218575.01
164.64,147894.68
158.82,136647.57

CyberShake_300_673.xml
252.96,203188.42
274.63,217569.1
157.45,140333.93
147.69,129384.08

CyberShake_300_674.xml
266.55,213585.46
283.54,227215.75
176.54,157804.58
174.4,154426.46

CyberShake_300_675.xml
219.72,181831.26
247.47,201031.26
152.64,141806.44
148.06,135605.9

CyberShake_300_676.xml
261.83,210126.67
277,222082.08
171.85,155565.59
168.1,150100.9

CyberShake_300_677.xml
224.22,186377.43
249.13,203244.07
145.98,133351.63
141.3,126134.24

CyberShake_300_678.xml
223.46,182324.12
234.02,191963.26
134.04,127864.04
132.06,117760.68

CyberShake_300_679.xml
206.2,173236.89
230.68,191412.36
135.64,126937.64
133.37,121230.26

CyberShake_300_680.xml
250.8,201955.25
266.73,214077.39
151.86,139666.41
146.57,127283.26

CyberShake_300_681.xml
219.07,182235.41
246.34,200374.53
147.6,137393.24
145.69,130914.31

CyberShake_300_682.xml
172.78,149649.84
204.06,171095.49
136.22,131015.83
127.83,124422.5

CyberShake_300_683.xml
217.23,181249.87
236.08,194528.81
138.72,132498.55
129.25,117776.31

CyberShake_300_684.xml
227.66,187547.76
251.06,204742.17
139.99,132251.04
131.52,117969.96

CyberShake_300_685.xml
241.12,197358.89
265.24,214198.78
148.79,139031.87
145.74,128662.74

CyberShake_300_686.xml
262.85,210697.49
263.63,212106.24
161.62,145623.26
146.55,127686.73

CyberShake_300_687.xml
226.54,186677.4
254.26,205739.11
156.75,144677.66
153.6,141122.92

CyberShake_300_688.xml
241.71,205293.18
274.1,226399.2
165.61,154697.17
163.5,153913.27

CyberShake_300_689.xml
265.6,202933.03
265.36,213873.28
163.16,143150.84
163.94,140373.23

CyberShake_300_690.xml
215.53,179484.72
241.16,198103.47
146.52,136073.16
144.81,132016.17

CyberShake_300_691.xml
170.3,152081.38
199.63,171334.73
127.17,125640.49
125.74,124873.74

CyberShake_300_692.xml
172.97,151053.19
202.76,170737.22
131.16,127839.83
127.6,122630.85

CyberShake_300_693.xml
265.16,202057.06
265.12,215036.86
166.69,148597.3
154.12,135079.55

CyberShake_300_694.xml
198.48,170044.99
227.64,189181.01
139.21,133494.96
139.71,133616.4

CyberShake_300_695.xml
200.77,168951.12
231.92,191425.72
147.75,139143.06
141.95,134264.59

CyberShake_300_696.xml
195.45,164123.15
220.18,182443.18
129.56,122383.97
126.88,116346.85

CyberShake_300_697.xml
219.23,182040.4
218.67,181996.5
137.49,131297
128.71,116650.52

CyberShake_300_698.xml
234.95,192726.04
257.62,208541.88
143.27,135749.89
136.24,122104.22

CyberShake_300_699.xml
251.05,203524.47
280.48,225012.31
165.97,149479.65
164.8,146113.31

CyberShake_300_700.xml
261.52,210088.67
258.55,210416.11
163.12,147079.28
141.76,125686.65

CyberShake_300_701.xml
229.42,187908.39
237.63,194266.54
154,143018.17
150.74,138449.69

CyberShake_300_702.xml
223.95,184594.19
247.64,202678.48
145.54,134228.88
143.4,128355.03

CyberShake_300_703.xml
239.17,194035.91
262.11,211259.06
148.66,136470.86
146.29,126937.87

CyberShake_300_704.xml
223.22,184005.47
245.94,200975.87
154.52,142758.4
148.15,135707.45

CyberShake_300_705.xml
223.21,184134.76
240.87,197384.9
152.57,139526.36
150.1,136551.29

CyberShake_300_706.xml
194.38,164555.67
213.35,180182.74
137.74,131387.55
134.96,126773.88

CyberShake_300_707.xml
278.35,222580.5
302.12,239168.71
192.23,168965.25
176.41,155453.13

CyberShake_300_708.xml
198.06,166900.85
222.86,183230.73
133.76,124548.47
128.85,117544.51

CyberShake_300_709.xml
262.09,209556.69
291.26,230722.46
174.45,156636.45
171.72,154023.46

CyberShake_300_710.xml
215.61,182340.29
246.79,202710.59
151.02,143241.28
149.37,141643.89

CyberShake_300_711.xml
206.33,174074.11
233.03,192440.94
139.96,132364.58
136.05,123840.38

CyberShake_300_712.xml
254.29,205740.99
279.3,223266.13
181.75,161375.58
162.01,142424.37

CyberShake_300_713.xml
264.18,211919.23
286.5,228482.02
160.48,145621.57
150.12,130502.31

CyberShake_300_714.xml
263.72,211514.66
286.61,228410.9
158.19,144349.28
154.14,133396.22

CyberShake_300_715.xml
249.8,202664.02
267.64,216095.42
153.32,143117.09
151.75,132466.74

CyberShake_300_716.xml
266.11,213474.75
290.53,230107.47
164.14,145492.28
161.59,138438.18

CyberShake_300_717.xml
209.93,175727.96
210.8,177990.46
153.59,142403.59
128.81,116209.73

CyberShake_300_718.xml
252.57,210095.69
283.85,230781.85
167.79,155262.67
167.99,155082.98

CyberShake_300_719.xml
210.91,174133.87
239.34,194440.99
147.48,137163.5
145.92,133571.68

CyberShake_300_720.xml
258.73,208807.51
280.01,223559.39
151.16,140017.81
154.61,133966.7

CyberShake_300_721.xml
265.51,217500.87
290.75,233832.14
174.91,158106.45
173.77,157736.89

CyberShake_300_722.xml
260.27,210321.02
281.62,226201.7
184.26,160159.18
153.4,134418.76

CyberShake_300_723.xml
232.79,191614.9
259.02,210553.13
152.11,138888.35
146.49,130104.19

CyberShake_300_724.xml
260.06,210499.75
286.63,229118.11
169.41,154003.84
167.39,147296.83

CyberShake_300_725.xml
192.49,173572.5
222.56,193059.12
139.09,137897.16
137.24,137216.31

CyberShake_300_726.xml
207.2,162600.73
229.43,189547.13
135.47,128060.7
127.93,117258.34

CyberShake_300_727.xml
247.46,200557.79
247.68,203259.16
155.82,143089.03
142.38,125840.44

CyberShake_300_728.xml
206.91,173106.9
231.81,190130.94
143.4,133271.84
141.3,129432.45

CyberShake_300_729.xml
208.29,174071.79
232.17,191165.59
149.5,138320.46
128.55,116315.05

CyberShake_300_730.xml
199.55,167039.61
213.7,177397.88
133.09,126896.32
134.16,122988.22

CyberShake_300_731.xml
162.23,143777.27
192.89,163769.22
122.65,121446.18
121.51,119876.27

CyberShake_300_732.xml
261.76,209875.46
283.11,224988.68
170.57,152919.31
169.11,150500.83

CyberShake_300_733.xml
208.93,175994.27
243.94,198979.76
146.34,138195.9
145.35,136824.12

CyberShake_300_734.xml
243.39,197335.96
265.78,215814.6
153.41,140356.24
152.89,134448.33

CyberShake_300_735.xml
244.37,197286.69
264.71,212064.7
150.65,135775.81
145.44,127072.94

CyberShake_300_736.xml
271.32,216285.11
295.18,233344.58
168.88,151052.02
158.56,135542.03

CyberShake_300_737.xml
194.71,164801.16
219.96,183868.15
127.34,123810.34
124.99,113814.72

CyberShake_300_738.xml
266.42,212865.35
265.45,214349.64
163.23,149163.32
154.78,134433.52

CyberShake_300_739.xml
223.88,183957.98
245.63,199896.37
139.79,132063.07
136.8,120641.26

CyberShake_300_740.xml
236.76,191596.47
238.6,194192.45
137.76,130031.43
136.41,120769.92

CyberShake_300_741.xml
233.58,191070.36
234.15,192839.34
146.27,135652.74
133.7,104301.51

CyberShake_300_742.xml
208.31,173974.91
235.05,194480.22
140.48,133518.26
137.23,125011.1

CyberShake_300_743.xml
213.45,184028.66
242.94,203364.15
149.56,143592.5
148.92,143047.6

CyberShake_300_744.xml
250.86,203485.72
275.47,221196.53
160.81,145182.24
147.34,130245.09

CyberShake_300_745.xml
245.69,197863.03
274.57,217131.19
165.87,149047.24
160.87,143193.7

CyberShake_300_746.xml
259.4,210254.02
283.64,228038.79
163.4,149579.13
149.57,116512.7

CyberShake_300_747.xml
238.05,194103.16
244.05,199406.67
147.71,134202.28
139.57,123797.71

CyberShake_300_748.xml
271.99,216957.06
260.61,212101.67
166.57,152139.84
166.14,142876.25

CyberShake_300_749.xml
178.42,152887.84
204.06,172809.02
129.8,124067.22
126.94,119835.02

CyberShake_300_750.xml
216.27,180544.81
239.26,196475.16
137.79,131580.53
129.98,118082.93

CyberShake_300_751.xml
269.58,220092.29
300.9,240691.6
181.74,164767.11
176.14,160342.54

CyberShake_300_752.xml
212.98,176414.68
211.6,176451.77
134.9,126721.5
127.12,115429.05

CyberShake_300_753.xml
184.3,157035.12
207.7,174975.48
130.3,125111.65
128.57,119726.72

CyberShake_300_754.xml
253.4,202281.08
249.21,201400.67
149.6,137236.63
142.22,123801.61

CyberShake_300_755.xml
190.83,164100.72
212.02,179676.66
139.75,134559.61
134.43,128604.94

CyberShake_300_756.xml
283.07,227248.66
310.5,245102.75
186.97,166784.58
183.24,163924.81

CyberShake_300_757.xml
187.81,159910.88
218.35,181324.2
138.63,131515.01
134.38,127360.94

CyberShake_300_758.xml
271.3,218265.29
295.24,236104.03
170.73,152909.9
155.98,135998.15

CyberShake_300_759.xml
216.59,181005.79
240.66,198788.49
145.98,137664.73
139.49,125746.63

CyberShake_300_760.xml
210.55,177328.79
240.05,196539.74
151.59,142328.41
147.17,138287.28

CyberShake_300_761.xml
249.32,201017.92
271.86,217840.01
174.84,153687.95
148.94,129567.66

CyberShake_300_762.xml
197.68,167289.9
220.88,183144.85
139.15,131058.99
135.32,126321.18

CyberShake_300_763.xml
209.6,174133.26
231.92,191515.05
137.42,127728.94
132.25,119264.54

CyberShake_300_764.xml
231.68,195098.04
258.48,212672.73
156.48,146851.25
156.94,147049.78

CyberShake_300_765.xml
176.22,152317.56
195.49,166978.66
134.22,129689.53
126.77,122547.62

CyberShake_300_766.xml
233.32,192361.45
261.05,211153.92
159.52,148180.16
156.3,144086.37

CyberShake_300_767.xml
243.89,197840.69
263.71,211405.64
157.69,142439.59
158.56,139713.17

CyberShake_300_768.xml
237.44,194452.93
259.47,210409.5
146.49,134645.18
138.51,123126.15

CyberShake_300_769.xml
184.14,157596.14
209.92,175691.69
131.71,126647.47
127.91,120457.83

CyberShake_300_770.xml
274.41,225967.92
304.68,245694.47
179.25,162126.34
177.71,161979.39

CyberShake_300_771.xml
232.65,191149.25
258.44,209173.86
148.3,136575.69
144.6,127950.04

CyberShake_300_772.xml
194.17,164703.34
217.97,182799.14
134.57,129976.68
132.69,123252.5

CyberShake_300_773.xml
170.98,149589.59
200.6,169812.21
129.11,126779.55
126.97,124699.35

CyberShake_300_774.xml
275.37,219331.1
296.83,235859.79
196.13,169861.74
153.31,133538.86

CyberShake_300_775.xml
213.3,177971.74
237.09,194774.67
136.93,130853.62
134.26,120116.89

CyberShake_300_776.xml
230.52,188077.28
255.49,208281.42
149.19,138868.42
147.44,131275.86

CyberShake_300_777.xml
229.11,188428.21
252.09,204569.98
143.81,135072.16
136.31,121800.46

CyberShake_300_778.xml
240.79,196352.87
240.84,197333.25
178.91,159527.12
136.87,121961.76

CyberShake_300_779.xml
189.27,160267.38
212.8,177203.8
130.67,125787.71
128.5,118796.78

CyberShake_300_780.xml
273.21,218705.83
291.22,231714.07
172.76,154774.53
171.29,149150.31

CyberShake_300_781.xml
230.47,178301.02
254.66,206231.36
145.36,134933.75
136.82,122744.36

CyberShake_300_782.xml
247.98,201032.63
270.29,216533.88
155.69,143294.45
147.01,128821.29

CyberShake_300_783.xml
260.72,209623.49
261.18,211537.41
163.2,147438.54
142.55,126143.06

CyberShake_300_784.xml
228.51,187719.58
251.07,203812.27
142.61,134832.25
134.51,121011

CyberShake_300_785.xml
235.99,194298.53
265.27,214378.22
162.12,149355.59
157.56,142781.99

CyberShake_300_786.xml
240.54,196315.97
261.08,210643.61
160.89,147436.27
156.97,142046.91

CyberShake_300_787.xml
219.5,181187.43
250.65,202602.79
153.22,142240.42
151.35,140427.97

CyberShake_300_788.xml
242.26,197801.54
256.4,208846.33
162.65,147984.01
157.92,143068

CyberShake_300_789.xml
197.41,166311.81
220.52,183969.8
127.54,121403.43
124.99,113543.07

CyberShake_300_790.xml
243.94,199621.31
269.85,217014.01
155.51,142570.72
150.8,116115.32

CyberShake_300_791.xml
257.94,207180.91
279.68,223430.36
160.04,141924.67
154.02,132744.77

CyberShake_300_792.xml
223.34,185557.23
250.21,204241.63
154.33,144459.96
149.69,138311.75

CyberShake_300_793.xml
193.84,164706.11
218.67,182874.65
131.73,127016.79
130.24,120120.19

CyberShake_300_794.xml
249.6,200388.57
247.29,199989.46
172.61,154210.61
140.14,123343.64

CyberShake_300_795.xml
230.51,190746.67
251.59,205849.62
150.15,139134.12
136.17,121953.64

CyberShake_300_796.xml
183.96,164631.08
213.87,184122.91
136.52,134540.63
133.78,133063.39

CyberShake_300_797.xml
250.65,202965.19
273.02,218299.76
152.93,139197.76
149.04,129978.72

CyberShake_300_798.xml
213.32,177681.36
238.4,195148.42
144.49,133443.11
140.74,127861.76

CyberShake_300_799.xml
229.14,186634.67
227.51,188635.83
140.97,130270.18
139.81,122535.65

CyberShake_300_800.xml
212.32,178139.25
236.96,195635.88
146.7,137243.18
144.34,132461.19

CyberShake_300_801.xml
227.87,176907.79
230.65,190778.65
141.6,133464.37
130.21,117903.53

CyberShake_300_802.xml
207.87,174232.63
239.96,197048.19
147.37,138667.77
145.38,136403.81

CyberShake_300_803.xml
234.5,192908.79
261.34,210980.88
145.94,136048.58
137.07,122356.73

CyberShake_300_804.xml
255.88,206122.49
256.81,209399.65
157.62,144403.33
141.59,125568.41

CyberShake_300_805.xml
243.01,208464.3
265.72,223384.7
166.99,156862.43
163.16,154659.91

CyberShake_300_806.xml
239.96,196059.89
260.97,210715.28
145.89,135627.02
139.44,123760.31

CyberShake_300_807.xml
271.54,217614.87
294.16,233657.13
198.3,165872.11
181.59,151866.75

CyberShake_300_808.xml
269.7,215950.8
269.87,218607.21
162,147387.79
146.75,128074.19

CyberShake_300_809.xml
216.22,187821.06
237.02,201191.66
149.75,142388.67
148.21,141947.87

CyberShake_300_810.xml
198.13,168768.71
231,190316.7
143.96,136801.15
140.02,134000.96

CyberShake_300_811.xml
270.61,217805.37
299.19,236456.39
181.38,161769.31
177.56,158677.94

CyberShake_300_812.xml
220.84,183125.17
248.95,201873.02
154.17,142920.4
150.75,139728.43

CyberShake_300_813.xml
260.22,210265.79
285.51,227979.74
162.9,145185.85
154.94,135239.91

CyberShake_300_814.xml
256.24,206339.45
284.24,227659.58
168.71,151838.1
168.16,148802.63

CyberShake_300_815.xml
192.1,162787.63
212.51,177785.75
137.94,130367.79
133.59,126063.93

CyberShake_300_816.xml
258.71,207962.17
275.8,221618.36
171.33,153407.2
167.83,149653.69

CyberShake_300_817.xml
260.56,208169.32
259.44,209691.73
163.59,145006.37
142.21,124449.74

CyberShake_300_818.xml
254.34,203266.8
277.59,221160.34
160.72,142744.1
158.96,139113.38

CyberShake_300_819.xml
197.38,168921.26
230.44,190625.98
140.61,134427.38
139.53,133446.78

CyberShake_300_820.xml
203.94,171751.28
238.81,195494.13
147.36,139838.17
143.97,136570.33

CyberShake_300_821.xml
199.34,169846.61
225.88,188421.56
147.75,140843.14
142.51,136272.58

CyberShake_300_822.xml
194.91,165122.74
219.93,182665.82
137.87,130510.12
134.72,126126.9

CyberShake_300_823.xml
222.83,184883.19
251.58,205778.7
156.41,147053.65
153.55,143289.51

CyberShake_300_824.xml
184.36,158066.91
206.94,174255.36
134.35,129405.51
132.56,126302.22

CyberShake_300_825.xml
176.08,151541.03
193.77,165340.71
127.45,123635.46
124.8,119502.47

CyberShake_300_826.xml
257.78,206817.88
282.21,223283.65
160.76,142016.58
156.97,134781.39

CyberShake_300_827.xml
240.66,194836.31
260.86,211033.1
162.14,146419.52
159.62,143271.1

CyberShake_300_828.xml
217.14,181064.64
242.74,200120.19
150.24,141263.5
147.03,136958.15

CyberShake_300_829.xml
243.96,198748.42
267.64,214935.92
163.24,150017.6
160.17,144819.95

CyberShake_300_830.xml
247.04,201115.55
269.98,217454.16
163.98,149040.15
163.02,145591.68

CyberShake_300_831.xml
235.56,192490.91
231.12,190391.8
143.77,134790.73
135.24,120231.49

CyberShake_300_832.xml
220.84,183948.15
242.05,200160.05
142.59,133365.2
135.79,123263.99

CyberShake_300_833.xml
250.68,202576.52
252.54,205400.9
156.32,142998.24
140.75,125264.12

CyberShake_300_834.xml
198.18,167107.93
225.98,187608.49
141.72,134810.92
138.94,130806.5

CyberShake_300_835.xml
240.45,195356.15
262.31,210498.29
147.53,136013.87
139.54,122270.56

CyberShake_300_836.xml
249.65,206902.74
281.95,228254.58
168.25,155869.87
167.43,154960.42

CyberShake_300_837.xml
179.19,162261.73
209.38,181948.19
132.97,132690.85
130.71,131077.97

CyberShake_300_838.xml
254.91,206446.04
276.92,221975.87
177.19,157695.37
151.86,132002.89

CyberShake_300_839.xml
203.75,171179.36
226.06,186609.31
136.74,129989.75
134.7,123787.75

CyberShake_300_840.xml
230.03,195070.23
264.23,217397.78
156.52,147751.86
155.97,146975.18

CyberShake_300_841.xml
259.69,208819.03
280.19,224060.37
159.85,145152.03
152.67,133148.9

CyberShake_300_842.xml
248.97,209524.22
282.57,231766.42
165.56,154258.8
165.22,153696.62

CyberShake_300_843.xml
208.93,180579.24
243.5,203221.43
151.12,143474.13
145.38,139966.07

CyberShake_300_844.xml
223.18,185234.38
257.34,207704.77
155.19,144176.32
154.2,142996.2

CyberShake_300_845.xml
269.16,215274.85
292.45,232622.05
167.22,149718.42
165.41,143141.56

CyberShake_300_846.xml
231.01,180061.58
228.77,189742.43
144.93,136897.55
130.5,118161.79

CyberShake_300_847.xml
270.06,215246.36
293.81,232462.89
174.82,156245.52
172.51,152336.34

CyberShake_300_848.xml
209.75,183908.85
238.13,202510.97
146.87,141844.72
146.23,141913.3

CyberShake_300_849.xml
262.26,211077.59
283.7,227516.06
159.32,141514.19
154.94,135991.29

CyberShake_300_850.xml
203.3,170918.15
225.66,186827.98
130.76,124247.4
127.08,115127.55

CyberShake_300_851.xml
256.4,207360.78
280.84,223968.77
157.99,140361.26
155.44,134085.91

CyberShake_300_852.xml
251.36,201945.5
249.35,201646.22
151.51,137339.81
143.58,124967.09

CyberShake_300_853.xml
239.24,196207.64
264.93,213477.73
155.77,144584.25
149.83,132958.79

CyberShake_300_854.xml
231.47,190621.36
255.09,206998.88
143.44,134178.33
132.91,119093.85

CyberShake_300_855.xml
184.34,157825.84
205.4,172932.37
147.19,137360.78
127.57,118659.5

CyberShake_300_856.xml
274.48,219267.39
299.5,238456.94
170.03,151705.8
169.7,146885.32

CyberShake_300_857.xml
257.11,206960.77
279.03,223613.17
161.28,143798.59
161.24,140670.93

CyberShake_300_858.xml
210.76,174799.44
207.59,175530.53
132.09,127446.93
129.41,116580.38

CyberShake_300_859.xml
224.71,185953.29
244.56,200181.38
143.8,134869.97
131.96,119254.12

CyberShake_300_860.xml
275.75,221735.95
288.12,230293.7
192.31,171216.35
177.78,158577.31

CyberShake_300_861.xml
165.53,151959.13
198.65,173507.69
125.53,125758.72
123.78,125470.04

CyberShake_300_862.xml
267.77,212789.22
289.78,227843.95
162.89,145502.94
159.81,135836.63

CyberShake_300_863.xml
237.02,193655.5
254.99,206259.78
143.48,135296.21
139.42,124632.63

CyberShake_300_864.xml
239.25,194272.56
252.13,205212.58
147.82,138233.89
142.18,126064.41

CyberShake_300_865.xml
235.19,192544.99
236.15,194022.44
144.15,135306.82
135.73,121429.94

CyberShake_300_866.xml
255.78,204900.53
279.33,222923.2
158.18,144274.14
158.93,138091.84

CyberShake_300_867.xml
262.85,211127.88
292.21,233504.82
179,161006.35
173.61,155640.4

CyberShake_300_868.xml
238.72,202050.11
269.86,222702.81
162.28,152181.82
161.25,151584.98

CyberShake_300_869.xml
226.69,185768.99
257.27,208297.48
155.65,143000.35
153.76,141173

CyberShake_300_870.xml
263.21,211744.41
290.43,230241.1
174.36,155054.89
171.13,151546.2

CyberShake_300_871.xml
273.44,219043.36
289.04,230819.9
177.36,158672.49
175.66,155707.76

CyberShake_300_872.xml
204.98,171086.31
233.5,190918.79
145.18,137430.51
144.87,135160.53

CyberShake_300_873.xml
248.75,200265.38
253.19,205414.76
150.47,138799.13
145.14,125717.58

CyberShake_300_874.xml
250.75,201700.99
251.41,203160.79
152.36,139045.65
141.73,124082.49

CyberShake_300_875.xml
229.35,187105.61
248.76,201688.26
141.41,131327.73
133.54,117735

CyberShake_300_876.xml
177.69,154933.61
209.35,176415.95
134.68,130966.81
130.7,127027.13

CyberShake_300_877.xml
204.57,175648.97
230.06,192030.63
144.87,139044.81
143.58,137595.18

CyberShake_300_878.xml
252.1,204578.97
275.89,220894.5
162.98,146665.99
160.77,141765.52

CyberShake_300_879.xml
260.53,207961.85
285.34,225709.76
158.78,144665.36
151.37,130495.14

CyberShake_300_880.xml
261.42,210261.67
290.06,229412.87
174.2,156443.24
170.67,152553.13

CyberShake_300_881.xml
243.12,199097.32
267.86,215927.51
159.79,146644.84
156.66,138872.47

CyberShake_300_882.xml
279.3,230097.88
310.79,250781.26
185.43,168293.71
182.43,167039.44

CyberShake_300_883.xml
210.03,174600.9
230.95,190780.93
142.49,135027.91
142.54,130350.99

CyberShake_300_884.xml
230.85,187381.3
231.46,191220.09
142.52,133597.24
138.22,122256.46

CyberShake_300_885.xml
253.78,205114.72
260.15,211266.31
150.35,138196.53
149.15,130213.91

CyberShake_300_886.xml
171.69,159108.66
203.15,179799.48
128.26,129437.57
126.53,128841.84

CyberShake_300_887.xml
194.39,174490.49
221.12,191832.74
140.23,137313.11
138.95,137437.27

CyberShake_300_888.xml
214.46,177249.8
232.56,191002.52
147.41,136170.97
145.62,133416.29

CyberShake_300_889.xml
204.07,171561.56
233.48,192070.17
144.93,137203.85
141.24,133578

CyberShake_300_890.xml
221.51,183768.63
244.76,201396.9
141.92,135735.76
137.39,123921.57

CyberShake_300_891.xml
236.76,192903.46
267.25,213372.85
159.79,145930.16
158.86,144804.02

CyberShake_300_892.xml
215.88,177830.15
246.81,200526.9
147.12,135784.77
147.56,133540.84

CyberShake_300_893.xml
270.76,215779.39
292.72,231354.02
162.93,147237.16
152.26,131788.34

CyberShake_300_894.xml
281.05,224002.2
312.01,245969.35
183.02,163085.43
181.11,161390.43

CyberShake_300_895.xml
222.58,184239.12
244.38,199241.25
140.87,134299.63
132.82,121067.92

CyberShake_300_896.xml
243.48,196515.7
241.21,196573.73
154.44,139375.63
133.94,117897.87

CyberShake_300_897.xml
215.36,179038.2
241.82,199510.17
152.45,141293.76
148.61,136394.14

CyberShake_300_898.xml
210.48,181454.34
223.95,190098.33
146.87,139998.01
146.91,140600.63

CyberShake_300_899.xml
243.25,197766.07
265.58,212890.24
172.24,152256.25
146.4,128159.51

CyberShake_300_900.xml
263.22,212667.35
286.47,230213.29
163.89,148577.77
147.13,129316.56

CyberShake_300_901.xml
207.58,185414.36
232.66,201595.33
151.68,148211.11
147.74,145901.84

CyberShake_300_902.xml
207.75,172725.31
230.73,190129.65
143.84,133010.25
141.59,129429.34

CyberShake_300_903.xml
218.69,180352.27
241.97,197346.19
147.07,134948.16
144.62,130790.12

CyberShake_300_904.xml
268.68,215929.26
291.84,232640.89
161,143022.63
158.79,137969.22

CyberShake_300_905.xml
250.76,203175.89
272.91,220277.99
158.44,146020.14
139.31,124510.29

CyberShake_300_906.xml
173.14,151714.73
203.94,173154.27
129.24,126709.35
126.93,124863.92

CyberShake_300_907.xml
202.7,170420.69
223.41,186410.91
144.88,137129.2
127.39,117110

CyberShake_300_908.xml
252.82,203129.84
265.79,213732.59
160.47,143631.72
145.51,125825.68

CyberShake_300_909.xml
269.92,215640.71
271.24,218230.15
166.01,150110.85
152.11,132106.66

CyberShake_300_910.xml
273.02,207138.28
274.44,219766.53
165.65,148897.58
153.35,132958.57

CyberShake_300_911.xml
238.02,194855.55
263.36,211142.5
149.78,138984.2
144.05,127260.75

CyberShake_300_912.xml
275.57,220935.74
305.64,240896.19
188.17,166755.95
177.73,158459.68

CyberShake_300_913.xml
253.2,203981.2
278.14,222504.6
163.76,147002.69
163.94,144460.1

CyberShake_300_914.xml
273.54,217684.1
304.46,239273.51
181.34,161091.34
178.84,158866.77

CyberShake_300_915.xml
272.11,226685.66
296.38,242527.69
179.89,165989.89
179.72,165951.8

CyberShake_300_916.xml
212.46,178387.33
237.87,196374.91
139.42,130225.19
137.24,124226.33

CyberShake_300_917.xml
262.87,211046.4
286.51,228773.04
164.17,145260.18
159.11,136818.24

CyberShake_300_918.xml
253.42,204703.73
277.65,221616.1
155.82,143743.89
144.75,127197.35

CyberShake_300_919.xml
282.56,224651.59
310.41,243639.54
183.2,162730.71
181.37,160942.03

CyberShake_300_920.xml
242.07,196659.98
241.95,198000.12
146.36,137760.46
144.79,126974.07

CyberShake_300_921.xml
229.61,189462.26
252.6,205477.16
142.98,134653.46
135.16,121816.17

CyberShake_300_922.xml
198.36,166170.98
220.95,182468.05
130.23,125152.82
128.66,117610.04

CyberShake_300_923.xml
213.94,178262.68
211.41,178547.8
137.76,130330.7
135.17,121591.04

CyberShake_300_924.xml
244.92,199141.59
243.43,199725.98
153.49,142656.08
150.8,131628.72

CyberShake_300_925.xml
166.63,152729.39
200.97,174968.01
125.8,125896.51
123.88,125166.71

CyberShake_300_926.xml
203.58,171284.71
231.91,191373.24
146.49,139120.94
144.12,136594.3

CyberShake_300_927.xml
195.51,165083.21
217.55,180890.84
130.39,124448.96
128.03,117144.38

CyberShake_300_928.xml
194.96,165405.33
222.1,183822.72
138.52,130330.19
137.03,127366.11

CyberShake_300_929.xml
268.22,213856.55
293.59,232514.6
168.52,151947.71
165.6,143471.53

CyberShake_300_930.xml
237.76,194082.58
262.18,211920.35
158.04,143149.58
154.47,137407.93

CyberShake_300_931.xml
209,175541.83
230.41,191182.92
147.56,139452.61
142.33,133102.43

CyberShake_300_932.xml
218.06,180660.98
240.94,198208.28
150.07,138299.52
146.95,133534.72

CyberShake_300_933.xml
238.39,194746.45
258.09,208635.11
151.54,137660.51
145.41,128554.5

CyberShake_300_934.xml
253.63,205386.18
275.45,220554.25
160.4,144123.33
155.92,135193.97

CyberShake_300_935.xml
185.83,168898.28
213.27,186910.89
135.59,135838.19
133.58,134498.97

CyberShake_300_936.xml
264.03,213186.78
291.76,232392.11
190.22,165140.84
167.01,146157.34

CyberShake_300_937.xml
265.83,212627.21
265.17,214586.05
161.75,142042.23
166.7,141615.08

CyberShake_300_938.xml
254.63,206826.91
278.56,222785.01
159.42,141336.59
154.19,133459.54

CyberShake_300_939.xml
244.45,196755.48
243.66,197135.57
147.33,134591.06
136.24,119823.84

CyberShake_300_940.xml
214.94,179980.16
238.89,196131.03
138.52,129533.31
132.4,119544.88

CyberShake_300_941.xml
206.76,183368.16
235.39,201841.52
147.28,144192.85
144.72,142379.82

CyberShake_300_942.xml
251.81,203039.26
250.93,203737.32
150.06,139107.64
144,126463.54

CyberShake_300_943.xml
205.44,175152.84
239,197365.7
145.29,137244.24
144.73,136968.27

CyberShake_300_944.xml
278.19,223667.96
301.37,239056.76
191.45,170788.38
181.3,163074.91

CyberShake_300_945.xml
242.5,198187.38
242.86,199473.41
150.42,140978.94
141.15,125076.16

CyberShake_300_946.xml
217.64,180604.22
246.15,199680.44
152.87,141486.89
147.15,136132.06

CyberShake_300_947.xml
242.64,196408.47
244.29,197925.02
153.89,139442.08
138.61,122559.28

CyberShake_300_948.xml
250.51,203262.62
276.29,220678.35
159.59,144031.39
155.81,136307.17

CyberShake_300_949.xml
189.39,161213.84
203.74,171893.13
135.45,129899.52
131.48,124892.84

CyberShake_300_950.xml
213.74,180090.35
243.98,200041.65
152.52,144641.26
151.68,142933.06

CyberShake_300_951.xml
251.43,209230.44
280.92,228348.94
168.98,156381.96
168.15,155640.9

CyberShake_300_952.xml
182.43,158081.38
206.69,174850.81
131.89,127106.9
127.74,120978.72

CyberShake_300_953.xml
230.92,190314.28
262.58,213299.77
160.36,147899.67
156.45,143628.94

CyberShake_300_954.xml
279.72,229060.31
312.33,250366.99
181.64,163567.8
180.22,163245.71

CyberShake_300_955.xml
235.91,193018.5
253.4,206327.71
148.31,135081.05
142.72,126187.35

CyberShake_300_956.xml
187.98,160765.9
213.01,178658.35
130.21,124135.44
126.18,117154.43

CyberShake_300_957.xml
251.95,208724.96
268.9,219658.9
168.54,154972.58
167.36,153615.56

CyberShake_300_958.xml
254.94,194472.32
277.81,220568.84
159.99,143829.75
143.72,125078.09

CyberShake_300_959.xml
265.72,212289.13
278.74,223879.37
158.83,146401.77
155.62,135530.25

CyberShake_300_960.xml
250.31,202954.05
273.11,220481.77
168.56,153632.8
159.88,141845.8

CyberShake_300_961.xml
252,204479.27
275.16,220923.7
154.2,141971.77
142.33,125460.86

CyberShake_300_962.xml
199.14,166515.77
218.2,181991.51
150.24,137293.66
132.28,120890.57

CyberShake_300_963.xml
229.18,188170.37
251.57,204803.91
144.12,133566.04
142.13,125858.34

CyberShake_300_964.xml
251,204327.76
273.96,219985.29
152.29,141044.52
145.8,127476.46

CyberShake_300_965.xml
173.35,154653.71
206.34,176364.57
130.27,129519.37
129.17,128633.03

CyberShake_300_966.xml
181.05,156649.47
209.08,174838.79
132.35,128229.45
130.35,126650.22

CyberShake_300_967.xml
178.85,153138.12
204.17,171723.34
132.11,126988.19
130.18,124389.74

CyberShake_300_968.xml
240.25,200471.57
255.93,210511.4
162.13,151534.32
161.47,150303.49

CyberShake_300_969.xml
240.7,197070.46
265.69,214324.86
150.74,137038.28
146.23,128342.11

CyberShake_300_970.xml
208.39,175042.93
238.51,196210.06
146.67,138770.94
142.75,133362.88

CyberShake_300_971.xml
273.98,219475.81
303.45,238897.51
179.83,160982.19
177.62,159080.83

CyberShake_300_972.xml
197.71,168368.53
222.99,185016.23
131.78,128464.79
127.97,117020.36

CyberShake_300_973.xml
167.67,151319.91
203.51,174760.97
126.9,125749.23
125.86,125394.81

CyberShake_300_974.xml
220.2,182523.45
219.41,183368.16
134.96,128824.21
128.65,116782.77

CyberShake_300_975.xml
196.51,166136.35
219.6,181515.37
142.67,134789.68
138.79,131359.21

CyberShake_300_976.xml
172.94,150210.04
208.73,174207.96
127.64,124776.06
126.93,123798.11

CyberShake_300_977.xml
226.46,184657.17
223.35,183764.82
143.14,132917.9
136.75,120975.98

CyberShake_300_978.xml
241.77,197381.4
264.86,214248.09
150.18,139142.42
142.34,125996.26

CyberShake_300_979.xml
262.98,211282.73
290.33,230122.51
167.27,149189.04
167.47,146211.94

CyberShake_300_980.xml
229.88,189350.71
254.38,206821.95
151.07,139309.42
147.62,131698.09

CyberShake_300_981.xml
268.34,215094.96
293.73,232648.29
163.69,145809.38
157.52,135343.01

CyberShake_300_982.xml
261.95,210625.98
284.08,227113.69
156.25,141449.4
150.57,132328.91

CyberShake_300_983.xml
202.68,171626.85
227.39,188219.96
142.3,134487.17
139.77,129374.61

CyberShake_300_984.xml
257.03,208422.83
290.65,230122.38
170.74,155250.2
169.74,153857.01

CyberShake_300_985.xml
200.48,177225.52
230.46,196736.86
141.16,137272
140.59,137245.17

CyberShake_300_986.xml
195.26,165548.11
220.6,182608.02
128.77,121409.22
125.2,114040.54

CyberShake_300_987.xml
269.88,216082.63
291.88,231919.67
169.36,152206.21
164.32,141819.21

CyberShake_300_988.xml
268.14,215373.8
294.72,233947.34
174.08,157268.21
171.43,150436.47

CyberShake_300_989.xml
218.42,182178.1
240.37,197714.15
136.33,129046.94
128.47,116579.37

CyberShake_300_990.xml
266.96,213611.95
271.55,218674.4
165.81,148642.23
166.47,144019.81

CyberShake_300_991.xml
264.11,211212.85
264.65,213223.02
161.05,139918.44
167.08,130350.02

CyberShake_300_992.xml
247.73,199832.2
247.44,202132.72
154.85,141021.92
138.15,122487.55

CyberShake_300_993.xml
184.91,158195.98
212.14,177985.77
132.97,126788.56
131.39,123533.43

CyberShake_300_994.xml
259.5,198122.61
282.18,224296.35
161.25,144605.9
152.78,132242.59

CyberShake_300_995.xml
192.58,164408.18
218.91,182068.21
139.31,133708.21
136.21,128368.22

CyberShake_300_996.xml
192.68,162645.47
208.45,175188.88
137.38,130145.88
133.08,124914.95

CyberShake_300_997.xml
231.21,189951.4
266.57,214122.57
160.42,147665.9
157.09,144663.85

CyberShake_300_998.xml
238.53,194979.93
266.92,214687.3
163.5,150306.64
162.49,148884.57

CyberShake_300_999.xml
171.5,149477.76
197.98,166851.11
125.79,122012.27
124.8,118853.36

CyberShake_300_1000.xml
275.41,219951.65
304.43,239373.64
180.58,159679.28
177.44,156139.38

