CyberShake_500_1.xml
309.99,277899.78
346.54,302003.56
228.25,224570.99
225.97,223077.8

CyberShake_500_2.xml
248.49,240277.55
279.09,259986.15
195.11,205977.28
194.31,205179.78

CyberShake_500_3.xml
264.67,250848.53
295.4,270950.27
205.76,211253.32
199.8,207887.94

CyberShake_500_4.xml
343.58,308305.6
381.97,333689.12
246.78,242628.79
246.68,242697.01

CyberShake_500_5.xml
313.13,272721.06
349.77,301393.47
229,221410.22
225.66,216083.31

CyberShake_500_6.xml
246.03,230412.55
276.63,252964.25
195.7,203112.84
185.39,195128.67

CyberShake_500_7.xml
275.41,246500.72
306.34,272260.72
210.41,210297.51
193.31,189395.97

CyberShake_500_8.xml
284.62,258288.05
323.8,284288.19
216.03,215421.37
212.64,212491.76

CyberShake_500_9.xml
307.98,278569.64
338.01,298144.96
225.42,222973.81
221.56,220950.43

CyberShake_500_10.xml
276.62,255176.73
311.26,277582.85
208.39,210826.37
204.85,208177.99

CyberShake_500_11.xml
270.88,253861.78
293.3,268654.58
205.85,212380.76
189.71,201631.48

CyberShake_500_12.xml
250.66,240248
265.08,249751.46
192.66,202378.22
191.73,201819.64

CyberShake_500_13.xml
250.82,233776.49
281.78,255494.17
213.49,210295.66
188.4,189700.07

CyberShake_500_14.xml
284.4,257135.49
311.41,273467.05
218.7,216295.23
188.56,193422.89

CyberShake_500_15.xml
245,226385.29
282.66,256718.01
192.93,197481.9
192.46,191587.85

CyberShake_500_16.xml
284.4,251990.6
300.98,266901.17
218.77,213585.01
189.2,184810.41

CyberShake_500_17.xml
283.36,261750.84
309.78,279045.7
216.12,217460.48
211.06,215084.55

CyberShake_500_18.xml
301.08,272429.31
330.82,292079.16
223.21,221466.66
217.9,219004.99

CyberShake_500_19.xml
232.51,227893.65
259.74,245795.27
189.47,199713.29
184.5,196732.81

CyberShake_500_20.xml
293,257941.43
327.25,285066.04
216.62,211896.05
214.32,206203.34

CyberShake_500_21.xml
255.47,242169.2
290.88,265591.32
200.07,206449.48
199.17,205683.12

CyberShake_500_22.xml
226.66,224735.7
259.15,246079.91
180.32,191702.66
178.39,192369.76

CyberShake_500_23.xml
274.85,248782.65
297.28,265173.04
208.14,209378.11
212.5,211496.99

CyberShake_500_24.xml
277.64,248057.31
313.92,277487.96
209.22,208316.71
207.82,202205.8

CyberShake_500_25.xml
241.91,228259.16
279.71,253636.26
200.3,204420.13
189.38,196192.79

CyberShake_500_26.xml
334.52,297931.71
372.16,322841.96
237.93,233272.95
239.08,233896.03

CyberShake_500_27.xml
255.68,233164.47
271.95,248488.11
189.88,194983.41
191.21,187408.53

CyberShake_500_28.xml
267.63,241423.32
304.73,271088.4
202.1,203468.76
201.59,196289.25

CyberShake_500_29.xml
253.04,230862.74
284.16,256458.59
192.47,196123.45
192.66,187494.76

CyberShake_500_30.xml
263.41,243354.1
285.38,258529.5
202.87,208532.42
194.86,202384.04

CyberShake_500_31.xml
285.55,254648.71
314.37,279304.85
213.88,213081.92
209.89,201455.26

CyberShake_500_32.xml
294.06,264765.87
308.09,274515.71
217.44,215881.64
200.77,196731.3

CyberShake_500_33.xml
242.35,223060.16
274.62,249863.05
188.7,193144.34
186.53,183029.31

CyberShake_500_34.xml
292.85,259482.86
330.08,288202.08
223.46,218552.36
218.84,215029.65

CyberShake_500_35.xml
230.67,223213.99
263.14,244361.27
190.01,198868.15
186.3,196281.01

CyberShake_500_36.xml
304.49,267878.25
342.11,297734.08
229.51,224117.77
223.14,217318.74

CyberShake_500_37.xml
305.66,267278.7
337.12,293498.8
225.09,219172.44
224.32,213011.37

CyberShake_500_38.xml
273.87,247358.72
311.31,275045.13
215.48,213677.58
207.87,208018.74

CyberShake_500_39.xml
277.86,256792.58
303.65,273718.56
213.09,215967.31
208.46,212285.23

CyberShake_500_40.xml
277.15,255269.49
312.76,278798.82
212.01,214906.45
209.77,212634.6

CyberShake_500_41.xml
273.21,251219.03
285.97,259248.46
201.49,207201.75
185.78,194289.76

CyberShake_500_42.xml
261.13,237705.79
293.83,264954.2
199.76,202954.17
195.72,191537.76

CyberShake_500_43.xml
261.55,245588.14
290.33,264563.33
201.36,207156.04
195.34,203152.15

CyberShake_500_44.xml
245.07,228891.09
269.16,244242.81
191.54,196882.45
184.69,189709.28

CyberShake_500_45.xml
248.06,227997.7
278.54,252817.02
191.2,196251.22
177.58,178514.18

CyberShake_500_46.xml
290.73,262511.43
321.06,282562.5
213.61,212852.16
203.41,198740.69

CyberShake_500_47.xml
244.42,232893.02
267.63,245354.17
191.74,198556.65
183.99,189573.75

CyberShake_500_48.xml
298.51,260910.54
336.83,291235.7
223.53,217236.93
218.48,212754.98

CyberShake_500_49.xml
260.98,241388.84
294.23,263425.39
215.15,214798.82
196.99,201168.76

CyberShake_500_50.xml
279.98,250281.2
318.16,280456.68
210.36,209410.29
209.61,203545.48

CyberShake_500_51.xml
262.6,241702.07
291.65,260886.22
197.39,200890.17
186.37,187226.55

CyberShake_500_52.xml
222.84,210823.52
256.37,238076.57
181.26,189021.85
179.9,182266.18

CyberShake_500_53.xml
273.54,245061.42
308.02,272746.2
208.51,206050.22
205.27,201853.02

CyberShake_500_54.xml
249.73,237746.11
275.5,254360.51
202.26,209377.47
194.68,203981.05

CyberShake_500_55.xml
242.97,232826.06
270.04,250522.74
192.08,199559.12
187.15,196711.49

CyberShake_500_56.xml
274.88,252466.89
299.77,268511.97
207.87,211961.78
204.03,208410.81

CyberShake_500_57.xml
247.62,232617.5
277.62,251601.58
192.11,196224.86
182.56,185484.89

CyberShake_500_58.xml
321.59,287558.54
359.31,312698
235.57,231546.52
232.91,229679.1

CyberShake_500_59.xml
271.73,247108.73
300.15,267338.72
211.28,210230.41
191.12,188415.99

CyberShake_500_60.xml
267.42,247826.3
307.81,274687.84
205.75,208718.58
203.57,207268.12

CyberShake_500_61.xml
269.5,248095.57
303.31,269330.8
197.4,198240.42
188,188247.05

CyberShake_500_62.xml
311.07,271098.76
344.84,298332.61
226.36,219968.92
224.79,214790.17

CyberShake_500_63.xml
304.38,269670.86
333.89,290174.13
234.06,224620.04
214.76,208703.26

CyberShake_500_64.xml
282.6,258354.84
306.59,273812.99
211.12,212866.21
206.88,209163.15

CyberShake_500_65.xml
225.09,217723.81
259.22,241696.66
189.75,199093.27
182.77,191403.82

CyberShake_500_66.xml
249.9,234534.54
276.79,251345.84
186.72,191763.29
181.57,185148.06

CyberShake_500_67.xml
229.74,215464.47
254.47,236647.81
179.06,188072.55
180.12,179320.76

CyberShake_500_68.xml
265.06,242788.26
288.74,263585.68
200.63,205881.68
201.54,197449.79

CyberShake_500_69.xml
321.76,277534.33
351.6,303205.17
233.95,226442.68
229.76,222014.78

CyberShake_500_70.xml
265.2,242878.47
294.73,262855.74
200.49,200781.59
197.19,196239

CyberShake_500_71.xml
226.24,212650.56
257.73,239487.65
181.03,189198.91
179.96,179821.59

CyberShake_500_72.xml
220,216622.95
257.05,241020.45
182.04,192347.33
176.48,189103.05

CyberShake_500_73.xml
268.23,243889.25
297.37,268439.62
205.78,207382.87
203.69,198461.27

CyberShake_500_74.xml
270.3,246880.11
302.78,269337.24
209.06,209225.96
202.27,203545.62

CyberShake_500_75.xml
305.54,272634.52
342.05,296658.5
224.72,221220.01
223.08,219841.42

CyberShake_500_76.xml
270.54,243988.16
306.2,270805.64
213.88,210899.03
205.11,204161.34

CyberShake_500_77.xml
236.5,221133.54
267.53,246295.6
192.83,197928.19
188.32,194491.59

CyberShake_500_78.xml
278.54,252994.93
305.55,270591.52
205.89,206335.37
199.46,197237.81

CyberShake_500_79.xml
275.91,253572.12
298.9,270135.83
204.16,207790.84
196.9,196180.72

CyberShake_500_80.xml
255.27,237663.41
287.79,259125.15
213.2,214578.05
198.33,203771.4

CyberShake_500_81.xml
245.06,237828.72
277.42,258872.87
196.64,206282.58
192.02,203121.28

CyberShake_500_82.xml
265.98,245210.88
302.28,269075.18
206.2,209184.11
199.3,203553.49

CyberShake_500_83.xml
244,238964.14
281.78,263799.62
193.54,204764.96
193.91,205005.55

CyberShake_500_84.xml
244.64,225717.56
279.18,253732.14
190.49,195252.46
188.03,184302.71

CyberShake_500_85.xml
322.39,285100.44
352.58,307200.06
242.35,236368.17
234.82,230881.73

CyberShake_500_86.xml
264.86,249344.16
280.77,259853.14
194.36,203414.04
190.13,200672

CyberShake_500_87.xml
258.05,238934.49
282.89,255851.98
194.6,199631.96
179.06,184452.06

CyberShake_500_88.xml
288.55,259943.49
321.97,283599.05
218.73,217443.98
215.78,215226.72

CyberShake_500_89.xml
233.35,218996.4
263.7,243431.03
186.59,193227.35
184.75,185964.25

CyberShake_500_90.xml
249.84,230269.37
281.75,256065.09
196.63,201050.07
181.93,182166.08

CyberShake_500_91.xml
270.99,252563.03
307.93,277250.93
207.2,211037.04
206.7,210731.75

CyberShake_500_92.xml
224.69,211205.23
261.71,240848.06
188.99,194319.88
182.36,188350.62

CyberShake_500_93.xml
236.01,224783.25
264.14,243423.84
189.52,197194.78
181.88,189628.29

CyberShake_500_94.xml
244.2,231163.7
279.2,255421.03
197.39,202151.13
186.34,188975.98

CyberShake_500_95.xml
269.69,248258.36
310.18,274040.12
217.14,216842.69
205.59,206913.35

CyberShake_500_96.xml
238.05,221221
260.56,241334.6
183.7,189849.23
184.39,182507.95

CyberShake_500_97.xml
294.2,269855.24
328.96,292679.75
221.36,222302.09
216.04,218321.55

CyberShake_500_98.xml
267.83,241537.92
297.41,266520.49
202.08,205360.02
188.38,186375

CyberShake_500_99.xml
248.71,232363.27
273.77,249746.83
192.99,199224.99
182.39,190490.44

CyberShake_500_100.xml
254.62,243406.01
287.88,265240.46
197.43,204526.6
194.11,202529.82

CyberShake_500_101.xml
252.41,235107.41
270.68,246981.68
200.7,205218.4
178.75,189666.66

CyberShake_500_102.xml
335.15,298092.15
373.66,323565.51
239.23,233812.48
237.22,232453.5

CyberShake_500_103.xml
285.97,253040.59
319.37,280554.19
221.53,215828.54
207.36,197486.12

CyberShake_500_104.xml
249.76,237755.27
286.69,262149.61
198.69,205784.4
196.72,204254.97

CyberShake_500_105.xml
271.41,244169.98
307.54,272837.95
212.47,211643.53
194.49,190011.42

CyberShake_500_106.xml
275.82,259562.25
317.63,287215.83
212.16,216279.27
210.92,215837.99

CyberShake_500_107.xml
292.72,267484.01
325.48,288589.89
217.59,218329.44
217.31,218029.25

CyberShake_500_108.xml
264.75,243532.53
266.57,245693.01
192.94,200134.76
190.26,197044.72

CyberShake_500_109.xml
333.46,294962.57
372.79,321037.65
239.98,233700.98
238.12,232492.46

CyberShake_500_110.xml
286.13,258434.34
309.76,273908.08
212.54,212343.51
206.91,200825.32

CyberShake_500_111.xml
252.14,232121.71
281.91,252154.2
193.9,196669.58
190.58,191963.51

CyberShake_500_112.xml
257.33,243071.07
270.44,251762.36
194.36,203001.68
188.23,198383.25

CyberShake_500_113.xml
253.4,238295.54
288.78,261440.61
198.56,202368.68
193.51,199430.42

CyberShake_500_114.xml
318.62,276596.94
352.33,303517.99
235.83,226435.37
229.84,219965.51

CyberShake_500_115.xml
224.05,213768
259.89,242042.7
191.77,198064.7
183.7,191605.88

CyberShake_500_116.xml
261.36,240097.33
288.7,259283.03
198.64,202870.47
192.11,197302.04

CyberShake_500_117.xml
259.74,244688.3
276.93,255451.4
207.8,213108.03
181.61,194913.89

CyberShake_500_118.xml
258.7,235828.49
284.24,258550.99
194.82,199693.82
195.29,190185.55

CyberShake_500_119.xml
284.92,260577.79
313.7,276781.34
225.07,216849
203.62,202286.25

CyberShake_500_120.xml
266.69,245524.49
303.64,269768.19
208.83,211854.44
203.53,207779.88

CyberShake_500_121.xml
301.35,274702.83
336.33,297704.31
218.84,218761.45
218.47,218743.95

CyberShake_500_122.xml
246.79,232456.59
275.47,250817.24
199.01,205241.17
192.44,200106.79

CyberShake_500_123.xml
326.75,292443.67
366.41,318668.59
237.77,233517.45
235.41,231814.4

CyberShake_500_124.xml
230.6,216616.99
261.02,242426.77
182.11,189923.16
182.37,181557.61

CyberShake_500_125.xml
235.68,228664.52
257.21,242475.88
193.03,202285.77
185.52,196905.66

CyberShake_500_126.xml
264.56,243333.61
288.84,259612.51
204.88,208178.64
192.59,193610.89

CyberShake_500_127.xml
256.9,246193.72
294.18,270734.63
203.76,211497.98
201.43,210051.6

CyberShake_500_128.xml
278.18,251515.8
304.43,268934.24
223.64,216400.19
202.65,200130.3

CyberShake_500_129.xml
235.13,226844.79
273.1,251909.28
192.74,201190.38
189.54,198677.68

CyberShake_500_130.xml
241.41,227773.46
266.13,244612.4
190.62,196455.61
183.86,190049.05

CyberShake_500_131.xml
270.99,248928.16
291.64,263665.97
207.44,209022.88
187.56,190339.39

CyberShake_500_132.xml
223.34,214607.99
252.15,235839.25
188.65,196291.27
185.09,193542.84

CyberShake_500_133.xml
241.5,224929.99
281.64,255631.24
198.5,201574.25
193.41,197897.74

CyberShake_500_134.xml
300.07,270949.33
335.75,294694.9
220.4,218548.61
219.72,218059.1

CyberShake_500_135.xml
251.45,239006.14
271.14,251836.13
195.34,203301.65
192.3,201252.79

CyberShake_500_136.xml
305.53,277939.21
331.11,294728.42
226.17,225017.69
222.74,223217.85

CyberShake_500_137.xml
301,280223.02
330.65,300066.65
222,224437.51
220.23,225380.91

CyberShake_500_138.xml
243.38,227812.79
270.3,249865
193.38,199564.99
193.46,192658.68

CyberShake_500_139.xml
264.7,226438.72
296.86,265633.35
199.82,201753.09
187.33,185966.31

CyberShake_500_140.xml
253.71,236134.55
275.21,251062.5
192.97,194927.39
185.74,188573.72

CyberShake_500_141.xml
233.38,217163.07
260.29,240605.95
183.08,189743.79
181.79,181038.32

CyberShake_500_142.xml
243.92,227976.33
270.07,247414.78
185.39,191360.43
181.82,184989.89

CyberShake_500_143.xml
287.91,263810.2
318.82,283700.97
213.42,212926
209.05,211032.23

CyberShake_500_144.xml
317.88,277477.9
355.4,308358.66
233.46,227167.42
230.57,223086.07

CyberShake_500_145.xml
296.46,265131.74
321.54,282457.33
217.22,214303.77
205.85,199402.94

CyberShake_500_146.xml
324.35,289854.49
361.38,314365.29
232.76,228626.33
232.19,228311.23

CyberShake_500_147.xml
285.94,264353.99
313.01,282005.35
211.09,214499.04
208.99,213133.79

CyberShake_500_148.xml
285.51,262882.62
312,279953.96
210.36,212683.84
207.7,211489.85

CyberShake_500_149.xml
246.8,229340.98
281.89,257424.05
192.31,196583.48
191.26,188688.36

CyberShake_500_150.xml
278.65,249345.94
310.08,275657.89
204.74,208027.25
197.95,193591.77

CyberShake_500_151.xml
258.55,242359.04
297.34,267886.92
207.19,212927.2
201.61,208157.62

CyberShake_500_152.xml
260.23,242996.15
292.95,264215.49
201.85,206398.88
197.94,203500.65

CyberShake_500_153.xml
247.64,241934.76
277.4,261062.07
195.93,206139.81
192.09,204095.24

CyberShake_500_154.xml
264.81,239623.71
299.1,267088.72
202.38,203781.31
199.17,193833.04

CyberShake_500_155.xml
258.53,239253.02
294.53,262976.28
200.04,203754.8
198.55,202045.21

CyberShake_500_156.xml
247.42,242044.93
278.38,262671.25
196.7,206639.92
193.42,205418.93

CyberShake_500_157.xml
319.23,285816.47
351.79,307391.64
235.82,232725.67
233.47,231024.38

CyberShake_500_158.xml
228.24,223910.26
254.2,240576.75
185.3,198442.83
179.93,194200.31

CyberShake_500_159.xml
241.84,229317.61
267.6,245746.92
196.74,203810.22
188.74,196695.39

CyberShake_500_160.xml
268.6,241922.9
298.79,267619.48
200.16,202636.98
200.82,194174.26

CyberShake_500_161.xml
276.07,253881.95
311.55,277521.58
210.49,212226.27
208.52,210803.14

CyberShake_500_162.xml
226.83,222291.06
263.5,246455.71
187.5,197757.55
186.22,196802.46

CyberShake_500_163.xml
271.46,247705.73
301.08,267640.81
204.27,208454.33
191.05,196722.11

CyberShake_500_164.xml
272.71,255253.19
309.97,279991.12
207.87,211929.1
207.49,211830.5

CyberShake_500_165.xml
284.32,238731.78
311.63,275090.75
226.07,219760.97
186.32,183799.43

CyberShake_500_166.xml
306.04,278001.63
337.61,298786.49
223.25,222988.66
219.2,220266.65

CyberShake_500_167.xml
226.38,214049.67
253.2,236066.66
184.65,190223.04
184.54,188408.39

CyberShake_500_168.xml
264.14,247236.69
261.87,245510.07
201.21,207209.21
177.1,190634.3

CyberShake_500_169.xml
260.99,241990.49
283.31,256476.81
200.53,203605.51
193.6,196600.18

CyberShake_500_170.xml
254.41,234802.02
289.28,263101.62
199.01,203851.21
197.24,195199.79

CyberShake_500_171.xml
298.61,271097.41
333.83,294388.44
222.78,220821.59
218.51,218311.01

CyberShake_500_172.xml
238.98,223449.45
261.21,242091.07
184.38,192838.26
183.59,183168.64

CyberShake_500_173.xml
254.89,233817.1
293.53,264420.15
206.43,208018.73
198.73,201436.34

CyberShake_500_174.xml
250.82,239704.53
271.6,253844.18
190.85,200721.32
186.6,198266.07

CyberShake_500_175.xml
304.51,277339.55
326.79,291794.13
222.28,222936.39
220.06,221228.73

CyberShake_500_176.xml
248.48,227362.73
277.96,251739.86
184.6,191614.68
177.35,177255.26

CyberShake_500_177.xml
292.31,260054.54
328.23,289187.67
223.58,221318.53
218.17,216233.89

CyberShake_500_178.xml
276.58,247689.29
303.58,271177.77
211.92,210125.11
207.38,204485.93

CyberShake_500_179.xml
270.33,250870.79
310.32,277207.24
209.95,213079.21
210.12,212843.16

CyberShake_500_180.xml
291.43,251428.66
322.52,279921.09
232.63,223195.91
199.07,192828.91

CyberShake_500_181.xml
260.94,240194.85
261.65,241709.53
208.57,210446.15
186.49,194954.3

CyberShake_500_182.xml
294.82,274051.63
328.65,296175.59
221.99,223553.57
221.45,224296.23

CyberShake_500_183.xml
260.26,240732.45
298.74,267764.13
205.23,208189.89
201.11,205088.78

CyberShake_500_184.xml
269.01,247733.97
285.47,258342.05
216.38,217384.52
181.66,193718.58

CyberShake_500_185.xml
283.58,252716.49
312.8,277017.37
214.01,213428.19
196.72,192042.26

CyberShake_500_186.xml
296.53,262658.19
323.21,286381.99
218.05,217193.21
215.09,206047.79

CyberShake_500_187.xml
305.81,279760.93
337.12,299995.43
241.49,237271.31
220.11,222937.26

CyberShake_500_188.xml
266.97,255884.62
300.14,277556.06
207.08,216144.25
203.36,213153.26

CyberShake_500_189.xml
230.48,219363.48
265.72,243679.78
195.12,201346.81
184.77,192301.66

CyberShake_500_190.xml
276.1,248605.43
310.05,275944.5
208.45,209011.06
208.1,202323.76

CyberShake_500_191.xml
231.65,227298.63
271.43,253551.3
188.14,198915.04
187.13,198434.58

CyberShake_500_192.xml
253.28,243987.67
292.14,269566.02
200.79,209633.66
197.29,206990.71

CyberShake_500_193.xml
277.66,253229.21
309.77,273857.29
207.39,207596
203.83,202860.91

CyberShake_500_194.xml
266.1,250112.95
292.53,267234.07
203.25,209156.59
201.46,207717.8

CyberShake_500_195.xml
245.37,226757.74
280.65,255130.18
194.11,198760.04
193.73,192888.78

CyberShake_500_196.xml
263.13,238858.27
295.12,264617.14
201.79,202564.16
197.87,192999.33

CyberShake_500_197.xml
313.69,277219.77
331.94,289564.6
215.84,212801.84
212.6,204674.34

CyberShake_500_198.xml
251.06,228669.31
288.83,259251.74
194.31,197674.23
192.72,191548.12

CyberShake_500_199.xml
254.47,238028.47
260.94,242691.69
192.26,201599.21
181.95,193782.07

CyberShake_500_200.xml
250.81,243471.8
264.33,252178.94
195.03,206437.42
194.54,205830.75

CyberShake_500_201.xml
225.88,213882.47
265.21,242593.32
187.76,194114.38
184.68,191402.68

CyberShake_500_202.xml
293,263419.21
325.87,285014.94
219.11,217999.16
201.39,196994.85

CyberShake_500_203.xml
275.78,247177.02
302.52,270708.44
203.95,204859.08
204.44,197131.17

CyberShake_500_204.xml
227.99,227655.13
254.52,244690.33
184.33,197109.67
182.26,196855.1

CyberShake_500_205.xml
261.96,248424.66
277.22,258526.18
194.1,202870.82
188.83,199698.08

CyberShake_500_206.xml
238.1,221388.11
275.87,251191.63
191.07,196327.69
189.1,189244.57

CyberShake_500_207.xml
266.6,240659.01
293.19,263346.79
202.06,204389.64
185.22,183860.23

CyberShake_500_208.xml
239.81,221389.17
270.24,247238.92
183.97,191909.02
178.51,177856.95

CyberShake_500_209.xml
243.04,223775.23
262.92,241106.69
190.46,195046.37
182.87,180811.78

CyberShake_500_210.xml
235.65,227708.63
273.62,252915.99
190.17,199396.44
188.05,197780.75

CyberShake_500_211.xml
263.16,238908.83
284.13,258240.7
197.71,201098.53
195.54,191007.24

CyberShake_500_212.xml
273.69,251098.95
304.71,271211.24
207.81,210478.32
199.93,200286.52

CyberShake_500_213.xml
282.92,251252.45
310.93,274140.8
206.01,206299.61
187.8,185290.16

CyberShake_500_214.xml
285.19,252875.65
321.73,282436.88
212.33,211364.21
211.06,209320.24

CyberShake_500_215.xml
296.46,259951.52
332.23,288806.58
217.8,212382.36
215.58,208001.41

CyberShake_500_216.xml
288.04,255365.55
321.5,282987.96
209.74,209539.77
210.88,200742.31

CyberShake_500_217.xml
275.87,252943.32
285.83,259496.1
210.94,212180.45
203.97,204854.72

CyberShake_500_218.xml
259.81,245706.09
280.48,259317.54
196.27,205235.92
193.61,203155.52

CyberShake_500_219.xml
261.9,241931.47
292.94,261725.89
196.04,197697.23
187.3,187971.55

CyberShake_500_220.xml
305.91,265643.84
326.62,284262.93
221.4,213685.75
220.21,210561.16

CyberShake_500_221.xml
264.31,241642.21
290.73,260961.91
204.07,205516.86
197.85,200127.48

CyberShake_500_222.xml
212.57,205206.15
243.53,228075.77
178.42,187070.35
177.04,185674.68

CyberShake_500_223.xml
245.46,233281.49
265.92,246683.98
195.65,204121
186.98,197801.41

CyberShake_500_224.xml
331.03,290358.49
367.51,314406.84
238.51,231667.38
236.99,229985.52

CyberShake_500_225.xml
254.63,236493.29
286.45,257447.03
202.62,204897.12
194.78,196359.58

CyberShake_500_226.xml
251.86,237966.59
282.26,258035.54
194.19,201285.28
190.36,198528.08

CyberShake_500_227.xml
289.09,255781.85
302.44,268173.5
209.28,205034.8
189.61,185778.36

CyberShake_500_228.xml
269.39,242507.28
293.94,264208.71
199.09,201721.41
200.41,192896.45

CyberShake_500_229.xml
318.01,281318.73
356.49,306893.13
229.38,223732.4
228.6,223343.1

CyberShake_500_230.xml
297.07,272249.32
339.19,299978.4
222.51,223545.59
220.94,222329.02

CyberShake_500_231.xml
344.62,305290.99
373.82,324472.85
241.71,236172.09
239.46,234566.56

CyberShake_500_232.xml
267.18,240547.02
303.15,269079.75
205.43,205312.17
202.89,201597.11

CyberShake_500_233.xml
280.14,264677.88
313.98,286789.69
208.7,216695.57
195.19,207925.11

CyberShake_500_234.xml
270.67,246374.81
309.46,271834.85
206.84,207682.77
201.21,203352.74

CyberShake_500_235.xml
271.77,247471.09
298.01,266030.25
204.01,204448.35
195.7,197657.5

CyberShake_500_236.xml
246.08,228837.2
284.74,254446.48
196.88,199986.54
188.24,191661.57

CyberShake_500_237.xml
264.19,238985.32
296.31,264844.16
200.72,201779.73
197.6,192473.15

CyberShake_500_238.xml
259.12,238931.69
299.95,267900.33
205.03,207598.28
201.62,204652.24

CyberShake_500_239.xml
267,241458.77
297.01,265241
199.42,202109.63
198.1,192356.14

CyberShake_500_240.xml
295.02,260936.5
311.37,276578.4
210.24,211460.32
191.83,189111.78

CyberShake_500_241.xml
287.52,262974.1
327.16,289203.15
217.79,218272.43
214.68,215941.72

CyberShake_500_242.xml
287.22,254589.32
323.6,283522.99
213.9,211022.94
212.43,204933.67

CyberShake_500_243.xml
285.63,256823.25
311.22,274606.71
205.02,207196.59
198.15,193768.23

CyberShake_500_244.xml
315.55,274469.82
355.27,307148.64
231.27,224921.24
228.65,221753.57

CyberShake_500_245.xml
250.12,239242.17
284.55,261932.74
201.02,208369.43
192.7,202969.26

CyberShake_500_246.xml
269.07,256090.93
293.62,272148.86
195.62,206647.66
193.74,205713.5

CyberShake_500_247.xml
230.13,228958.05
256.72,246098.11
187.51,200231.78
182.98,197579.57

CyberShake_500_248.xml
270.46,249801.75
305.93,273204.81
219.35,219233.81
203.84,206256.03

CyberShake_500_249.xml
276.49,252199.85
310.91,275246.66
206.37,204633.73
199.04,196099.59

CyberShake_500_250.xml
274.65,251912.52
302.52,269052.88
207.9,208995.46
198.02,196260.14

CyberShake_500_251.xml
258.34,234957.39
293.25,263778.8
198.75,201594.46
197.54,196110.03

CyberShake_500_252.xml
284.23,251282.13
311.34,274692.76
205.94,206254.49
193.5,188230.34

CyberShake_500_253.xml
266.02,253586.1
288.25,267836.33
189.76,203649.01
185.89,200816.38

CyberShake_500_254.xml
276.65,252246.87
316.78,278820.47
209.63,210328.2
208.13,208966.31

CyberShake_500_255.xml
272.47,255538.89
314.07,283193.18
207.9,212783.39
206.89,211719.64

CyberShake_500_256.xml
248.16,227039.53
279.58,252835.25
194.85,195691.17
191.55,192394.41

CyberShake_500_257.xml
314.32,278009.97
353.48,305379.11
233.33,227856.44
228.42,224299.82

CyberShake_500_258.xml
256.52,237711.08
285.65,256368.68
213.16,210088.94
183.58,184861.28

CyberShake_500_259.xml
317.34,283663.12
347.95,303595.32
231.46,229247.62
227.78,225941.27

CyberShake_500_260.xml
301.34,271058.25
340.72,297101.12
224.88,222438.16
221.74,220400.88

CyberShake_500_261.xml
248.53,238311.19
276.04,256351.12
190.09,199333.15
189.52,199123.95

CyberShake_500_262.xml
277.09,249685.78
304.09,272129.39
220.32,218263.98
185.01,185866.24

CyberShake_500_263.xml
272.69,257758.31
293.6,270791.72
193.86,204139.82
182.62,198004.01

CyberShake_500_264.xml
246.43,226135.12
268.93,245576.02
188.12,192816.32
188.92,183729.39

CyberShake_500_265.xml
255.51,247798.87
287.39,268434.57
197.44,207135.39
197.49,208463.11

CyberShake_500_266.xml
277.61,252354.65
299.89,266814.87
221.15,216832.63
193.19,191892.46

CyberShake_500_267.xml
242.25,229216.24
274.46,251940.96
197.91,204769.09
194.99,200650.66

CyberShake_500_268.xml
315.94,275079.42
357.04,305565.43
234.86,226055.99
228.54,221391.72

CyberShake_500_269.xml
224.1,211920.35
260.87,241313.17
186.52,192732.14
182.48,188128.1

CyberShake_500_270.xml
270.41,242482.39
293.23,263361.05
200.02,201976.36
199.96,192322.56

CyberShake_500_271.xml
284.19,254041.44
318.42,280713.75
214.66,212086.88
213.55,206790.67

CyberShake_500_272.xml
244,226994.71
283.69,257696.31
197.47,201025.41
194.16,197837.69

CyberShake_500_273.xml
329.92,290040.68
369.95,316364.11
239.44,232095.88
235.94,229751.43

CyberShake_500_274.xml
278.77,248568.34
300.76,268205.72
210.55,210275.68
186.13,184112.52

CyberShake_500_275.xml
236.04,222736.74
257.15,237164.65
183.13,192893.69
178.25,188667.68

CyberShake_500_276.xml
268.14,242300.58
306.38,272931.03
208.47,209733.23
206.79,207033.15

CyberShake_500_277.xml
251.83,229846.11
286.8,258451.99
187.21,193851.8
179.07,178980.17

CyberShake_500_278.xml
261.43,243520.66
289.83,261780.89
211.12,215261.6
182.54,195342.45

CyberShake_500_279.xml
278.61,258859.77
301.99,273765.76
208.69,213343.05
205.47,211273.91

CyberShake_500_280.xml
331.46,291701.75
369.09,317509.53
244.16,237193.23
238.37,232999.93

CyberShake_500_281.xml
250.62,231748.94
281.91,257487.09
198.34,200920.36
196.2,197744.87

CyberShake_500_282.xml
241.24,224912.25
274.95,251380.94
194.38,199913.82
192.05,197498.19

CyberShake_500_283.xml
293.79,263425
318.09,280167.72
215.24,214221.39
200.96,197625.04

CyberShake_500_284.xml
264.14,244113.69
299.23,265512.33
216.28,215870.71
198.93,201869.18

CyberShake_500_285.xml
273.58,245222.59
300.44,268232.9
199.26,202684.29
190.05,187059.57

CyberShake_500_286.xml
257.58,234677.2
289.55,260517.52
196.66,199183.12
196.44,191740.68

CyberShake_500_287.xml
263.85,239802.12
299.92,269120.29
210.49,209802.58
201.87,202585.25

CyberShake_500_288.xml
240.65,237840.56
271.12,257733.11
191.8,203574.57
188.77,202786

CyberShake_500_289.xml
237.81,227610.66
270.44,248030.89
205,209561.5
189.07,198046.58

CyberShake_500_290.xml
255.34,235147.67
285.3,259571.91
196.75,201789.28
194.87,193083.93

CyberShake_500_291.xml
308.87,273771.25
336.23,291709.69
232.61,226533.52
221.95,218654.1

CyberShake_500_292.xml
260.61,235754.23
290.86,259793.98
197.34,197867.44
195.88,190138.37

CyberShake_500_293.xml
290.58,260221.59
321.38,280311.96
208.6,207495.24
202.77,195765.41

CyberShake_500_294.xml
332.24,289497.21
369.19,314489.45
241.27,232314.55
242.4,232672.73

CyberShake_500_295.xml
225.09,220934.35
258.61,242855.49
188.22,196232.31
178.94,190917.41

CyberShake_500_296.xml
247.3,231770.86
282.85,255870.96
203.55,207890.79
195.01,200827.94

CyberShake_500_297.xml
238.45,220088.74
277.09,250186.19
188.28,192209.89
187,185920.76

CyberShake_500_298.xml
260.78,241310.88
289.49,261203
193.33,197897.08
191.56,193655.3

CyberShake_500_299.xml
266.1,246992.97
303.01,271316.55
203.82,207333.19
198.71,204218.05

CyberShake_500_300.xml
273.38,246467.51
305.58,273245.47
209.47,208653.82
207.24,204783.99

CyberShake_500_301.xml
227.07,222164.35
264.04,246421.01
187.25,197461.49
185.09,195772.65

CyberShake_500_302.xml
270.17,247022.69
289.41,261456.33
197.09,201294.49
194.68,192638.31

CyberShake_500_303.xml
245.68,230219.36
273.77,249889.21
194.66,198493.88
185.67,190790.57

CyberShake_500_304.xml
260.92,239806.69
273.38,248186.35
198.51,201809.89
194.92,196473.2

CyberShake_500_305.xml
247.94,240105.76
281.79,262245.42
196.56,205485.59
192.34,203482.22

CyberShake_500_306.xml
277.03,262104.06
300.86,277667.2
225.83,227360.16
202.76,212951.58

CyberShake_500_307.xml
262.45,238396.82
298.19,267250.73
204.76,204756.81
200.14,200392.57

CyberShake_500_308.xml
254.24,237836.68
279.38,256833.57
203.14,208481.46
200.32,206179.39

CyberShake_500_309.xml
235.73,220071.76
269.38,247552.14
187.97,194373.74
186.01,186111.04

CyberShake_500_310.xml
291.48,255803.73
320.64,280775.04
210.58,206194.63
211.38,198838.8

CyberShake_500_311.xml
247.38,232770.55
281.8,257550.45
196.28,202935.52
191.07,195814.88

CyberShake_500_312.xml
244.55,225698.23
282.1,255893.01
190.21,194984
188.99,187226.23

CyberShake_500_313.xml
277.02,249033.74
289.58,261275.95
200.91,203953.6
183.77,182983.45

CyberShake_500_314.xml
242.82,231483.73
278.85,255238.12
193.04,200338.22
178.81,191246.48

CyberShake_500_315.xml
237.96,220397.91
269.44,246775.15
185.41,190761.54
183.35,182603.08

CyberShake_500_316.xml
276.49,251814.77
301.79,267390.13
212.82,212699.02
204.84,206562.6

CyberShake_500_317.xml
295.53,263976.9
320.35,281285.83
207.16,207368.89
207.98,199941.38

CyberShake_500_318.xml
226.95,212809.29
253.18,234856.01
177.81,185526.29
178.57,177498.53

CyberShake_500_319.xml
257.75,235132.56
294.51,265645.84
199.73,202532.8
199.74,196365.77

CyberShake_500_320.xml
250.48,233010
281.95,259738.86
196.74,203443.92
199.75,196260.51

CyberShake_500_321.xml
277.93,246614.36
308.57,271980.19
213.16,208736.73
207.75,203660.52

CyberShake_500_322.xml
266.35,246775.44
291.03,262849.44
202.64,208362.26
197.2,204173.33

CyberShake_500_323.xml
268.36,239732.9
306.14,270619.93
203.06,201167.76
200.69,197031.01

CyberShake_500_324.xml
256.29,233834.74
293.14,264459.74
198.79,202018.74
196.52,196522.94

CyberShake_500_325.xml
262.69,249684.75
288.22,266266.81
200.18,209138.01
199.15,208184.9

CyberShake_500_326.xml
250.58,230058.29
287.31,259482.13
197.76,199650.95
194.03,191868.97

CyberShake_500_327.xml
222.98,210497.63
254.37,236589.71
177.53,185977.35
177.07,178566.69

CyberShake_500_328.xml
279.18,249160.31
310.32,275280.41
208.54,207428.13
205.56,196936.79

CyberShake_500_329.xml
275.35,246153.14
309.94,273996.75
207.95,206708.14
205.21,201134.82

CyberShake_500_330.xml
276.76,258025.8
305.51,276626.8
208.73,213514.13
206.28,211498.67

CyberShake_500_331.xml
272.78,248431.39
301.01,267578.92
199.69,199775.68
195.59,194434.14

CyberShake_500_332.xml
304.95,266561.33
338.37,293375.36
224.76,217081.72
222.94,213535.57

CyberShake_500_333.xml
265.18,239452.95
288.51,260485.16
197,201124.69
186.55,184738.73

CyberShake_500_334.xml
278.96,259947.1
310.99,280854.63
213.28,216518.56
208.1,213209.15

CyberShake_500_335.xml
285.15,256044.2
315.88,278100.3
211.42,210943.97
209,204601.74

CyberShake_500_336.xml
296.15,260391.38
325.92,286145.8
213.95,211316.82
215.27,203708.47

CyberShake_500_337.xml
260.04,246442.29
260.64,246625.98
197.21,204932.57
188.6,200341.25

CyberShake_500_338.xml
254.32,235651.34
254.16,235183.72
188.46,195013.94
180.68,188366.72

CyberShake_500_339.xml
263.2,248632.85
283.69,261811.61
203.12,209148.4
198.04,205323.2

CyberShake_500_340.xml
246.41,227054.85
275.73,250680.03
189.52,194497.87
184.29,182827.39

CyberShake_500_341.xml
301.98,265140.51
339.42,295353.75
222.81,218260.21
222.39,212721.64

CyberShake_500_342.xml
322.34,281196.61
361.42,307921.8
233.99,225917.07
233.31,225309.13

CyberShake_500_343.xml
279.45,254345.33
314.29,274465.23
205.03,201622.39
193.5,192962.26

CyberShake_500_344.xml
265.59,244523.58
298.96,266999.78
205.42,208569.52
200.83,205338.66

CyberShake_500_345.xml
233.91,227220.25
266.31,248315.45
189.88,200078.52
187.08,198406.67

CyberShake_500_346.xml
264.99,243751.87
264.72,243408.2
195.06,201505.88
183.45,192544.85

CyberShake_500_347.xml
258.73,239946.57
277.04,252737.97
206.05,208793.46
189.42,195086.78

CyberShake_500_348.xml
234.47,224249.15
260.12,241336.49
190.59,198798.54
183.04,193165.7

CyberShake_500_349.xml
213.2,211054.55
252.03,236773.09
179.34,191283.44
176.75,189247.16

CyberShake_500_350.xml
254.9,233063.88
294.42,263908.87
199.09,200693.85
197.12,196129.97

CyberShake_500_351.xml
243.27,225519.9
281.37,256184.93
193.65,198657.53
191.39,191931.66

CyberShake_500_352.xml
262.29,236579.06
302.5,267942.77
203.83,203723.2
198.98,198142.76

CyberShake_500_353.xml
255.47,233882.95
279.21,253388.03
200.03,202028.89
197.31,195342.9

CyberShake_500_354.xml
259.51,234521.89
274.92,249961.58
208.74,206956.18
189.77,185948.67

CyberShake_500_355.xml
243.55,228519.97
275.15,249432.32
191.17,196790.26
185.89,190481.84

CyberShake_500_356.xml
265.14,247633.3
294.15,266626.06
200.4,206141.82
190.52,193580.71

CyberShake_500_357.xml
267.57,244631.85
299.86,266081.33
216.59,212234.98
194.21,193745.11

CyberShake_500_358.xml
281.55,255336.82
303.51,270078.78
207.35,208542.4
194.26,192118.01

CyberShake_500_359.xml
253.11,238416.84
253.45,238365.02
187.2,197834.68
181.62,193265.66

CyberShake_500_360.xml
239.86,226635.32
274.25,248715.91
195.8,200990.32
190.93,195779.94

CyberShake_500_361.xml
269.9,249978.29
291.92,263096.96
201.18,206173.35
190.27,196648.37

CyberShake_500_362.xml
240.05,232247.81
261.12,246203.42
189.29,201525.58
183.23,197172.71

CyberShake_500_363.xml
281.62,255253.8
316.87,278641.98
215.63,214407.71
211.25,211394.99

CyberShake_500_364.xml
270.47,246779.21
307.06,270715.88
204.08,202763.16
192.49,190044.04

CyberShake_500_365.xml
285.44,257320.25
321.56,280975.35
213.74,212352.4
215.05,211534.64

CyberShake_500_366.xml
286.8,252860.21
320.19,280156.95
209.5,206888.67
209.34,200629.96

CyberShake_500_367.xml
273.6,252655.33
309.83,276554.86
212.03,214728.43
209.25,212435.51

CyberShake_500_368.xml
277.55,256154.84
309.55,277103
209.31,210610.68
205.37,208647.34

CyberShake_500_369.xml
255.03,238523.82
292.7,264479.65
205.79,210430.91
196.97,202412.92

CyberShake_500_370.xml
299.93,262520.77
332.27,289988.34
220.86,215094.33
218.78,211044.13

CyberShake_500_371.xml
284.26,262797.52
315.11,282820.78
215.68,218538.35
211.07,214900.08

CyberShake_500_372.xml
285.31,259271.87
321.44,282838.7
215.72,216382.62
211.27,210068.54

CyberShake_500_373.xml
253.23,237126.36
279.75,254269.26
204.93,209917.05
196.14,202723.28

CyberShake_500_374.xml
275.44,252622.72
277.58,252747.96
206.37,209121.82
185.87,193086.27

CyberShake_500_375.xml
266.15,250066.62
298.08,271128.93
206.65,211205.88
204.29,209892.51

CyberShake_500_376.xml
267.8,242259.18
304.41,272157.12
204.23,204537.4
202.69,197742.21

CyberShake_500_377.xml
262.81,241612.99
292.31,262323.79
195.2,199101.25
198.32,196899.11

CyberShake_500_378.xml
292.02,256821.69
310.25,273336.07
213.16,210871.16
193.24,188967.92

CyberShake_500_379.xml
249.65,229391.73
285.17,257484.79
198.77,202274.67
195.08,198990.55

CyberShake_500_380.xml
266.28,238868.24
300.07,265518.14
194.26,195673.39
195.85,189038.61

CyberShake_500_381.xml
260.58,235399.05
296.47,264511.46
200.76,201822.76
199.48,195975.17

CyberShake_500_382.xml
272.35,252312.56
304.79,272754.06
224.63,222117.61
202.62,205404.38

CyberShake_500_383.xml
276.24,254172.9
313.9,279143.67
210.38,211919.58
208.83,211000.54

CyberShake_500_384.xml
261.41,240254.74
294.62,261087.99
198.87,194670.42
182.47,182354.57

CyberShake_500_385.xml
243.76,225666.2
277.97,253328.5
189.89,195324.54
189.3,187055.99

CyberShake_500_386.xml
255.83,235986.84
268.65,246402.11
192.64,198474.04
184.41,188200.61

CyberShake_500_387.xml
293.02,262345.19
303.95,270445.22
228.14,223413.58
201.51,196936.55

CyberShake_500_388.xml
267.18,245933.87
295.87,265386.98
215.46,215080.45
191.03,195967.43

CyberShake_500_389.xml
286.76,264744.68
314.89,282931.85
214.14,216139.01
212.04,215181.12

CyberShake_500_390.xml
273.79,257133.42
270.12,254092.04
211.56,215664.96
183.01,197211.06

CyberShake_500_391.xml
256.61,241761.36
286.92,261668.31
204.94,211925.74
199.97,207961.36

CyberShake_500_392.xml
290.13,261086.87
312.43,274778.41
215.91,215322.39
185.4,193739.91

CyberShake_500_393.xml
254.01,236607.66
288.08,258473.87
209.8,211640.15
195.74,201619.92

CyberShake_500_394.xml
318.93,279812.56
355.86,305867.62
237.27,230001.98
231.79,225784.32

CyberShake_500_395.xml
254.99,233559.68
281.82,256320.48
193.86,199139.53
196.13,191275.05

CyberShake_500_396.xml
309.29,281623.78
346.81,306640.96
226.73,226646.65
225.89,225955.4

CyberShake_500_397.xml
237.73,225167.75
262.41,240591.35
194.75,201010.86
183.04,190897.31

CyberShake_500_398.xml
229.69,215836.56
268.84,246234.9
188.83,193705.66
183.11,188496.69

CyberShake_500_399.xml
303.61,272003.73
326.43,286568.18
237.07,229276.68
207.91,202688.98

CyberShake_500_400.xml
255.77,240719.87
264.75,246397.87
218.98,219948.7
182.8,195500.9

CyberShake_500_401.xml
261.6,241684.94
289.58,261229.44
201.3,203946.34
194.6,195575.1

CyberShake_500_402.xml
242.38,233084.63
282.78,260281.48
193.76,202226.71
191.16,200522.52

CyberShake_500_403.xml
277.57,246485.85
315.66,276734.94
225.02,217887.81
207.25,200809.21

CyberShake_500_404.xml
242.71,235033.11
272.52,254603.47
192.82,203105.93
187.43,199845.56

CyberShake_500_405.xml
284.76,265089.41
322.64,290187.13
215.75,218974.58
214.7,218660.21

CyberShake_500_406.xml
284.56,254394.89
321.36,282834.17
216.99,214548.13
212.21,210975.74

CyberShake_500_407.xml
294.57,261385.45
327.91,288252.29
221.24,218282.03
218.28,216046.44

CyberShake_500_408.xml
339.41,299920.11
376.57,324508.75
245.13,238261.26
242.38,236395.62

CyberShake_500_409.xml
244.15,224723.07
267.84,245473.63
187.32,192984.88
187.85,183912.13

CyberShake_500_410.xml
271.77,256498.57
302.5,276624.86
210.89,215401.68
191.04,203660.87

CyberShake_500_411.xml
268,254961.42
302.2,277508.05
204.67,211747.58
207.12,214293.39

CyberShake_500_412.xml
241.84,235272.06
263.74,249859.28
186.6,198063.25
181.89,195269.76

CyberShake_500_413.xml
258.83,241061.4
289.42,260864.83
202.99,208693.11
197.26,204085.32

CyberShake_500_414.xml
285.98,258970.68
321.44,284704.35
221.44,220600.33
217.51,217660.38

CyberShake_500_415.xml
244.59,224751.24
274.14,248600.94
186.71,191270.03
187.57,183860.46

CyberShake_500_416.xml
231.32,216797.47
264.43,243847.73
187.39,191441.32
183.53,186579.68

CyberShake_500_417.xml
232.02,229834.06
251.4,242490.38
192.64,203208.33
184.45,198392.74

CyberShake_500_418.xml
260.27,238553.1
294.9,266651.75
205.11,208194.29
202.04,205374.46

CyberShake_500_419.xml
253.46,235130.36
282.58,254189.61
189.46,193792.98
182.59,183483.28

CyberShake_500_420.xml
269.61,252922.77
308.85,278742.46
210.32,213477.64
208.6,212793.5

CyberShake_500_421.xml
249.3,237327.58
283.15,259525.7
199.11,206852.5
194.21,202982.2

CyberShake_500_422.xml
252.56,237113.92
288.31,261440.76
200.18,205738.3
198.46,204422.18

CyberShake_500_423.xml
247.93,229008.68
288.66,262038.93
196.04,201058.41
198.18,192735.78

CyberShake_500_424.xml
258.48,234650.43
284.39,257240.94
195.52,198840.26
194.13,189159.43

CyberShake_500_425.xml
262.64,240455.4
291.77,265060.78
206,207518.48
202.17,203423.97

CyberShake_500_426.xml
266.47,240157.32
299.08,267449.05
201.57,203211.21
200.32,193606.16

CyberShake_500_427.xml
238.68,227824.95
272.78,249675.9
194.31,200811.72
187.02,193403.43

CyberShake_500_428.xml
261.83,242246.53
296.78,265413.52
199.52,204438.35
191.2,192365.24

CyberShake_500_429.xml
251.75,234680.68
283.04,257050.34
196.9,198535.59
182.07,184098.35

CyberShake_500_430.xml
260.19,236163.85
289.38,259989.17
197.51,199083.45
196.5,190708.92

CyberShake_500_431.xml
264.39,239965.78
293.94,264154.72
202.35,203834.3
199.63,195154.56

CyberShake_500_432.xml
237.21,220241.1
268.81,246514.86
183.22,190254.58
184.49,181707.7

CyberShake_500_433.xml
269.13,247536.44
266.69,243380.05
185.76,192852.38
183.05,188588.26

CyberShake_500_434.xml
305.29,274452.41
343.33,299639.73
225.98,223686.41
224.03,222153.61

CyberShake_500_435.xml
289.69,264604.68
314.55,280614.06
216.41,217455.48
213.58,215337.26

CyberShake_500_436.xml
303.02,270407.6
341.09,296054.98
225.96,222218.42
222.81,219989.03

CyberShake_500_437.xml
286.77,239483.55
301.81,266412.95
206.23,204728.58
184.13,180428.87

CyberShake_500_438.xml
265.24,243234.42
286.7,257498.01
200.92,203378.9
194.28,197592.7

CyberShake_500_439.xml
261.22,244188.95
283.87,258644.96
202.03,208316.62
198.92,205257.85

CyberShake_500_440.xml
250.56,233241.15
286.17,255950.31
189.63,194764.16
180.98,182328.55

CyberShake_500_441.xml
281.51,256557.21
296.6,266393.13
211.7,212889.12
207.51,207457.15

CyberShake_500_442.xml
304.61,280034.73
343.8,306000.67
225.37,226477.45
225.02,226219.95

CyberShake_500_443.xml
292.31,257031.11
317.12,278699.69
208.33,206906.48
212.04,200469.46

CyberShake_500_444.xml
255.41,237962.09
293.98,263362.85
201.07,204533.23
198.87,202865.52

CyberShake_500_445.xml
304.77,266050.56
326.41,284434.41
223.05,216668.84
220.44,210343.65

CyberShake_500_446.xml
300.11,275696.2
334.72,298367
221.81,222766.68
219.89,221875.67

CyberShake_500_447.xml
265.92,239516.46
303.84,270403.13
203.67,204059.05
202.24,199096.98

CyberShake_500_448.xml
261.24,237124.7
285.37,256725.96
200.85,200883.8
198.39,195304.83

CyberShake_500_449.xml
265.08,243721.83
293.35,261871.16
217.62,217060.05
178.86,190365.34

CyberShake_500_450.xml
229.96,216121.57
263.53,242472.12
183.29,186610.03
181.34,182667.31

CyberShake_500_451.xml
278.95,250070
290.22,261438.85
199.41,203694.36
183.66,183913.25

CyberShake_500_452.xml
237.37,231229.28
264.19,248854.85
190.71,202298.25
186.31,199177.27

CyberShake_500_453.xml
318.87,280460.84
356.18,306557.86
236.33,229527.15
229.45,224669.9

CyberShake_500_454.xml
239.1,223157.88
278.68,255408.1
192.86,198853.4
191.01,195176.21

CyberShake_500_455.xml
267.58,239262.52
285.33,256356.57
203.11,202260.91
206.43,200832.99

CyberShake_500_456.xml
216.4,214296.81
250.83,237008.01
181.21,192606.14
179.06,191103.86

CyberShake_500_457.xml
287.98,268536.89
326.34,293909.05
217.1,220673.94
215.68,219446.69

CyberShake_500_458.xml
261.9,238012.66
283.43,257225.17
196.33,200863.07
195.53,191148.11

CyberShake_500_459.xml
232.63,229089.3
267.72,252203.79
187.4,198535.75
188.08,199228.07

CyberShake_500_460.xml
284.12,253585.49
312.68,278529.46
211.65,211630.17
207.29,199756.12

CyberShake_500_461.xml
213.62,216573.43
249.24,239945.73
177.76,192025.54
178.82,193036.77

CyberShake_500_462.xml
228.7,215557.39
260.75,241960.09
180.95,189927.58
180.8,182807.1

CyberShake_500_463.xml
271.06,242994.8
300.58,267531.29
201.14,202062.23
199.23,193101.01

CyberShake_500_464.xml
269.81,245670.67
276.75,252012.06
198.74,203648.64
188.73,196132.19

CyberShake_500_465.xml
259.61,251209.55
284.37,267363.73
201.28,212281.37
198.08,209918.55

CyberShake_500_466.xml
292.43,258759.33
314.43,278223.94
212.26,210847.11
210.16,201262.63

CyberShake_500_467.xml
242.52,228123.55
267.8,245769.75
194.29,200351.48
186.68,193325.9

CyberShake_500_468.xml
287.62,253667.52
306.46,271243.72
209.55,207726.97
208.26,198040.85

CyberShake_500_469.xml
260.51,241152.93
284.92,256874.63
202.65,207118.25
197.36,202806.23

CyberShake_500_470.xml
216.34,206793.81
251.17,233598.22
178.15,186231.67
177.23,180470.72

CyberShake_500_471.xml
247.58,229122.67
248.92,229813.43
182.23,189679.51
173.05,183359.13

CyberShake_500_472.xml
284.56,264078.74
322.63,289330.69
214.18,217674.38
213.2,216875.7

CyberShake_500_473.xml
215.5,210873.61
252.26,235121.56
182.23,192860.4
179.57,190821.79

CyberShake_500_474.xml
240.17,232390.09
274.08,254458.74
195.99,204505.6
189.09,199876.17

CyberShake_500_475.xml
271.51,254557.19
302.85,275217.86
215.32,221389.92
193.12,205317.35

CyberShake_500_476.xml
249.12,238357.23
287.12,263549.2
194.83,202576.23
195.05,202775.1

CyberShake_500_477.xml
293.07,270431.59
328.19,293512.18
218.28,220028.89
217.97,220086.3

CyberShake_500_478.xml
236.02,225500.23
260.16,240045.3
190.39,198785.28
181.46,191663.05

CyberShake_500_479.xml
275,254287.47
305.94,274704.65
210.29,214284.54
203.96,209948.77

CyberShake_500_480.xml
216.06,206906.58
256.77,237069.94
183.09,190320.51
179.81,187895.83

CyberShake_500_481.xml
226.99,219286.59
258.65,239968.02
182.07,193221.6
178.45,190121.63

CyberShake_500_482.xml
257.77,236485.29
268.56,243691.25
190.98,195938.1
181.61,188472.63

CyberShake_500_483.xml
230.25,219748.26
267.86,245216.21
187.38,195459.55
183.6,191803.18

CyberShake_500_484.xml
291.76,260195.99
318.03,283086.05
221.93,221594.61
195.46,193747.79

CyberShake_500_485.xml
255.19,234067.34
291.49,263920.53
201.57,204955.31
199.18,198755.14

CyberShake_500_486.xml
272.42,258013.32
277.07,260842.34
205.26,213543.29
198.74,209937.8

CyberShake_500_487.xml
258.54,239206.85
283.34,255408.62
201.23,203529.48
182.52,188395.64

CyberShake_500_488.xml
252.28,236754.03
282.57,255775.93
200.78,204679.18
190.11,193772

CyberShake_500_489.xml
246.4,231407.61
277.78,253225.56
197.92,203879.41
192.12,199065.48

CyberShake_500_490.xml
261.92,243277.68
297.87,266829.49
211.27,213898.16
201.17,206745.06

CyberShake_500_491.xml
235.91,229075
270.95,252369.57
191.75,201116.44
188.84,199263.18

CyberShake_500_492.xml
246.9,231760.26
275.63,251299.73
205.22,209452.21
188.03,196999.71

CyberShake_500_493.xml
271.38,243577.89
307.45,272281.9
209.65,208402.32
204.47,202526.13

CyberShake_500_494.xml
272.58,246330.54
307.3,273913.89
211.73,211150.65
206.66,205413.59

CyberShake_500_495.xml
219.48,217102.43
246.27,234361.34
177.38,189083.5
175.39,187918.4

CyberShake_500_496.xml
312.58,269746.34
354.9,302779.87
227.39,217047.82
223.75,213531

CyberShake_500_497.xml
300.75,275685.78
328.78,294067.85
217.59,219112.86
216.48,219055.43

CyberShake_500_498.xml
278.25,254062.6
308.27,272771.69
209.1,210657.56
202.27,203435.53

CyberShake_500_499.xml
230.68,222053.28
257.22,239174.24
192.28,198831.42
177.23,188921.99

CyberShake_500_500.xml
300.58,275506.42
325.72,291770.59
218.78,220567.91
217.4,219669.16

CyberShake_500_501.xml
284.08,257442.48
321.53,283358.12
217.4,217007.75
214.9,215023.31

CyberShake_500_502.xml
278.95,256371.17
301.17,270570.86
214.07,216470.45
207.28,211233.23

CyberShake_500_503.xml
294.82,261358.55
319.67,280068.54
218.1,213548.74
203.73,197050.47

CyberShake_500_504.xml
250.21,229178.1
286.32,257525.53
198.06,199392.12
195.04,195388.77

CyberShake_500_505.xml
261.46,241953.3
284.9,257217.14
201.11,204532.74
194.65,196854.86

CyberShake_500_506.xml
241.47,232619.59
282.21,259651.06
196.11,204731.93
193.87,203197.04

CyberShake_500_507.xml
268.64,248291.42
299,269857.91
210.16,211216.81
195.67,194882.04

CyberShake_500_508.xml
239.48,221674.92
266,244181.66
183.87,190496.42
186.84,183829.36

CyberShake_500_509.xml
293.63,259306.71
331.84,289001.07
217.64,211565.77
214.87,208301.29

CyberShake_500_510.xml
244.64,232152.99
281.77,254838.97
191.18,195832.88
184.59,187922.38

CyberShake_500_511.xml
229.75,215204.45
260.59,239866.44
179.44,187136.75
180.37,179444.84

CyberShake_500_512.xml
278.43,257462.07
305.56,275459.63
206.18,210211.58
202.99,208009.24

CyberShake_500_513.xml
249.41,233527.79
279.95,254128.06
205.15,206574.4
183.72,187111

CyberShake_500_514.xml
268.72,248536.79
301.45,270110.33
197.32,200618.05
194.01,192862.41

CyberShake_500_515.xml
266.94,252999.57
288.43,266951.15
201.12,208586.02
196,205941.4

CyberShake_500_516.xml
257.74,236670.49
289.29,262053.35
202.87,205377.56
201.12,201245.58

CyberShake_500_517.xml
240.96,221428.86
270.8,246676.48
184.93,190676.65
179.66,177529.93

CyberShake_500_518.xml
326.49,282015.99
361.22,311380.17
238.34,229835.36
235.13,226208.89

CyberShake_500_519.xml
267.32,247820.08
302.52,270651.48
220.07,220510.94
203.25,207135.03

CyberShake_500_520.xml
295.07,259805.23
324.98,284721.83
217.59,214190.86
216.45,209545.33

CyberShake_500_521.xml
288.29,260211.78
323.47,284369.99
210.17,209148.69
204.22,198793.39

CyberShake_500_522.xml
260.12,236596.72
298.54,266678.13
203.76,204441.21
199.87,200095.57

CyberShake_500_523.xml
257.15,241788.87
267.53,249165.69
210.97,212604.46
194.7,198255.83

CyberShake_500_524.xml
260.4,244346.32
291.41,264528.48
200.33,206474.76
196.53,203475.87

CyberShake_500_525.xml
229.59,215588.96
258.25,239765.34
181.48,189662.3
181.12,180806.57

CyberShake_500_526.xml
235.43,222856.58
267.97,243795.41
187.65,192393.76
179.74,184527.34

CyberShake_500_527.xml
275.67,250976.25
274.33,249776.77
201.14,205672.96
191.39,198829.98

CyberShake_500_528.xml
315.79,285228.34
356.64,312507.97
233.62,231297.62
232.08,230179.21

CyberShake_500_529.xml
272.33,249889.2
305.48,272503.12
206.17,207724.64
194.61,195888.39

CyberShake_500_530.xml
280.13,254015.39
310.76,277209.64
221.52,220245.39
214.2,214923.82

CyberShake_500_531.xml
236.92,229472.45
269.52,250674.1
188.58,200110.22
186.28,197915

CyberShake_500_532.xml
270.98,252807.16
301.86,272578.7
206.96,210977.46
203.21,208417.85

CyberShake_500_533.xml
247.39,235266.45
271.59,250766.32
193.89,203108.08
181.24,194137.73

CyberShake_500_534.xml
255.6,246528.14
288.74,268017.97
202.73,211068.37
197.95,208856.22

CyberShake_500_535.xml
270.04,253101.1
303.14,274781.62
207.38,210749.62
201.8,207786.36

CyberShake_500_536.xml
254,236204.06
255.42,237212.95
185.71,191405.55
182.86,186570.76

CyberShake_500_537.xml
266.6,250462.76
293.18,267888.03
205.89,210658.63
202.97,208917.57

CyberShake_500_538.xml
259.06,236617.5
292.55,263276.8
204.43,207102.39
201.43,203608.77

CyberShake_500_539.xml
255.27,238394.64
281.16,254798.64
199.17,203209.55
191.53,194749.14

CyberShake_500_540.xml
257.76,237362.38
287.39,257864.34
206.5,207254.92
192.05,196765.47

CyberShake_500_541.xml
269.04,246686.64
297.88,267377.58
204.46,207084.97
197.14,196500.21

CyberShake_500_542.xml
277.73,253886.49
307.93,273968.54
217.61,217024.62
197.52,195465.74

CyberShake_500_543.xml
240.78,228621.46
282.31,255775.24
200.42,205190.26
191.45,197024.64

CyberShake_500_544.xml
233.17,228114.72
269.06,251876.94
190.15,200924.09
188.32,199585.45

CyberShake_500_545.xml
280.81,255947.38
297.78,266092.64
208.65,210147.72
204.95,204579.33

CyberShake_500_546.xml
235.5,229199.77
274.02,254814.35
191.71,201755.56
189.52,200297.07

CyberShake_500_547.xml
259.18,239695.57
287.47,258531.14
200.54,204708.38
199.77,203006.41

CyberShake_500_548.xml
258.85,240994.05
293.32,263605.15
214.69,215435.26
197.76,202087.77

CyberShake_500_549.xml
288.45,267963.28
314.3,284850.71
218.96,221864.59
212.39,217963.68

CyberShake_500_550.xml
337.21,298528.44
375.25,323648.32
240.63,233729.51
238.15,232066.27

CyberShake_500_551.xml
250.41,234256.05
255.25,237105.32
194.38,201198.39
187.44,195995.05

CyberShake_500_552.xml
277.59,258947.32
313.81,283019.3
213.49,217712.67
211.62,216250.58

CyberShake_500_553.xml
251.54,229195.09
287.52,257559.99
189.95,192524.09
191.21,187742.34

CyberShake_500_554.xml
214.86,205702.4
253.76,236574.99
182.26,191221.6
177.37,186563.82

CyberShake_500_555.xml
265.21,239577.54
291.63,262905.44
195.44,200858.61
184.15,183059.5

CyberShake_500_556.xml
243.09,232074.96
260.88,243886.32
190.79,200873.87
187.06,197769.38

CyberShake_500_557.xml
278.44,253296.92
311.37,273555.86
206.93,206056.68
200.92,200005.99

CyberShake_500_558.xml
282.72,262101.15
306.65,277661.58
206.41,210222.6
205.11,210420.44

CyberShake_500_559.xml
270.87,256403.9
294.03,271931.06
202.54,210687.52
196.16,207111.3

CyberShake_500_560.xml
281.24,250299.18
312.81,276262.84
204.26,204916.98
203.85,195581.92

CyberShake_500_561.xml
229.58,215808.51
263.13,243297.49
182.03,189501.36
179.65,179410.08

CyberShake_500_562.xml
239.78,225496.13
278.41,250101.88
188.49,191963.6
180.65,183298.02

CyberShake_500_563.xml
232.11,224023.6
267.3,247059.41
190.47,198827.79
184.06,194227.82

CyberShake_500_564.xml
275.74,257892.23
302.45,275343.51
207.85,212867.81
205.61,211669.68

CyberShake_500_565.xml
241.38,231068.21
273.71,252146.38
193.41,201831.23
189.12,198725.46

CyberShake_500_566.xml
285.62,264827.77
319.52,287360.68
214.83,217591.75
212.49,216041.77

CyberShake_500_567.xml
302.92,269496.54
334.48,290090.23
226.67,222035.33
219.23,216196.88

CyberShake_500_568.xml
263.79,243891.29
299.34,267303.91
206.16,207294.99
200.17,201081.38

CyberShake_500_569.xml
262.41,238935.3
299.36,268165.61
204.78,205682.57
202.53,201974.17

CyberShake_500_570.xml
258.93,234488.1
291.08,260600.65
195.44,196411.97
194,189659.41

CyberShake_500_571.xml
305.35,271141.69
342.15,295298.02
225.03,220843.38
223.47,219400.16

CyberShake_500_572.xml
278.73,250002.43
313.59,278397.25
232.73,225040.06
207.83,200567.08

CyberShake_500_573.xml
246.21,230059.15
276.16,249883.28
194.22,199277.14
186.37,192619.78

CyberShake_500_574.xml
263.68,240809.36
298.76,266024.46
197.64,200024.6
192.11,189712.45

CyberShake_500_575.xml
251.74,237123.92
277.67,253151.32
197.03,202522.23
190.27,194571.27

CyberShake_500_576.xml
279.17,256624.45
316.1,281402.83
210.34,212072.92
209.86,211825.16

CyberShake_500_577.xml
322.91,285455.78
359.09,305281.35
247.09,234461.71
222.57,213546.26

CyberShake_500_578.xml
262.34,237142.61
290.28,261840.33
197.5,201031.99
196.67,190575.15

CyberShake_500_579.xml
237.88,231480.25
264.71,248799.75
184.34,196256.64
182.99,195281.92

CyberShake_500_580.xml
236.3,228192.95
263.42,245593.3
192.59,202773.61
187,198206.32

CyberShake_500_581.xml
296.83,263305.89
337.56,293151.68
224.07,219730.75
219.04,215780.87

CyberShake_500_582.xml
238.76,225782.84
269.16,246195.95
184.32,192301.09
182.19,186223.27

CyberShake_500_583.xml
340.7,301782.04
380.87,328507.75
243.86,237548.23
242.53,236687.41

CyberShake_500_584.xml
240.87,230440.6
273.68,250901.09
195.74,203866.73
191.75,200181.55

CyberShake_500_585.xml
289,259272.51
304.49,269353.87
219.3,213857.11
197.05,192428.87

CyberShake_500_586.xml
254.08,233781.53
281.65,252362.76
189.82,193362.05
184.91,185960.99

CyberShake_500_587.xml
222.63,223603.27
259.99,248535.91
184.6,198516.73
183.74,198099.54

CyberShake_500_588.xml
256.86,238476.46
296.96,266152.98
203.86,207337.45
200.51,205000.03

CyberShake_500_589.xml
236.63,233380.75
263.87,251442.76
186.92,199686.16
183.38,198614.74

CyberShake_500_590.xml
249.3,229048.42
283.39,256267.35
191.99,196318.24
191.12,189537.39

CyberShake_500_591.xml
298.59,268904.46
330.21,289001.42
211.46,211336.78
205.19,201973.77

CyberShake_500_592.xml
304.62,274239.6
336.33,294962.71
223.27,222127.83
220.99,219975.58

CyberShake_500_593.xml
288.68,256316.9
314.8,278116.13
210.16,210112.21
196.75,192073.63

CyberShake_500_594.xml
220.29,209863.76
259.94,241394.54
188.25,195450.21
181.96,188568.09

CyberShake_500_595.xml
240.42,231101.57
277.07,255182.89
194.42,202874.19
192.26,201383.08

CyberShake_500_596.xml
280.77,254487.5
311.22,275734.42
210.51,211057.74
200.91,202261.85

CyberShake_500_597.xml
340.27,303979.91
378.57,329429.76
242.72,238171.48
242.37,237661.67

CyberShake_500_598.xml
257.52,235649.05
284.22,258385.23
195.1,200568.99
187.61,186202.6

CyberShake_500_599.xml
280.1,250224.39
317.95,281341.31
211.2,210840.09
209.44,204146.29

CyberShake_500_600.xml
225.15,219518.28
253.7,238157.81
185.61,196847.21
181.95,193686.16

CyberShake_500_601.xml
270.62,243076.97
290.75,260757.33
202.14,202778.04
191.46,187472.33

CyberShake_500_602.xml
232.36,217094.81
266.56,243532.94
182.73,187137.33
182.36,182073.33

CyberShake_500_603.xml
231.14,223936.82
261.46,243719.56
185.7,197838.93
180.99,193567.9

CyberShake_500_604.xml
226.01,221083.27
258.75,242679.07
186.59,197140.07
184.26,195191.52

CyberShake_500_605.xml
244.33,225501.4
286.74,258760.33
199.49,201839.55
194.4,197673.38

CyberShake_500_606.xml
275.57,251624.92
303.26,269320.41
208.21,212016.87
182.43,193938.89

CyberShake_500_607.xml
247.8,231218.03
280.42,254470.92
205.88,207616.19
195.61,200366.59

CyberShake_500_608.xml
290.23,256788.45
317.99,279363.16
213.92,212053.43
195.46,190999.23

CyberShake_500_609.xml
298.81,262186.59
330.99,288635.58
216.19,212283.96
216.25,204827.88

CyberShake_500_610.xml
227.81,214129.97
266.47,245249.8
185.24,192054.92
183.67,186229.3

CyberShake_500_611.xml
223.74,215722.34
262.96,242327.97
186.12,194150.07
181.19,189104.12

CyberShake_500_612.xml
277.79,249940.36
314.52,276605.68
211.47,210325.38
209.21,208224.92

CyberShake_500_613.xml
244.17,230519.6
272.06,249346.34
191.39,199403.06
187.63,196234.39

CyberShake_500_614.xml
321.09,285036.55
357.89,309313.25
235.65,230468.26
232.78,228262.21

CyberShake_500_615.xml
226.92,224263.87
267.35,251197.96
184.45,195845.79
183.51,195021.26

CyberShake_500_616.xml
292.63,259717.37
320.12,282451.55
223.81,219696.15
198.8,194170.15

CyberShake_500_617.xml
247.32,232553.26
275.42,249150.52
195.51,201897.44
188.63,195918.76

CyberShake_500_618.xml
284.16,253199.77
315.11,278501.27
213.2,211739.15
201.09,195048.51

CyberShake_500_619.xml
294.48,267405.82
331.36,291744.46
218.96,218683.36
217.15,216839.16

CyberShake_500_620.xml
260.66,249962.16
297.99,274727.14
204.99,213718.66
204.14,212776.4

CyberShake_500_621.xml
270.62,242768.06
297.97,266802.61
198.45,202031.19
184.02,182382.53

CyberShake_500_622.xml
281.03,262127.01
314.14,283748.86
214.9,217941.23
208.28,213499.54

CyberShake_500_623.xml
242.82,224178.22
281.54,254928.02
195.04,198974.97
192.1,191805

CyberShake_500_624.xml
286.2,255202.76
314.19,279509.86
214.84,213423.19
211.18,201844.9

CyberShake_500_625.xml
289.47,262212
320.83,282266.67
228.66,224167.02
201.68,199159.67

CyberShake_500_626.xml
277.72,252752.54
309.78,274911.32
209.63,211948.5
204.69,207607.64

CyberShake_500_627.xml
243.74,228067.75
276.58,250270.01
190.02,194727.83
185.29,188534.39

CyberShake_500_628.xml
320.08,276789.39
356.69,304277.57
237.94,226884.47
229.36,219494.78

CyberShake_500_629.xml
257.45,241830.56
283.72,257172.72
207.22,208654.32
194.61,197136.35

CyberShake_500_630.xml
278.33,251519.03
306.6,270030.3
201.28,201624.63
196.99,193359.1

CyberShake_500_631.xml
262.59,243530.57
295.69,264477.04
226.74,222659.04
183.63,190630.13

CyberShake_500_632.xml
271,252085.86
298.08,270039.49
206.23,212067.82
204.02,209832.71

CyberShake_500_633.xml
255.91,238403.87
285.84,259496.53
198.81,202285.88
182.79,184628.54

CyberShake_500_634.xml
270.1,253483.56
292.93,268037.5
211.68,218153.46
207.11,214021.03

CyberShake_500_635.xml
323.95,287541.37
360.73,311964.56
237,231785.97
234.66,229736.47

CyberShake_500_636.xml
250.54,233252.88
281.08,254225.8
195.9,199288.67
186.31,190560.29

CyberShake_500_637.xml
297.57,266359.44
336.24,291892.84
218.92,216075.47
217.25,214769.77

CyberShake_500_638.xml
257.36,233917.97
296.09,264485.37
196.97,198639.42
194.49,190191.9

CyberShake_500_639.xml
264.6,244161.84
299.96,266414.29
200.2,203183.31
191.12,190827.17

CyberShake_500_640.xml
288.27,254828.73
308.78,273162.45
209.46,207654.58
209.64,199370.75

CyberShake_500_641.xml
289.23,266546.92
317.54,285072.98
216.97,220415.89
213.96,217847.13

CyberShake_500_642.xml
294.63,260809.41
323.8,284949.61
213.54,211725.02
213.4,203357.12

CyberShake_500_643.xml
231.89,216111.27
255.44,237355.33
179.33,187396.61
181.74,180651.3

CyberShake_500_644.xml
247.79,231225.44
279.4,256668.56
195.67,201691.93
194.13,194484.73

CyberShake_500_645.xml
262.59,247244.48
292.1,266190.21
207.77,213567.71
203.33,210404.53

CyberShake_500_646.xml
294,268175.97
322.85,286739.63
222.23,222503.67
216.64,218647.52

CyberShake_500_647.xml
243.85,230386.64
269.81,246006.43
191.22,198375.62
186.92,193467.76

CyberShake_500_648.xml
252.65,232300.54
293.12,264453.85
204.89,206445.61
197.56,200557.53

CyberShake_500_649.xml
264.68,246286.48
263.75,243504.27
195.32,203509.81
184.74,195541.89

CyberShake_500_650.xml
291.85,261295.84
321.29,282025.68
216.23,213520.06
211.73,207816.13

CyberShake_500_651.xml
316.62,282304.24
351.84,306182.3
235.72,231838.44
233.6,230186.29

CyberShake_500_652.xml
236.39,229562.7
262.87,246795.13
194.52,204405.73
187.67,199265.18

CyberShake_500_653.xml
263.64,239391.51
291.61,263784.47
200.87,204023.77
198.66,194126.29

CyberShake_500_654.xml
269.16,249297.64
297.8,266202.57
202.41,206131.56
199.89,201625.72

CyberShake_500_655.xml
265.41,251047.44
290.26,267325.6
198.54,208625.13
193.6,205871.39

CyberShake_500_656.xml
284.29,250598.04
312.25,274288.35
208.25,206942.88
183.59,180824.38

CyberShake_500_657.xml
302.29,264679.35
337.62,291658.29
220.56,215526.23
218.79,208348.72

CyberShake_500_658.xml
268.29,247485.23
292.71,264891.85
193.51,199843.58
190.86,190728.28

CyberShake_500_659.xml
280.44,260418.75
305.12,276395.54
209.29,212375.47
207.74,212172.95

CyberShake_500_660.xml
272.39,243559.31
300.46,266482.45
201.3,202265.63
188.02,184412.66

CyberShake_500_661.xml
257.44,244370.85
296.32,270168.89
199.49,206328.96
197.97,205139.92

CyberShake_500_662.xml
242.74,228204.52
278.85,254593.34
198.59,203659.32
192.39,196808.57

CyberShake_500_663.xml
263.37,236123.54
298.1,265612.22
196.66,198082.76
192.41,186747.47

CyberShake_500_664.xml
247.04,230815.34
283.72,256440.28
197.32,201648.14
194.16,199479.89

CyberShake_500_665.xml
242.81,238349.13
278.07,261524.13
195.25,205521.45
191.13,204139.74

CyberShake_500_666.xml
280.56,257955.98
305.54,273802.32
215.06,216937.31
210.41,213536.68

CyberShake_500_667.xml
234.97,224976.48
261.26,241996.4
189.72,197629.07
181.73,192212.39

CyberShake_500_668.xml
266.53,245557.9
293.2,264445.73
210.98,214227.18
191.88,199889.47

CyberShake_500_669.xml
234.51,219522.56
264.04,243408.59
192.6,197168.07
186.79,191249.02

CyberShake_500_670.xml
301.02,269539.18
337.17,292829.83
213.73,214234.21
208.2,202083.56

CyberShake_500_671.xml
260.77,236600.41
291.14,260644.25
196.32,199943.97
185.91,183766.2

CyberShake_500_672.xml
266.89,240406.7
304.6,268952.56
205.83,203978.11
201.28,199400.88

CyberShake_500_673.xml
285.84,254857.35
318.23,280764.34
217.94,215305.25
197.45,193627.24

CyberShake_500_674.xml
232.99,219493.44
273.22,248298.38
188.98,195191.18
185.16,192269.5

CyberShake_500_675.xml
251.15,239340.49
283.89,260907.45
201.71,208258.4
197.58,205247.09

CyberShake_500_676.xml
302.03,268722.54
339.27,293168.1
225.76,221368.49
219.32,215919.52

CyberShake_500_677.xml
321.08,288183.58
361.84,315036.93
232.72,229239.76
231.4,228440.96

CyberShake_500_678.xml
234.45,231605.73
267.36,253258.66
188.52,200499.01
186.07,199463.28

CyberShake_500_679.xml
268.79,242215.27
304.86,270200.16
207.41,206178.12
202.7,201506.16

CyberShake_500_680.xml
227.45,221618.96
267.65,248215.71
186.49,196248.51
183.42,194049.86

CyberShake_500_681.xml
250.81,238922.85
284.81,261167.76
198.01,204084.98
194.33,202251.49

CyberShake_500_682.xml
227.77,218590.62
258.1,239083.19
189.64,197198.03
181.74,190460.3

CyberShake_500_683.xml
321.36,284174.55
362.25,311300.33
235.62,230102.21
233.52,228499.96

CyberShake_500_684.xml
242.11,223216.61
274.66,250172.57
187.03,191621
187.2,184536.71

CyberShake_500_685.xml
248.17,233925.22
271.09,249515.78
195.95,202762.54
186.9,194240.33

CyberShake_500_686.xml
228.34,215844.39
265.01,245552.59
186.9,194403.23
186.66,189021.53

CyberShake_500_687.xml
240.37,221509.25
273.7,247032.47
186.01,188939.54
184.25,182036.93

CyberShake_500_688.xml
220.32,218014.72
257.07,242235.31
186.18,198163.91
183.32,195986.67

CyberShake_500_689.xml
347.23,308889.74
378.03,329005.38
243.9,238478.82
242,237412.85

CyberShake_500_690.xml
313.62,285695.17
345.21,306353.01
231.31,230299.16
228.1,228448.03

CyberShake_500_691.xml
273.64,250296.29
302.32,269780.12
229.4,223179.41
190.59,193094.82

CyberShake_500_692.xml
229.24,211851.18
262.49,239470.84
183.05,186140.24
185.49,186573.83

CyberShake_500_693.xml
323.92,289490.84
359.52,313193.32
232.43,228165.78
232.43,228524.55

CyberShake_500_694.xml
298.78,263486.73
331.09,289137.16
218.37,213939.11
215.61,206793.25

CyberShake_500_695.xml
265.83,240195.18
295.3,265970.25
196.34,201591.7
189.87,187748.27

CyberShake_500_696.xml
273.07,248611.2
305.78,271930.19
206.18,208349.65
182.17,183028.91

CyberShake_500_697.xml
329.54,290441.19
365.24,314081.01
238.88,232333.1
237.02,230747.36

CyberShake_500_698.xml
268.54,254115.42
288.92,267041.42
201.92,209216.26
201.55,209106.4

CyberShake_500_699.xml
253.47,230829.23
282.36,254785.45
192.32,196437.35
176.71,176660.52

CyberShake_500_700.xml
286.45,254073.62
309.13,273733.08
210.2,208726.78
209.68,199455.88

CyberShake_500_701.xml
310,273875.64
329.79,290219.15
230.52,226369.83
226.75,223469.41

CyberShake_500_702.xml
280.71,250767.86
315.89,279067.44
209.84,209106.43
208.27,202241.62

CyberShake_500_703.xml
248.73,236106.4
291.38,262488.52
214.53,215788.57
187.54,189581.63

CyberShake_500_704.xml
255.6,238320.39
289.99,259818.45
200.14,201866.65
183.31,185663.23

CyberShake_500_705.xml
255.61,235649.04
292.41,264630.96
204.86,208194.76
201.21,204974.73

CyberShake_500_706.xml
299.96,265568.28
326.25,289103.13
219.41,218683.37
217.39,207951.15

CyberShake_500_707.xml
304.02,273314.79
331.13,291164.52
216.84,216622.32
212.83,207656.21

CyberShake_500_708.xml
227.67,220101.36
261.54,242301.18
187.64,196984.25
185.55,195293.82

CyberShake_500_709.xml
259.87,244319.31
289.88,263788.36
198.73,204347.5
195.72,202874.34

CyberShake_500_710.xml
245.13,228724.41
249,230954.22
189.42,195741.71
181.57,188787.35

CyberShake_500_711.xml
252.82,245848.56
289.97,270404.23
200.86,210729.72
200.31,210930.62

CyberShake_500_712.xml
267.79,254889.87
286.29,266835.8
200.77,209734.57
191.59,204702

CyberShake_500_713.xml
327.66,289691.77
364.03,313730.35
235.3,229100.2
233.85,228050.7

CyberShake_500_714.xml
289.17,243198.6
317.72,280528.81
211.58,212137.66
196.12,191903.47

CyberShake_500_715.xml
235.08,219614.51
263.02,241930.96
183.69,190885.71
182.25,181122.97

CyberShake_500_716.xml
271.95,247895.52
297.48,265262.07
204.18,206282.85
200.51,202237.07

CyberShake_500_717.xml
217.91,208993.69
258.79,240158.6
184.32,193026.57
179.49,188890.02

CyberShake_500_718.xml
304.01,276249.7
338.51,298986.48
225.13,223178.42
220.77,220690.23

CyberShake_500_719.xml
232.25,228201.17
272.28,254818
186.28,196831.19
185.75,196543.26

CyberShake_500_720.xml
268.63,243368.71
295.86,264249.84
207.04,207972.83
184.27,183539.23

CyberShake_500_721.xml
253.26,235988.47
282.75,255966.33
192.6,196892.36
182.1,183995.13

CyberShake_500_722.xml
236.84,220653.43
262.11,241094.95
191.25,194845.82
186.53,189514.96

CyberShake_500_723.xml
272.89,255338.41
288.88,265615.63
207.67,213016.03
192.82,203065.75

CyberShake_500_724.xml
315.73,274754.9
343.74,297772.04
234.84,226237.03
228.33,221516.69

CyberShake_500_725.xml
293.21,258357.07
328.22,287850.28
219.06,214516.8
217.11,208394.73

CyberShake_500_726.xml
228.44,216695.66
268.53,246885.13
188.54,195546.46
185.3,188215.46

CyberShake_500_727.xml
242.14,226682.22
272.58,247891.48
193.94,198996.09
187.22,193362.64

CyberShake_500_728.xml
267.05,246540.97
304,269670.89
199.86,202469.12
191.58,191407.48

CyberShake_500_729.xml
262.91,241108.4
286.79,256825.28
193.82,199051.84
187.9,194037.88

CyberShake_500_730.xml
251.61,240737.49
290.48,266275.59
198.55,205816.18
196.86,204795.3

CyberShake_500_731.xml
266.42,240311.05
305.31,272215.06
206.02,206461.33
202.84,200976.6

CyberShake_500_732.xml
240.72,226221.59
274.22,250831.82
195.73,202658.53
188.37,196008.04

CyberShake_500_733.xml
268.31,240221.73
297.68,265763.49
199.9,200927.68
198.98,191061.09

CyberShake_500_734.xml
275.39,252857.81
304.71,271216.37
202.5,205944.46
202.39,201881.53

CyberShake_500_735.xml
248.53,226676.99
265.97,243237.72
188.09,192594.76
181.26,179262.94

CyberShake_500_736.xml
239.03,225849.44
270.36,246526.79
188.65,194379.69
182.88,187628.64

CyberShake_500_737.xml
225.04,218456.03
259.83,242132.15
189.09,198768.46
182.85,193806.7

CyberShake_500_738.xml
244.8,236926.24
274.07,256358.98
199.79,207289.9
187.32,199102.89

CyberShake_500_739.xml
290.22,256787.53
314.96,277778.82
201.64,203192.45
194.01,189543.42

CyberShake_500_740.xml
259.69,243795.95
296.72,268139.92
204.51,209583.56
202.89,208165.78

CyberShake_500_741.xml
244.98,226680.69
283.89,257251.84
194.04,196714.58
193.79,192677.16

CyberShake_500_742.xml
265.22,250516.89
296.22,270682.74
205.9,211689.76
202.81,210066.42

CyberShake_500_743.xml
310.14,275783.78
337.26,294157.43
234.17,229827.96
224.58,222051.09

CyberShake_500_744.xml
277.56,258675.97
315.4,283687.02
215.15,218944.23
213.99,217928.81

CyberShake_500_745.xml
249.68,234991.84
275.65,251899.27
203.23,207378.88
188.41,197422.19

CyberShake_500_746.xml
264.84,245000.23
283.9,258537.94
221.75,220537.2
202.14,205100.66

CyberShake_500_747.xml
274.9,245802.02
302.95,269442.71
200.01,202336.25
192.56,188128.15

CyberShake_500_748.xml
231.53,227374.78
255.84,243373.53
190.3,202034.5
185.72,199189.81

CyberShake_500_749.xml
248.76,228028.14
273.44,250415.78
188.48,194337.12
189.54,185970.24

CyberShake_500_750.xml
322.54,279457.11
355.1,305813.5
236.72,228448.08
231.82,224444.6

CyberShake_500_751.xml
277.41,246138.91
307.48,271090.7
203.1,202541.35
192.23,186832.85

CyberShake_500_752.xml
224.52,212771.54
260.2,242251.58
184.34,191913.7
182.98,186064.78

CyberShake_500_753.xml
288.95,259758.41
320.45,282205.53
227.37,219908.92
204.57,201333.8

CyberShake_500_754.xml
291.34,257293.98
323.61,284353.4
214.69,212801.17
210.3,200967.9

CyberShake_500_755.xml
255.48,244542.02
251.84,241719.4
187.43,198544.9
181.65,195949.95

CyberShake_500_756.xml
277.03,249702.47
310.53,277165.75
211.42,211989.13
209.32,205772.32

CyberShake_500_757.xml
261.66,242385.38
290.91,260787.34
199.28,202285
194.81,197295.42

CyberShake_500_758.xml
315.88,277950.38
354.1,303536.58
232.36,225396.11
228.65,222832.98

CyberShake_500_759.xml
231.83,225215.49
270.52,251092.04
192.69,202822.1
187.8,198794.18

CyberShake_500_760.xml
245.49,230152.8
274.32,247608.26
207.29,206923.26
185.02,188202.42

CyberShake_500_761.xml
313.63,273894.92
350.27,303308.84
229.29,221470.29
231.95,221101.57

CyberShake_500_762.xml
266.31,243688.31
281.52,253508.74
198.76,204855.23
188.03,195951.78

CyberShake_500_763.xml
290.35,257099.04
304.14,269807.63
207.1,208029.92
191.32,187365.18

CyberShake_500_764.xml
281.56,254515.71
305.07,270681.19
210.71,210390.82
206.11,204683.62

CyberShake_500_765.xml
298.73,262004.79
312.63,275258.5
211.29,207343.41
195.4,189472

CyberShake_500_766.xml
250.76,230503.55
281.5,256413.87
194.14,200061.87
184.89,184435.62

CyberShake_500_767.xml
291.61,261877.16
323.47,282937.05
214.74,211398.05
200.45,196186.3

CyberShake_500_768.xml
232.91,228099.17
266.39,249948.16
190.36,202616.98
187.06,199660.66

CyberShake_500_769.xml
249.13,232894.54
272.78,249303.28
191.56,199197.73
190.18,197740.15

CyberShake_500_770.xml
225.63,213621.35
263.02,241981.16
186.37,194080.43
182.28,190284.26

CyberShake_500_771.xml
272.47,246884.01
295.15,262731.83
194.96,198696.6
180.97,181553.62

CyberShake_500_772.xml
237.62,221922.85
262.4,242411.66
184.49,191702.61
185.44,184311.38

CyberShake_500_773.xml
220.57,209755.37
257.4,239879.81
180.99,190700.55
180.81,184885.81

CyberShake_500_774.xml
284.53,261799.81
310.47,278607.8
212.91,213764.15
208.68,211722.08

CyberShake_500_775.xml
284.78,257240.12
319.1,280058.19
216.34,215150.81
196.67,193218.78

CyberShake_500_776.xml
265.34,244423.2
289.1,261607.62
205.45,207963.11
204.94,205641.5

CyberShake_500_777.xml
260.95,246138.66
275.91,253265.82
215.4,218111.55
194.2,201078.36

CyberShake_500_778.xml
255.23,236826.68
281.62,253957.61
198.44,201802.5
193.46,197038.1

CyberShake_500_779.xml
307.03,280244.37
343.87,304776.77
224.04,224222.7
224.12,224209.52

CyberShake_500_780.xml
240.2,229477.21
275.62,252759.66
189.91,197774
187.11,195970.75

CyberShake_500_781.xml
269.29,245902.45
273.2,250275.37
205.89,208797.27
198.06,202107.85

CyberShake_500_782.xml
260.38,244830.76
287.15,261983.62
205.1,211208.82
197.83,205779.51

CyberShake_500_783.xml
265.36,248306.39
290.68,264912.61
199.13,205686.4
190.82,200596.56

CyberShake_500_784.xml
249.59,238261.46
288.27,263528.79
217.82,220421.42
197.41,205941.55

CyberShake_500_785.xml
283.32,264915.96
308.07,281039.97
214.14,218330.31
209.99,216144.47

CyberShake_500_786.xml
272.9,244827.46
301.3,268685.4
204.77,206547.09
184.85,183338.5

CyberShake_500_787.xml
268.92,246742.04
300.92,269022.66
203.06,204400.2
198.11,196368.29

CyberShake_500_788.xml
273.97,244818.11
305.75,269801.52
204.91,204870.24
189.88,185134.91

CyberShake_500_789.xml
285.66,253351.42
314.16,277970.14
207.64,206030.46
207.97,198625.48

CyberShake_500_790.xml
281.6,249786.16
307.83,273012.35
197.44,199540.33
192.07,186569.85

CyberShake_500_791.xml
279.28,259523.74
318.37,285498.71
213.87,217581.51
212.66,216492.56

CyberShake_500_792.xml
254.33,234988.76
281.84,255697.97
202.29,205413.45
197.07,201280.47

CyberShake_500_793.xml
248.11,232650.51
280.68,254197.28
196.91,200174.23
181.04,186921.91

CyberShake_500_794.xml
267.9,247336.59
292.2,262984.87
205.59,209184.88
199.27,204550.57

CyberShake_500_795.xml
279.67,252516.94
319.78,281639.44
217.81,215610.58
214.05,212976.65

CyberShake_500_796.xml
271.84,244224.04
302.19,268984.18
209.98,209114.97
205.4,205421.98

CyberShake_500_797.xml
266.5,247737.27
294.15,265075.33
220.68,219554.67
186.12,193778.49

CyberShake_500_798.xml
302.65,272615.78
338.69,296555.45
223.55,221214.23
222.4,220371.8

CyberShake_500_799.xml
237.58,236020.45
276.24,261621.87
193.2,205989.26
193.67,206148.57

CyberShake_500_800.xml
272.95,253230.52
283.47,260137.01
199.81,206346.3
194.46,202417.91

CyberShake_500_801.xml
291.73,259408.19
307.5,273087.12
211.85,210935.4
192.33,189950.35

CyberShake_500_802.xml
278.68,247797.35
313.25,275714.21
205.91,204838.4
196.41,189562.25

CyberShake_500_803.xml
238.9,224310.5
264.18,245785.23
186.73,194779.3
188.73,187069.82

CyberShake_500_804.xml
284.53,257561.62
320.18,281024.99
219.54,216584.61
200.39,198648.85

CyberShake_500_805.xml
249.17,243879.54
277.9,262813.91
192.51,205089.95
190.68,204519.44

CyberShake_500_806.xml
266.8,240667.69
293.56,264556.12
197.47,200972.8
188.73,186834.63

CyberShake_500_807.xml
283.16,239085.83
314.12,276863.71
205.81,205666.43
198.03,191743.63

CyberShake_500_808.xml
263.42,243178.65
293.13,262490.61
202.39,206684.54
198.35,203606

CyberShake_500_809.xml
244.11,225710
271.19,249347.1
189.67,195777.39
190.52,189327.26

CyberShake_500_810.xml
291.82,263351.91
322.41,283003.16
210,211083.82
201.75,198005.29

CyberShake_500_811.xml
249.38,231232.4
264.67,242654.89
186.49,191264.3
183.31,183097.85

CyberShake_500_812.xml
285.67,259046.03
312.13,276097.35
225.12,223561.7
183.44,193126.36

CyberShake_500_813.xml
249.39,230691.72
290.83,263289.52
199.1,202899.82
197.58,197073.98

CyberShake_500_814.xml
249.17,234389.33
276.33,250207.6
215.98,215532.98
193.46,198997.71

CyberShake_500_815.xml
229.35,219710.15
258.78,239646.45
188,196302.54
185.73,194099.52

CyberShake_500_816.xml
269.94,251488.82
303.51,273455.01
207.69,212636.78
203.05,208812.59

CyberShake_500_817.xml
304.46,268405.04
339.12,295810.95
225.38,220556.66
223.06,215569.21

CyberShake_500_818.xml
276.18,251178.36
308.8,273269.54
206.88,207212.46
183.63,188799.83

CyberShake_500_819.xml
311.98,271921.4
351.52,302854.17
234.68,226103.98
225.42,217513.84

CyberShake_500_820.xml
289.93,263165.01
297.01,268063.41
213.48,215129.49
207.75,202651.53

CyberShake_500_821.xml
261.04,242595.94
294.34,264602.99
206.41,210155.66
198.29,202661.86

CyberShake_500_822.xml
261.27,240652.33
297.39,264126.96
195.5,198418.73
186.36,186010.81

CyberShake_500_823.xml
304.76,265893.77
343.34,296543.37
223.47,217064.77
222.4,211625.12

CyberShake_500_824.xml
321.14,290538.1
356.72,314003.17
232.66,230411.76
232.03,229985.94

CyberShake_500_825.xml
337.82,297974.39
375.22,322724.9
240.3,233405.9
238.5,231903.7

CyberShake_500_826.xml
252.27,242261.03
283.6,263143.52
198.56,207926.72
189.5,202398.24

CyberShake_500_827.xml
266.99,239050.06
300.08,265666.76
200.04,200973.53
185.28,181552.39

CyberShake_500_828.xml
246.69,227772.1
276.26,251274.72
202.96,202811.01
188.45,186351.38

CyberShake_500_829.xml
279.92,249616.15
306.74,271639.71
211.69,210251.95
189.69,186627.88

CyberShake_500_830.xml
248.24,228573.65
281.37,255154.28
190.19,195871.22
192.59,188234.76

CyberShake_500_831.xml
265.43,247215.78
282.84,258631.67
205.96,210574.7
199.7,206216.58

CyberShake_500_832.xml
221.37,212560.26
258.34,240847.1
185.75,194297.98
181.76,191246.95

CyberShake_500_833.xml
271.6,249979.9
304.84,269740.54
203.41,205831.81
196.23,195828.83

CyberShake_500_834.xml
292.78,257740.31
321.94,282206.88
211.98,209625.52
212.96,201381

CyberShake_500_835.xml
283.04,253046.28
297.83,260083.52
209.48,211285.16
187.79,186856.3

CyberShake_500_836.xml
249.24,229404.82
285.14,257111.6
197.53,199266.26
194.6,193682.63

CyberShake_500_837.xml
269.4,242151.16
297.87,265816.92
196.19,199495.69
188.69,185441.1

CyberShake_500_838.xml
224.11,225453.72
260.81,250134.63
184.77,199628.13
185.43,200060.26

CyberShake_500_839.xml
255.14,240799.02
281.97,258350.28
197.15,204860.5
192.78,201603.97

CyberShake_500_840.xml
273.86,246717.25
306.24,274323.87
203.19,205250.13
205.09,198206.98

CyberShake_500_841.xml
246.3,226386.96
279.04,251899.57
189.18,192985
189.34,185787.97

CyberShake_500_842.xml
295.14,269137.61
331.8,293283.61
223.12,223316.74
220.62,221363.33

CyberShake_500_843.xml
287.69,257538
326.53,286042.15
222.71,218939.46
215.08,213929.35

CyberShake_500_844.xml
257.08,239675.2
292.08,262543.05
202.1,206947.6
194.29,201627.55

CyberShake_500_845.xml
272.16,257943.14
301.49,276690.18
204.12,211526.85
182.12,197657.96

CyberShake_500_846.xml
261.76,241107.27
297.71,263840.45
203.32,206856.27
194.7,199909.25

CyberShake_500_847.xml
293.87,260343.2
327.1,287229.91
221.18,216777.45
216.78,213107.25

CyberShake_500_848.xml
246.9,237682.78
283.68,261867.96
195.69,204474.21
195.39,204226.19

CyberShake_500_849.xml
239.45,223727.41
267.21,247639.58
186.74,194786.92
185.29,184985.53

CyberShake_500_850.xml
261.71,242332.56
278.84,253224.06
198.39,199215.72
186.41,186962.33

CyberShake_500_851.xml
237.92,226593.7
265.06,242026.68
193.58,198503.44
180.07,185770.32

CyberShake_500_852.xml
261.54,238756.64
289.63,262422.95
212.19,211957.29
189.39,188758.97

CyberShake_500_853.xml
293.12,262171.35
321.18,280004.38
223.64,220188.33
196.42,201054.91

CyberShake_500_854.xml
268.01,243168.99
308.47,275558.73
205.82,207550.48
207.08,202631.93

CyberShake_500_855.xml
272.8,251603.85
309.68,277081.95
213.3,215798.49
211.03,213581.56

CyberShake_500_856.xml
246.6,230843.84
283.92,258032.66
192.58,197463.76
188.99,191408.78

CyberShake_500_857.xml
256.49,234769.87
295.54,264687.66
206.05,207467.44
201.64,203341.32

CyberShake_500_858.xml
281.68,255922.12
316.44,280503.07
217.17,216976.48
213.59,214073.34

CyberShake_500_859.xml
271.4,258025.78
301.82,278295.21
200.06,208871.75
195.18,207114.6

CyberShake_500_860.xml
309.43,279426.16
341.98,300488.79
227.28,226368.88
222.25,222609.76

CyberShake_500_861.xml
254.63,242589.56
294.36,268652.06
200.61,207466.5
197.22,205556.75

CyberShake_500_862.xml
293.26,264303.09
309.33,276116.06
212.85,214826.85
203.41,198779.24

CyberShake_500_863.xml
288.76,256615.67
319.06,278333.37
228.63,220425.44
197.85,190733.61

CyberShake_500_864.xml
261.04,245355.82
302.54,272939.27
201.45,206138.4
200.55,205748.53

CyberShake_500_865.xml
269.84,245491.37
285.41,256922.37
219.27,211903.17
189.84,187722.81

CyberShake_500_866.xml
229.78,221429.94
259.98,239082.92
191.35,197241.69
181.65,188063.68

CyberShake_500_867.xml
271.97,243357.19
298.93,267438.5
200.15,203108.62
188.13,185723.86

CyberShake_500_868.xml
325.53,285208.32
359.95,309370.09
238.39,230852.74
234.48,227901.17

CyberShake_500_869.xml
278.82,248769.24
287.54,257613.47
203.8,204782.76
180.47,180187.8

CyberShake_500_870.xml
284.8,253740.83
302.83,269168.08
209.19,208908.53
188.22,185336.78

CyberShake_500_871.xml
238.17,228771.3
272.6,251516.33
190.71,198871.49
185.6,195440.9

CyberShake_500_872.xml
283.42,256303.26
315.99,279989.24
216.77,216156.7
213.31,213768.53

CyberShake_500_873.xml
271.72,242854.9
304.11,267926.08
193.63,195633.24
187.97,182828.94

CyberShake_500_874.xml
293.69,264078.04
320.92,281214.61
217.79,215766.14
212.7,208770.5

CyberShake_500_875.xml
273.46,251903.65
309.9,276196.56
215.71,217163.68
210.51,213658.85

CyberShake_500_876.xml
232.6,221886.8
253.32,236946.31
188.64,198419.1
183.15,192009.52

CyberShake_500_877.xml
272.05,248797.95
302.01,270301.67
198.07,203133.71
187.84,191551.42

CyberShake_500_878.xml
256.46,238569.6
291.98,262652.67
203.42,207674.11
196.85,200875.87

CyberShake_500_879.xml
246.32,231654.73
249.65,234530.75
190.66,198923.5
183.11,192450.87

CyberShake_500_880.xml
336.26,300245.95
374.19,325208.41
241.84,237002.51
242.01,237323.59

CyberShake_500_881.xml
262.26,236994.78
284.38,256352.1
195.36,196306.05
195.16,189028.79

CyberShake_500_882.xml
263.68,239076.58
302.02,269439.94
206.59,207529.64
202.28,202459.77

CyberShake_500_883.xml
296.54,262207.28
332.7,291078.06
221.45,218118.28
221.99,212271.06

CyberShake_500_884.xml
260.26,237803.46
296.64,266141.06
214.99,214351.1
201.49,203998.62

CyberShake_500_885.xml
261.3,239497.64
284.97,258251.73
196.21,199448.93
186.39,190416.83

CyberShake_500_886.xml
270.31,248412.94
310.01,274970.43
211.57,212407.26
205,205263.24

CyberShake_500_887.xml
271.64,242426.34
302.19,267334.34
210.36,208602.36
187.98,183546.6

CyberShake_500_888.xml
302.7,270509.6
332.45,288493.94
214.21,209652.47
207.95,202847.82

CyberShake_500_889.xml
271.19,255616.87
302.61,276238.54
205.74,211526.43
198.87,208026.05

CyberShake_500_890.xml
295.88,260646.32
324.7,285812.1
214.51,211273.57
212.52,202937.86

CyberShake_500_891.xml
285.46,254999.27
326.4,285240.11
219.7,216519.23
214.27,212620.87

CyberShake_500_892.xml
252.83,232337.36
276.59,253156.49
199.27,202204.56
192.92,189749.08

CyberShake_500_893.xml
300.47,275679.18
329.3,294604.5
221.62,221698.5
219.23,221062.71

CyberShake_500_894.xml
288.06,255496.72
317.01,280477.53
211.97,210516.66
210.45,201262.78

CyberShake_500_895.xml
260.01,240920.68
288.49,259148.2
199.66,203609.98
198.71,201536.18

CyberShake_500_896.xml
294.78,259567.82
327.95,286483.58
217.92,213951.38
216.21,208406.89

CyberShake_500_897.xml
242.86,224765.42
263.39,244045.95
187.85,193691.01
187.64,184171.93

CyberShake_500_898.xml
252.74,232963.11
278.74,256283.19
197.37,203893.66
187.54,187710.78

CyberShake_500_899.xml
231.03,220475.29
265.82,242705.5
190.59,197688.42
183.6,190669.58

CyberShake_500_900.xml
263.05,240321.57
277.77,250113.25
194.47,199068.08
183.44,189794.3

CyberShake_500_901.xml
261.64,242416.96
271.79,249206.36
187.66,197187.4
183.82,194066.06

CyberShake_500_902.xml
270.72,251631.93
307.87,276211.27
205.85,208588.91
204.02,207596.26

CyberShake_500_903.xml
266.75,245779.13
273.5,251189.94
203.49,207962.5
195.05,200535.09

CyberShake_500_904.xml
265.47,240828.91
302.52,269695.73
206.05,207334.64
203.12,204944.62

CyberShake_500_905.xml
264.85,241024.74
290.71,263205.85
208.8,209516.33
203.2,199718.84

CyberShake_500_906.xml
246.04,233548.91
280.38,256237.69
194.39,202547.55
191.62,200557.59

CyberShake_500_907.xml
216.53,207814.83
253.31,235265.34
182.13,190018.3
178.15,187335.85

CyberShake_500_908.xml
245.8,225606.96
268.17,245050.26
195.33,196613.45
191.23,190645.22

CyberShake_500_909.xml
278.96,249661.36
307.58,273507.38
205.37,205814.33
204.97,197764.17

CyberShake_500_910.xml
318.32,277988
351.45,304817.29
234.86,228597.12
230.27,224990.7

CyberShake_500_911.xml
257.46,238711.79
282.89,256522
204.92,207578.26
200,202314.01

CyberShake_500_912.xml
259.4,244770.12
290.45,264961.06
203.95,210049.33
199.85,206746.99

CyberShake_500_913.xml
293.45,271254.21
320.33,288836.34
218.8,221944.86
216.02,220809.91

CyberShake_500_914.xml
328.53,293070.18
363.25,316138.62
236.32,231343.78
236.95,231759.55

CyberShake_500_915.xml
297.16,260629.07
320.16,280628.43
242.04,229748.33
214.04,202275.39

CyberShake_500_916.xml
291.35,256592.11
302.71,266944.42
211.92,209236.41
183.42,181279.2

CyberShake_500_917.xml
228.84,217584.28
263.85,241221.27
186.7,193281.59
181.82,189400.6

CyberShake_500_918.xml
246.56,230697.64
284.99,255511.07
196.41,199396.86
189.47,192639.14

CyberShake_500_919.xml
264.72,246555.42
298.12,267722.91
220.28,220582.32
200.76,204816.44

CyberShake_500_920.xml
320.79,283435.32
343.34,297029.31
235.78,230875.24
230,225618.73

CyberShake_500_921.xml
275.76,245606.92
308.07,273082.11
204.72,204067.08
202.43,194078.28

CyberShake_500_922.xml
248.32,231220.84
279.5,253454.02
190.05,196839.7
186.16,188468.48

CyberShake_500_923.xml
223.14,211152.6
264.38,243518.7
182.28,190314.31
181.47,184883.68

CyberShake_500_924.xml
248.29,233144.71
284.21,256526.26
195.13,198314.92
189.26,191307.89

CyberShake_500_925.xml
233.29,218391.5
263.44,243800.36
190.22,195676.59
178.19,179243.57

CyberShake_500_926.xml
290.95,271069.71
328.4,295560.63
218.22,221780.46
219.14,222550.25

CyberShake_500_927.xml
255.02,238220.09
279.35,256026.09
208.65,210621.85
190.87,196950.57

CyberShake_500_928.xml
272.64,253989.19
295,268661.01
198.83,205682.85
186.88,198542.35

CyberShake_500_929.xml
321.04,276663.22
358.48,306400.4
231.67,222647.04
229.36,219440.45

CyberShake_500_930.xml
241.05,232670.11
280.79,259023.22
191.7,200717.51
190.98,200127.67

CyberShake_500_931.xml
290.2,264491.61
317.72,282309.77
215.78,216717.68
210.5,212707.73

CyberShake_500_932.xml
269.12,247019.71
296.86,265053.32
208.68,211003.39
203.14,206499.99

CyberShake_500_933.xml
242.66,231790.34
269.36,249443.98
193.98,201981.57
188.49,198047.23

CyberShake_500_934.xml
240.24,229329.06
268.74,248146.94
188,197441.05
184.22,194189.25

CyberShake_500_935.xml
259.75,235325.63
289.36,260547.85
195.33,198347.28
197.15,190746.65

CyberShake_500_936.xml
270.75,246183.76
286.35,258259.19
204.07,207403.75
188.96,195675.34

CyberShake_500_937.xml
275.29,256071.5
312.69,280805.87
214.48,218246.28
208.84,213817.28

CyberShake_500_938.xml
291.33,264405.78
313.73,279785.69
223.4,222239.02
213.52,212919.2

CyberShake_500_939.xml
256.3,235116.48
281.45,257021.95
202.56,206497.84
184.37,184666.92

CyberShake_500_940.xml
262.36,237049.35
289.52,260522.02
197.6,200374.26
196.4,191317.35

CyberShake_500_941.xml
247.72,231707.66
269.58,245810.41
185.09,189718.11
183.86,184969.64

CyberShake_500_942.xml
216.44,217221.14
250.69,239742.25
180.01,193389.45
179.08,192727.62

CyberShake_500_943.xml
250.86,236026.17
283.95,257791.07
200.06,207157.56
193.36,201704.16

CyberShake_500_944.xml
237.36,230828.55
263.97,248460.76
186.37,196294.32
183.17,194685.56

CyberShake_500_945.xml
240.51,239199.22
272.44,260122.56
195.48,208182.95
191.84,206225.5

CyberShake_500_946.xml
234.56,218531.47
255.43,238983.99
184.77,192324.57
181.02,181118.14

CyberShake_500_947.xml
246.91,228491.92
287.01,256065.64
197.31,199388.98
193.01,196142.23

CyberShake_500_948.xml
306.54,276422.51
343.32,300925.65
225.75,223293.24
223.52,221635.83

CyberShake_500_949.xml
249.49,240139.51
272.51,254927.58
199.71,208508.74
195.1,205110.13

CyberShake_500_950.xml
277.75,257283.09
310.86,279026.36
213.12,216303.77
210.45,214357.48

CyberShake_500_951.xml
229.08,220711.74
255.66,238679.23
183.63,194649.99
180.95,192464.29

CyberShake_500_952.xml
291.05,269491.04
325.63,292250.86
218.17,220647.44
216.58,219567.87

CyberShake_500_953.xml
289.51,255033.64
321.17,281002.21
210.6,208495.8
210.46,199537.38

CyberShake_500_954.xml
265.96,240275.02
290.69,262297.51
195.38,200520.69
187.37,185344.13

CyberShake_500_955.xml
267.35,249537.35
292.73,265937.26
200.23,205419.54
199.31,205599.81

CyberShake_500_956.xml
293.57,262059.39
321.48,281917.58
215.94,211529.54
200.21,195108.56

CyberShake_500_957.xml
300.96,264476.3
329.07,289237.62
232.13,224763.24
217.47,206042.25

CyberShake_500_958.xml
263.6,246711.62
285.14,261009.01
196.99,204322.83
185.85,197418.36

CyberShake_500_959.xml
266.44,243041.78
289.93,263325.67
196.36,203383.58
183.79,185721.89

CyberShake_500_960.xml
239.08,223489.33
278.46,254151.85
194.32,199592.61
192.04,197515.99

CyberShake_500_961.xml
253.23,234606.32
287.34,256883.81
196.3,197617.93
188.67,186410.6

CyberShake_500_962.xml
288.4,253922.56
323.09,282357.37
213.53,210812.85
213.91,206912.59

CyberShake_500_963.xml
235.66,224675.1
260.45,240448.48
189.4,197495.48
182.45,192387.32

CyberShake_500_964.xml
258.38,234142
284.62,257128.19
195.89,198980.93
194.43,189359.27

CyberShake_500_965.xml
251.17,228559.86
285.91,256568.31
196.65,198109.25
193.35,194851.79

CyberShake_500_966.xml
310.23,274163.85
346.59,298720.76
236.69,230186.28
224.12,220509.91

CyberShake_500_967.xml
270.22,243428.09
298.8,267218.11
208.65,209055.85
189.38,186702.46

CyberShake_500_968.xml
262.78,241565.4
295.66,263638.9
221.47,218560.14
195.63,200238.79

CyberShake_500_969.xml
260.53,241096.8
296.57,266276.99
206.65,209574.5
201.76,205878.41

CyberShake_500_970.xml
275.29,248978.81
305.59,272843.3
208.31,209133.47
208.6,201918.61

CyberShake_500_971.xml
274.72,252806.28
297.38,267679.06
209.83,214120.05
204.54,209695.17

CyberShake_500_972.xml
250.3,234116.64
282.53,255086.88
200.82,205209.84
180.92,190028.34

CyberShake_500_973.xml
248.23,226433.06
269.96,244979.97
187.72,191634.45
174.73,174485.68

CyberShake_500_974.xml
217.08,214731.53
257.3,241341.48
183.39,194563.59
180.13,192216.64

CyberShake_500_975.xml
302.12,263534.67
340.15,293974.93
223.04,217517.36
219.87,213486.29

CyberShake_500_976.xml
257.13,237772.89
296.16,263566.37
200.35,202826.75
198.5,201582.49

CyberShake_500_977.xml
248.21,228649.1
270.27,248870.36
190.52,196145.33
192.58,188644.29

CyberShake_500_978.xml
220.11,217616.64
257.02,242143.83
184.54,196215.74
183.59,195664.17

CyberShake_500_979.xml
268.06,246605.84
297.84,266294.77
213.18,215443.68
207.21,209755.84

CyberShake_500_980.xml
300.47,270681.67
338.71,295986.4
226.12,223502.34
223.25,221492.07

CyberShake_500_981.xml
318.2,276838.24
358.1,307994.77
233.46,226334.15
230.74,222439.36

CyberShake_500_982.xml
272.88,244188.14
307.61,271836.65
214.27,210442.86
205.96,204100.92

CyberShake_500_983.xml
260,243179.54
263.3,243270.23
197.64,206059.19
190.27,199549.34

CyberShake_500_984.xml
297.01,271376.44
332.84,295162.43
219.57,220583.68
220.13,220883.83

CyberShake_500_985.xml
268.84,246536.14
299.79,266420.46
214.08,211017.37
196.94,193406.18

CyberShake_500_986.xml
269.47,245115.25
298.27,264109.03
209.03,208128.86
189.99,190214.03

CyberShake_500_987.xml
252.11,242343.11
280.78,261672.24
216.4,218897.44
195.88,205749.52

CyberShake_500_988.xml
318.19,275574.77
354.7,304485.65
232.98,224701.04
229.56,221577.34

CyberShake_500_989.xml
256.04,238170.01
277.86,254182.99
187.79,198261.2
186.03,194729.59

CyberShake_500_990.xml
249.45,236529.97
257.24,241633.88
188.3,197844.09
180.99,193255.98

CyberShake_500_991.xml
289.06,256374.71
303.58,270600.99
215.14,212968.51
202.58,195623.72

CyberShake_500_992.xml
274.96,251442.93
302.66,270677.2
203.64,208451.91
192.42,198417.25

CyberShake_500_993.xml
244.06,236542.46
271.16,254362.63
191.87,201873.56
187.28,198624.52

CyberShake_500_994.xml
251.23,230004.93
291.66,262041.64
197.87,199861.93
195.02,196143.56

CyberShake_500_995.xml
257.72,245305.59
290.51,266554.67
198.45,207015.75
196.93,205498.49

CyberShake_500_996.xml
227.44,221341.22
259.42,241872.28
184.35,196363.28
180.71,193269.52

CyberShake_500_997.xml
253.44,236395.38
286.88,258527.92
206.26,208685.66
188.27,193818.86

CyberShake_500_998.xml
316.74,282464.2
343.71,299776.68
229.34,227070
225.86,224016.55

CyberShake_500_999.xml
264.92,239263.48
296.91,265474.54
198.13,199733.54
192.53,187784.97

CyberShake_500_1000.xml
233.12,219058.09
269.73,247924.55
191.36,196593.81
187.27,191991.24

