LIGO_100_1.xml
1284.09,992702.81
1350.31,1042413.11
955.98,771220.62
736.05,615009.35

LIGO_100_2.xml
1281.3,999146.19
1220.9,957059.05
915.41,742893.05
756.93,632815.32

LIGO_100_3.xml
1268.81,996809.32
1256.86,994298.41
958.25,785324.31
831.87,694778.1

LIGO_100_4.xml
1258.08,978976
1252.14,977072.4
892.66,725191.03
740.54,619817.35

LIGO_100_5.xml
1081.02,873759.08
1305.32,1022393.88
906.56,747174.24
705.45,602254.14

LIGO_100_6.xml
1225.02,959791.14
1203.78,946991.51
892.71,728098.9
800.85,661245.96

LIGO_100_7.xml
1214.4,967340.93
1305.4,1026317.85
919.01,759841.17
801.37,674112.48

LIGO_100_8.xml
1338.59,1036355.8
1383.63,1064760.95
890.09,728696.92
718.87,604076.78

LIGO_100_9.xml
1393.84,1083591.16
1281.2,1007045.88
972.12,792801.84
815.83,680233.57

LIGO_100_10.xml
1333.73,1037337.63
1298.86,1012748.73
908.87,741676.72
692.94,589140.29

LIGO_100_11.xml
1120.13,886995.86
1290.87,1005541.21
889.02,725746.19
671.76,573817.88

LIGO_100_12.xml
1305.46,1030604.53
1209.54,966528.06
846.81,708109.52
686.85,592466.47

LIGO_100_13.xml
1321.41,1032170.52
1156.68,921990.26
978.2,793132.13
894.71,732999.55

LIGO_100_14.xml
1373.65,1056767.03
1200.59,944118.64
998.05,794750
687.33,583768.11

LIGO_100_15.xml
1352.65,1054392.81
1311.52,1025375.49
876.51,724549.81
697.45,597198.65

LIGO_100_16.xml
1381.38,1077186.63
1223.21,972421.08
860.79,715363.8
771.91,653266.65

LIGO_100_17.xml
1382.27,1085979.24
1384.08,1086392.24
1016.42,828947.88
919.81,762043.82

LIGO_100_18.xml
1317.68,1035764.35
1219.04,969372.18
895.56,748376.38
761.31,648791.48

LIGO_100_19.xml
1203.46,949815.09
1377.23,1064828.49
898.06,732649.82
765.56,639606.46

LIGO_100_20.xml
1309.69,1020189.85
1336.23,1038851.75
958.12,774469.48
775.94,648598.55

LIGO_100_21.xml
1327.37,1042460.7
1208.06,961095.3
924.96,760632.25
762.18,648367.38

LIGO_100_22.xml
1235.9,975518.68
1346.1,1050941.48
956.56,780307.64
745.43,631249.86

LIGO_100_23.xml
1308.94,1021621.5
1280.11,1001828.5
882.8,727572.39
687.55,591231.36

LIGO_100_24.xml
1394.75,1080413.26
1324.31,1036873.79
892.62,737892.17
817.54,681699.99

LIGO_100_25.xml
1335.82,1035289.29
1228.22,963777.77
903.5,738359.74
668.1,576253.73

LIGO_100_26.xml
1238.06,986466.05
1356.79,1066651.25
990.84,815258.88
864.78,722890.6

LIGO_100_27.xml
1102.57,878317.32
1286.75,1001008.06
942.3,758458.9
731.47,614382.28

LIGO_100_28.xml
1250.5,989389.59
1264.78,993178.08
930.14,763719.22
775.68,653676.31

LIGO_100_29.xml
1320.82,1028654.41
1386.59,1074162.4
933.55,763954.92
849.74,700473.01

LIGO_100_30.xml
1154.11,908483.04
1238.29,968299.19
897.5,728063.29
712.55,601042.55

LIGO_100_31.xml
1258.79,984993.14
1200.44,946466.83
971.22,783858.29
800.75,661756.12

LIGO_100_32.xml
1398.9,1091570.68
1281.2,1012340.46
869.01,727589.28
703.09,607286.72

LIGO_100_33.xml
1383.13,1074667.38
1297.89,1015920.19
969.54,791614.49
691.81,596378

LIGO_100_34.xml
1382.55,1081815.95
1361.9,1070069.23
852.3,721918.23
790.41,669966.55

LIGO_100_35.xml
1302.41,1022255.48
1231.94,976124.43
884.51,729642.23
748.38,636204.35

LIGO_100_36.xml
1346.31,1054319.71
1344.75,1054917.49
878.44,732115.21
856.75,712207.89

LIGO_100_37.xml
1323.93,1032276.99
1235.7,974723.25
814.72,682911.27
743,627680.17

LIGO_100_38.xml
1304.71,1024256.08
1340.58,1045763.68
764.72,650694.91
725.25,615554.98

LIGO_100_39.xml
1240.4,968787.43
1217.81,952415.2
779.78,655527.05
681.98,579718.04

LIGO_100_40.xml
1361.18,1063642.73
1234.64,982463.08
1003.44,813466.84
794.49,673086.64

LIGO_100_41.xml
1281.84,1018223.39
1336.08,1051373.4
965.28,795456.82
754.72,648417.18

LIGO_100_42.xml
1395.34,1086112.23
1203.6,955932.83
698.55,613095.89
700.68,603342.06

LIGO_100_43.xml
1343.66,1041623.89
1241.31,972391.21
990.61,792097.8
806.61,665026.63

LIGO_100_44.xml
1343.04,1047638.56
1352.85,1055642.18
992.18,805825.59
742.18,632571.16

LIGO_100_45.xml
1111.28,892096.16
1213.8,955228.5
870.89,721377.95
744.22,630826.51

LIGO_100_46.xml
1264.98,987690.88
1212.65,951983.14
838.5,692495.86
746.85,625614.44

LIGO_100_47.xml
1273.45,995732.5
1268.58,993394.54
1117.83,881274.46
775.8,646281.79

LIGO_100_48.xml
1251.13,989674.3
1341.32,1050669.13
847.04,713914.78
848.93,706359.78

LIGO_100_49.xml
1377.48,1073946.9
1267.09,1000296.91
689.78,604530.54
688.86,596887.62

LIGO_100_50.xml
1263.53,984497.93
1231.46,961713.18
1099.48,860321.8
692.7,580829.29

LIGO_100_51.xml
1378.61,1072490.68
1367.57,1064547.61
1023.13,819587.08
759.31,643171.34

LIGO_100_52.xml
1205.93,957541.06
1283.87,1007156.31
959.59,781617.77
712.37,611678.05

LIGO_100_53.xml
1394.08,1075821.03
1228.58,961182.05
816.19,680484.4
748.33,626732.53

LIGO_100_54.xml
1285.92,1012535.5
1300.45,1022557.43
821.06,694673.04
750.1,638889.83

LIGO_100_55.xml
1257.24,989923.73
1213.02,960138.57
983.53,793041.49
712,609393.82

LIGO_100_56.xml
1294.2,1012717.22
1307.31,1023708.9
947.76,769554.52
748.5,633106.58

LIGO_100_57.xml
1391.03,1092170.38
1335.04,1048917.19
1004.1,820425.66
835.92,706809.34

LIGO_100_58.xml
1171.18,925609.56
1178.41,929534.38
898.04,729475.06
645.03,558450.97

LIGO_100_59.xml
1356.46,1052358.98
1313.48,1023733.02
954.05,773680.91
732.94,617974.33

LIGO_100_60.xml
1299.95,1022680.75
1328.99,1039704.61
897.94,749637.32
720.93,618053.58

LIGO_100_61.xml
1269.51,997034.25
1303.99,1022818.35
1203.24,943127.46
723.09,616509.78

LIGO_100_62.xml
1385.45,1074105.43
1287.64,1008341.34
921.66,758999.04
692.88,596151.63

LIGO_100_63.xml
1220.29,962270.22
1254.49,985261.95
918.02,752411.58
742.89,626172.37

LIGO_100_64.xml
1313.98,1031525.53
1208.25,960976.51
822.83,693850.87
810.59,681414.57

LIGO_100_65.xml
1309.48,1036116.48
1360.72,1069671.29
834.35,709899.48
771.05,660121.31

LIGO_100_66.xml
1288.45,1011124.91
1259.9,989338.91
822.2,692140.01
782.48,657300.26

LIGO_100_67.xml
1261.83,993969.5
1368.6,1066307.27
697.72,606891.68
697.39,598333.26

LIGO_100_68.xml
1205.24,937416.99
1341.11,1028010.41
828.96,676592.92
714.9,595393.07

LIGO_100_69.xml
1311.37,1029242.79
1346,1051561.33
901.63,742478.28
689.29,596112.74

LIGO_100_70.xml
1364.31,1055636.88
1284.22,1000943.09
702.82,601718.07
703.13,598456.9

LIGO_100_71.xml
1266.27,991049.66
1199.2,949484.08
909.44,744444.73
710.13,605221.33

LIGO_100_72.xml
1140.97,897653.58
1282.38,991991.94
784,654003.15
742.26,619220.86

LIGO_100_73.xml
1256.3,979801.3
1269.62,985238.48
657.92,568956.94
657.07,562542.68

LIGO_100_74.xml
1277.65,1005357.16
1247.7,984751.22
961.54,784844.16
832.56,693325.51

LIGO_100_75.xml
1326.61,1049859.87
1213.69,971917.47
772.84,667800.71
687.73,602129.81

LIGO_100_76.xml
1120.75,898932.94
1269.86,997934.04
968.06,786674.63
749.96,635191.82

LIGO_100_77.xml
1273.61,1001739.55
1358.36,1058942.26
850.81,710623.9
697.08,601213.63

LIGO_100_78.xml
1290.24,1015584.5
1340.41,1050552.61
973.78,794829.19
838.37,699577.58

LIGO_100_79.xml
1304.09,1031580.95
1289.35,1017703.56
938.69,775584.33
699.45,609535.85

LIGO_100_80.xml
1209.79,959791.28
1252.46,989277.47
922.86,761221.8
763.87,646880.93

LIGO_100_81.xml
1309.87,1027853.25
1283.56,1009058.29
981.2,790628.38
822.22,685649.63

LIGO_100_82.xml
1287.53,1013338.25
1395.02,1079705.38
783.55,665202.92
782.06,658240.88

LIGO_100_83.xml
1169.24,925289.89
1315.59,1024296.27
938.18,762179.93
753.13,633689.79

LIGO_100_84.xml
1367.11,1053171.52
1213.65,950633.51
964.83,773588.9
720.24,604412.57

LIGO_100_85.xml
1359.07,1057637.39
1308.27,1024213.25
844.4,705622.16
789.92,660840.38

LIGO_100_86.xml
1392.23,1082188.47
1227.38,973956.18
973.28,794494.51
804.61,675621.36

LIGO_100_87.xml
1329.81,1046970.74
1323.23,1041776.97
974.26,801492.39
838.09,700981.71

LIGO_100_88.xml
1349.59,1055866.03
1318.65,1030022.94
791.37,674727.84
723.8,618341.93

LIGO_100_89.xml
1254.01,984356.09
1251.34,982264.38
841.37,702778.91
648.8,565293.59

LIGO_100_90.xml
1312.74,1035952.07
1212.66,968023.19
951.11,784061.37
813.52,687692.13

LIGO_100_91.xml
1323.29,1014818.8
1118.08,878679.44
740.92,614616.23
670.42,564436.39

LIGO_100_92.xml
1251.59,970590.57
1305.44,1006730.38
1093.79,859497.21
682.95,576327.88

LIGO_100_93.xml
1351.45,1051098.93
1112.29,890345.82
878.93,724466.2
807.29,671830.73

LIGO_100_94.xml
1305.98,1027165.39
1352.27,1057765
677.22,594852.57
784.82,661631.49

LIGO_100_95.xml
1303.67,1016740.88
1275.58,997735.42
857.97,708757.18
792.77,661521.05

LIGO_100_96.xml
1305.4,1032424.07
1270.4,1008388.82
915.34,760735.97
738.93,634811.47

LIGO_100_97.xml
1158.37,923117.25
1317.85,1029809.13
724,623401.71
678.93,586237.67

LIGO_100_98.xml
1246.77,981460.93
1277.2,1002047.03
877.45,729046.99
775.46,651528.14

LIGO_100_99.xml
1200.1,952576.26
1291.48,1013229.23
927.7,759108.77
683.23,588272.78

LIGO_100_100.xml
1242.44,973300.04
1249.7,975833.52
958.95,770875.22
714.62,604045.29

LIGO_100_101.xml
1146.62,915270.81
1261.29,990005
859.04,712876.11
766.02,645029.55

LIGO_100_102.xml
1212.39,961284.04
1246.97,979059.23
877.41,728514.43
692.84,596452.93

LIGO_100_103.xml
1262.21,986502.72
1130,894398.99
833.31,688036.65
761.77,636098.7

LIGO_100_104.xml
1207.6,958563.24
1381.66,1074231.56
806.09,680981.6
760.76,641335.15

LIGO_100_105.xml
1259.74,990786.71
1335.63,1040711.32
861.79,709052.53
751.98,636870.19

LIGO_100_106.xml
1269.11,996322.01
1318.17,1030785.76
845.17,706400.28
745.03,631439.88

LIGO_100_107.xml
1362.01,1067831.16
1300.89,1029296.41
957.76,789936.61
733.82,632428.17

LIGO_100_108.xml
1345.47,1052581.68
1214.16,963960.93
913.99,756728.34
754.9,640895.08

LIGO_100_109.xml
1188.43,932347.2
1134.88,893875.65
761.6,638261.16
769.09,636492.34

LIGO_100_110.xml
1390.33,1074626.55
1250.65,983848.43
808.64,676773.1
740.58,624684.53

LIGO_100_111.xml
1195.07,942695.27
1283.18,1002468.76
854.29,708954.32
714.92,605903.69

LIGO_100_112.xml
1326.19,1048016.16
1366.07,1067165.29
997.87,814193.01
698.48,608817.91

LIGO_100_113.xml
1325.34,1041215.4
1300.4,1026921.4
925.28,761336.15
663.36,579805.54

LIGO_100_114.xml
1188.51,939927.8
1290.93,1008963.02
897.5,735528.48
843.28,694342.02

LIGO_100_115.xml
1318.62,1035777.56
1303.9,1025417.18
948.08,778696.52
701.5,604838.73

LIGO_100_116.xml
1307.97,1024424.95
1196.74,948740.22
904.95,743516.35
765.22,645891.64

LIGO_100_117.xml
1255.19,983962.82
1187.4,942515.63
990.24,799479.13
717.38,611677.04

LIGO_100_118.xml
1294.58,1016639.09
1323.73,1034280.67
984.07,794580.32
720.49,614794.75

LIGO_100_119.xml
1348.19,1043437.9
1163.35,918819.21
937.09,761167.25
778.2,648312.72

LIGO_100_120.xml
1363.89,1067511.24
1322.91,1043856.3
989.63,807809.22
828.06,696129.1

LIGO_100_121.xml
1347.55,1046370.29
1179.62,935194.18
885.44,724694.37
806.04,669983.69

LIGO_100_122.xml
1342.48,1048456.01
1306.86,1023070.46
903.04,745382.28
697.34,599945.67

LIGO_100_123.xml
1389.59,1086234.92
1316.95,1035467.93
897.87,746256.91
729.63,627207.47

LIGO_100_124.xml
1366.35,1068849.24
1213.53,964108.82
1004.26,814097.56
830.67,691669.22

LIGO_100_125.xml
1205.88,958362.53
1317.25,1033160.81
979.17,799208.7
834.03,693902.12

LIGO_100_126.xml
1240.06,978666.79
1157.23,922002
861.01,711264.91
755.21,637274.32

LIGO_100_127.xml
1255.68,992866.88
1383.85,1075107.87
1001.02,810828.79
739.89,632214.64

LIGO_100_128.xml
1311.45,1020342.45
1350.74,1051532.24
913.56,751489.23
738.3,624477.05

LIGO_100_129.xml
1306.75,1024969.61
1309.27,1028144.47
968.21,788043.48
789.25,663489.77

LIGO_100_130.xml
1353.44,1053230.48
1321.59,1026115.59
891.24,734321.74
685.95,590230.67

LIGO_100_131.xml
1363.73,1062063.43
1301.31,1018437.02
959.16,779639.44
694.13,595624.4

LIGO_100_132.xml
1170.82,936919.35
1273.69,1011577.05
995.5,808610.08
875.21,722093.44

LIGO_100_133.xml
1338.66,1037544.38
1244.86,970219.37
909.07,736740.4
733.22,615887.56

LIGO_100_134.xml
1261.16,994749.58
1339.82,1051015.61
988.26,800127.87
789.88,665864.9

LIGO_100_135.xml
1375.93,1067795.43
1406.68,1091083.27
954.21,776675.63
704.04,602333.32

LIGO_100_136.xml
1266.91,999070.87
1298.9,1017138.96
926.96,759179.26
766.78,648682.46

LIGO_100_137.xml
1182.1,939226.24
1405.15,1088978.04
858.68,714007.52
702.96,602546.58

LIGO_100_138.xml
1333.64,1049520.48
1371.12,1074338.85
901.4,747651.3
686.18,598135.88

LIGO_100_139.xml
1347.9,1054635.86
1246.94,989215
863.06,723615.66
735.45,630039.51

LIGO_100_140.xml
1412.73,1091623.65
1337.15,1040492.8
1020.52,818067.11
755.6,634000.79

LIGO_100_141.xml
1330.28,1051973.07
1282.37,1021224.49
932.09,778440.87
799.3,679649.28

LIGO_100_142.xml
1241.54,987725.15
1400.77,1089673.22
1026.71,835548.33
717.51,620284.61

LIGO_100_143.xml
1229.04,962141.49
1237.34,967804.6
882.65,717879.76
755.01,627281.38

LIGO_100_144.xml
1229.89,963817.29
1357.22,1052592.57
941.53,760773.72
799.67,661789.18

LIGO_100_145.xml
1232.88,960914.43
1266.25,986168.9
876.99,716559.47
755.85,627556.88

LIGO_100_146.xml
1255.44,991851.08
1322.93,1035237.66
929.84,758839.67
745.96,633208.78

LIGO_100_147.xml
1335.64,1041082.84
1244.66,979830.75
965.36,784244.42
817.89,681921.42

LIGO_100_148.xml
1347.1,1051094.23
1350.76,1054699.83
828.1,694020.81
787.9,660360.79

LIGO_100_149.xml
1375.41,1067751.22
1286.37,1009329.83
901.97,739426.82
720.79,613231.45

LIGO_100_150.xml
1300.78,1010261.67
1279.5,998605.5
869.18,710146.74
757.14,632964.81

LIGO_100_151.xml
1160.98,922162.8
1253.25,986242.8
948.65,772117.91
776.8,648361.57

LIGO_100_152.xml
1240.01,968291.57
1373.02,1056107.88
847.36,689181.94
728.77,606514.81

LIGO_100_153.xml
1184.46,932784.77
1329.33,1032221.41
845.74,696709.27
816.36,672197.97

LIGO_100_154.xml
1411.23,1102419.74
1306.45,1031405.92
709.04,624377.09
717.94,620775.78

LIGO_100_155.xml
1365.66,1065336.23
1341.6,1047661.48
888.16,733459.07
754.32,639385.99

LIGO_100_156.xml
1285.88,1008939.48
1211.3,957568.82
924.22,752641.12
766.3,646410.81

LIGO_100_157.xml
1195.7,945619.6
1280.38,998501.65
867.5,715176.73
688.48,588073.61

LIGO_100_158.xml
1315.22,1037941.32
1387.12,1083986.8
907.44,749176.84
758.09,645703.05

LIGO_100_159.xml
1131.5,892378.69
1347.29,1033793.28
724.08,607842.37
680.86,572568.46

LIGO_100_160.xml
1305.19,1025791.46
1292.47,1016591.71
810.32,685032.63
725.92,622425.18

LIGO_100_161.xml
1398.12,1090956.09
1353.5,1059669.66
894.93,744016.64
715.83,619452.31

LIGO_100_162.xml
1252.57,989442.86
1307.79,1025165.31
893.02,739573.73
695.85,599588.62

LIGO_100_163.xml
1379.61,1073626.52
1314.16,1029907.85
939.9,766940.72
811.11,675503.45

LIGO_100_164.xml
1259.54,995943.39
1305.25,1023068.92
932.09,763422.79
776.15,655152.13

LIGO_100_165.xml
1351.76,1056595.48
1332.44,1044887.4
932.28,766608.47
755.06,641527.69

LIGO_100_166.xml
1327.64,1036464.87
1372.42,1065364.96
1000.8,806459.81
702.19,602792.01

LIGO_100_167.xml
1340.21,1044217.89
1229.58,971454.17
910.66,747501.46
816.98,677625.04

LIGO_100_168.xml
1159.44,924347.09
1314.6,1024666.3
958.67,783437.93
824.91,685136.65

LIGO_100_169.xml
1347.6,1062845.23
1305.47,1036482.14
975.21,800987.68
771.97,657726.01

LIGO_100_170.xml
1356.02,1064852.2
1322.41,1042433.83
1082.79,874425.36
832.96,698143.14

LIGO_100_171.xml
1208.87,954377.86
1296.81,1010258.87
811.62,678925.04
708.67,603956.64

LIGO_100_172.xml
1320.46,1038002.96
1178.23,944608.14
946,778067.05
707.2,613575.79

LIGO_100_173.xml
1320.55,1033431.97
1254.14,988308.64
946.52,772530.18
792,665424.1

LIGO_100_174.xml
1240.39,985069.91
1350.61,1055468.09
915.1,759002.8
694.12,602292.2

LIGO_100_175.xml
1324.31,1034292.46
1273.23,999997.31
828.41,692796.94
722.73,612659.94

LIGO_100_176.xml
1157.7,919071.06
1381.95,1071463.75
894.22,736042.47
693.95,595258.78

LIGO_100_177.xml
1332.32,1027876.48
1153.42,906147.51
819.91,673927.25
694.3,584168.22

LIGO_100_178.xml
1296.31,1012591.52
1356.74,1052124.03
1004.47,808626.64
757.93,636250.1

LIGO_100_179.xml
1292.67,1009375.93
1173.96,929922
935.09,760999.26
806.27,665710.09

LIGO_100_180.xml
1329.65,1027469.03
1053.19,845313.3
817.91,676865.72
738.45,619437.73

LIGO_100_181.xml
1209.64,948846.91
1194.98,938409.39
898.88,734272.23
672.91,577115.3

LIGO_100_182.xml
1380.18,1066396.7
1148.92,906424.04
945.92,764145.94
730.53,615700.85

LIGO_100_183.xml
1128.42,897579.86
1340.61,1041328.57
838.05,692474.23
740.4,622991.74

LIGO_100_184.xml
1256.72,996424.04
1368.24,1071533.23
850.53,718637.89
720.89,622861.98

LIGO_100_185.xml
1342.88,1046554.83
1315,1030792.49
770.14,657319.33
671.97,583579.6

LIGO_100_186.xml
1337.82,1039115.95
1176.07,932903.38
984.3,792676.17
896.88,730619.31

LIGO_100_187.xml
1276.78,1004529.14
1362.2,1060537.69
844.46,703799.8
692.46,598226.56

LIGO_100_188.xml
1392.17,1085252.94
1330.92,1043958.76
912.47,752786
812.91,685083.94

LIGO_100_189.xml
1297.29,1024797.9
1337.13,1045940.33
987.59,803739.49
808.82,680214.78

LIGO_100_190.xml
1371.89,1088977.94
1371.43,1089561.41
1022.73,844255.43
723.92,639752.03

LIGO_100_191.xml
1319.34,1031611.7
1348.19,1049455.2
856.6,711438.63
726.61,620516.79

LIGO_100_192.xml
1151.95,917095.9
1176.15,933263.6
879.45,726727.88
664.32,576519.87

LIGO_100_193.xml
1126.85,895667.45
1245.55,975284.1
905.76,732746.41
650.12,562339.1

LIGO_100_194.xml
1402.26,1081239.47
1299.61,1011309.29
885.61,725026.98
702.28,596164.1

LIGO_100_195.xml
1269.22,1010417.27
1302.94,1030507.54
966.53,794158.8
722.11,625084.69

LIGO_100_196.xml
1320.1,1037906.39
1311.92,1035810.38
910.7,755696.32
814.66,683861.89

LIGO_100_197.xml
1354.19,1059306.01
1306.06,1032320.79
974.95,803213.55
702.27,610072.74

LIGO_100_198.xml
1252.5,982352.71
1269.79,988791.36
891.78,730546.99
681.19,583743.89

LIGO_100_199.xml
1320.96,1030230.8
1176.93,936938.29
906.82,746642.9
813.09,675817

LIGO_100_200.xml
1145.76,906759.82
1351.31,1045028.63
904.96,737990.57
710.64,602017.37

LIGO_100_201.xml
1325.02,1035078.3
1279.17,1004656.01
976,788566.9
677.49,587802.56

LIGO_100_202.xml
1236.73,976637.19
1338.62,1043680.53
982.85,795312.2
783.06,658632.63

LIGO_100_203.xml
1184.04,935836.07
1263.04,985065.21
1097.87,868483.38
790.58,656727.81

LIGO_100_204.xml
1365.34,1062463.53
1193.33,947934.73
1030.53,831061.15
773.33,650882.64

LIGO_100_205.xml
1295.65,1018337.24
1307.68,1024166.88
824.09,696121.48
685.15,595078.4

LIGO_100_206.xml
1222.27,959560.48
1231.76,967091.08
976.06,781611.83
734.57,621209.78

LIGO_100_207.xml
1258.17,996186.19
1345.29,1049395.06
798.35,678305.73
687.39,595560.58

LIGO_100_208.xml
1235.47,969258.46
1242.49,975280.7
958.46,770111
650.84,562728.55

LIGO_100_209.xml
1245.47,980410.81
1113.81,890752.95
718.98,617539.78
671.33,579428.91

LIGO_100_210.xml
1298.69,1027431.95
1327.98,1046428.55
917.96,764597.94
808.1,682932.9

LIGO_100_211.xml
1166.01,914817.65
1307.99,1008764.15
980.08,781050.52
756.5,628515.72

LIGO_100_212.xml
1248.84,981957.38
1336.57,1041430.17
978.11,792621.89
742.84,629505.15

LIGO_100_213.xml
1123.33,889213.73
1222.91,955533.31
857.76,702485.7
706.87,596128.51

LIGO_100_214.xml
1255.81,984469.79
1313.64,1021206.73
833.62,689461.07
694.91,590720.34

LIGO_100_215.xml
1357.69,1069711.02
1399.29,1091746.61
867.6,728076.26
829.86,696093.49

LIGO_100_216.xml
1190.96,939069.95
1370.65,1058395.32
934.75,756083.14
770.87,642777.83

LIGO_100_217.xml
1233.55,968962.99
1280.39,1000697.3
940.43,765573.02
821.24,674835.93

LIGO_100_218.xml
1280.25,1006036.13
1209.35,958006.75
1006.67,814253.06
687.13,593553.13

LIGO_100_219.xml
1308.64,1023419.35
1274.85,998345.03
935.88,759541.03
780.42,655945.45

LIGO_100_220.xml
1364.42,1066134.69
1339.85,1049050.34
816.5,685720.37
732.83,624289.6

LIGO_100_221.xml
1311.51,1024776.27
1350.03,1051918.42
1007.57,813952.26
770.43,649411.52

LIGO_100_222.xml
1365.4,1063519.22
1353.94,1053579.54
821.51,688194.88
700.66,600805.98

LIGO_100_223.xml
1237.66,972341.49
1205.01,948108.85
936.82,756662.51
796.1,657964.17

LIGO_100_224.xml
1281.33,1006849.09
1168.44,929705.85
892.97,732081.9
815.28,675209.74

LIGO_100_225.xml
1401.41,1087754.36
1299.38,1019361.61
906.35,747460.53
795.05,668673.14

LIGO_100_226.xml
1225.75,959901.68
1233.89,965427.25
902.97,732761.87
650.45,558376.18

LIGO_100_227.xml
1292.54,1020199.17
1316.61,1038256.29
902.68,752388.33
703.96,612813.22

LIGO_100_228.xml
1339.06,1051207.18
1361.31,1063182.11
996.49,812444.22
774.83,654336.27

LIGO_100_229.xml
1274.47,1002294.57
1380.76,1074975.88
905.37,744338.59
753.3,639399.47

LIGO_100_230.xml
1310.62,1035146.39
1311.32,1031631.61
689.27,611457.01
853.33,711886.81

LIGO_100_231.xml
1233.66,970264.13
1240.5,977898.99
963.63,785091.87
764.49,646729.67

LIGO_100_232.xml
1315.33,1031243.22
1335.06,1043616.46
989.32,802511.81
675.43,587529.02

LIGO_100_233.xml
1351.88,1055616.31
1370.06,1065554.78
689.74,605485.93
689.16,596433.33

LIGO_100_234.xml
1221.4,963544.12
1316.97,1029403.12
928.81,756904.81
691.57,596009.39

LIGO_100_235.xml
1332.2,1044351.81
1356.11,1058417.32
818.07,685841.28
743.66,631797.4

LIGO_100_236.xml
1326.26,1041181.33
1249.06,987670.37
980.95,799658.99
696.08,600557.84

LIGO_100_237.xml
1212.79,952461.66
1179.86,932589.08
1006.65,804606.75
709.83,602325.77

LIGO_100_238.xml
1331.52,1040048.04
1299.13,1014976.87
795.95,671885.61
691.38,591841.59

LIGO_100_239.xml
1124.71,885679.79
1151.39,900381.6
815.02,668225.65
667.32,565132.15

LIGO_100_240.xml
1258.68,980124.47
1310.81,1016711.24
783.67,654885.58
658.74,565092.66

LIGO_100_241.xml
1223.39,967315.85
1297.35,1015005.37
826.98,693084.59
684.5,592805.44

LIGO_100_242.xml
1234.18,977686.53
1324.24,1038940.63
915.89,759977.56
711.85,614248.99

LIGO_100_243.xml
1372.33,1059982.82
1279.18,996493.41
865.05,710597.67
758.82,634443.51

LIGO_100_244.xml
1218.4,955881.26
1231.66,964828.17
960.85,777296.1
837.7,687349.62

LIGO_100_245.xml
1196.09,945587.48
1286.55,1004502.09
864.32,709935.89
669.51,574752.45

LIGO_100_246.xml
1331.53,1045142.83
1380.59,1076940.92
854.49,713736.25
794.69,668734.78

LIGO_100_247.xml
1222.45,965803.44
1371.83,1065893.21
776.81,655321.39
706.94,603590.92

LIGO_100_248.xml
1177.64,939527.93
1335.85,1041490.55
940.58,769362.57
753.61,638020.96

LIGO_100_249.xml
1273.34,993781.45
1212.51,952117.99
888.22,724340.55
782.24,649324.88

LIGO_100_250.xml
1251.34,986504.69
1137.92,910816.32
925.05,758073.8
722.88,617469.33

LIGO_100_251.xml
1353.64,1053162.39
1361.73,1060403.41
1019.3,825920.23
837.89,693962.48

LIGO_100_252.xml
1318.64,1026745.43
1372.29,1064824.98
930.8,759402.36
773,647970.61

LIGO_100_253.xml
1232.66,969435.41
1275.83,995468.84
954.31,772994.83
770.7,645012.36

LIGO_100_254.xml
1296.07,1013055.97
1269.95,989555.44
897.6,739394.49
712.72,607293.11

LIGO_100_255.xml
1356.37,1051752.5
1164.52,924245.47
844.7,700895.16
769.15,644655.69

LIGO_100_256.xml
1244.18,982795.51
1264.52,994750.32
863.8,710906.81
684.46,587077.16

LIGO_100_257.xml
1248.05,976693.26
1323.13,1027561.88
852.24,706847.64
730.5,617160.96

LIGO_100_258.xml
1147.29,901852.14
1310.17,1012216.05
843.28,689368.04
756.14,627193.52

LIGO_100_259.xml
1390.57,1090012.96
1366.85,1074708.52
920.33,766383.06
695.84,608777.43

LIGO_100_260.xml
1305.39,1026343.54
1289.92,1016908.03
746.2,647112.98
679.13,592049.48

LIGO_100_261.xml
1233.92,976708.57
1199.35,954361.46
873.23,728464.37
728.81,623762.57

LIGO_100_262.xml
1171.8,928954.89
1342.8,1042849.39
942.79,766961.14
766.48,642760.8

LIGO_100_263.xml
1306.88,1024449.65
1116.45,895209.02
900.3,738485.27
745.32,632758.68

LIGO_100_264.xml
1331.55,1046207.93
1389.04,1085226.43
876.87,730352.58
750.5,641345.22

LIGO_100_265.xml
1192.67,944451.47
1294.11,1011950.61
955.21,779076.38
687.46,593090.31

LIGO_100_266.xml
1216.37,963888.85
1346.46,1051598.38
946.8,772183.43
822.7,684975.74

LIGO_100_267.xml
1253.34,976890.59
1287.5,1003344.13
890.73,723617.48
647.89,556722.43

LIGO_100_268.xml
1376.25,1076727.84
1210.36,967827.47
851.18,716514.87
698.95,609476.56

LIGO_100_269.xml
1164.13,933355.9
1243.26,985291.58
1026.72,832212.23
771.95,655776.53

LIGO_100_270.xml
1124.92,898169.25
1290.29,1007977.45
930.03,755421.46
760.63,636170.64

LIGO_100_271.xml
1309.67,1016571.89
1240.76,970932.08
892.68,729222.69
683.07,579509.45

LIGO_100_272.xml
1320.99,1029944.11
1200.6,949384.3
883.55,729405.21
721.95,615100.88

LIGO_100_273.xml
1312.13,1026690.65
1362.15,1060261.74
1051.63,841067.95
748.68,632358.58

LIGO_100_274.xml
1402.87,1087677.25
1361.7,1058039.81
843.6,699269.32
749.45,629893.99

LIGO_100_275.xml
1366.96,1057845.95
1364.53,1056354.53
937.94,758332.31
697.73,594743.45

LIGO_100_276.xml
1218.87,965133.7
1226.51,969778.24
981.12,796290.19
829.74,689279.69

LIGO_100_277.xml
1268.81,995714.55
1217.61,959803.51
917.69,747071.27
694.85,595469.78

LIGO_100_278.xml
1298.25,1020408.24
1315.48,1031354.79
957.76,781848.89
708.74,607954.76

LIGO_100_279.xml
1345.73,1045127.82
1321.45,1037003.04
978.13,797412.12
708.58,608538.15

LIGO_100_280.xml
1322.97,1034191.84
1293.73,1015435.73
835.99,698759.76
719.23,615264.61

LIGO_100_281.xml
1341.96,1049230.65
1291.4,1014957.44
1007.14,814281.31
898.2,735330.51

LIGO_100_282.xml
1365.86,1068855.95
1390.09,1086979.9
1011.6,827778.21
832.54,699148.82

LIGO_100_283.xml
1194.16,936420.43
1287.4,1000703.22
890.95,724418.15
836.42,684717.42

LIGO_100_284.xml
1339.98,1046056.26
1300.51,1022453.99
1020.18,823032.39
717.48,615763.42

LIGO_100_285.xml
1253.72,985335.81
1357.76,1052857.22
840.02,695058.16
685.22,588589.55

LIGO_100_286.xml
1311.03,1020757.49
1306.64,1018211.4
848.89,700949.32
701.23,597516.85

LIGO_100_287.xml
1153.04,921323.82
1291.35,1008180.29
895.03,735174.22
688.82,591747.29

LIGO_100_288.xml
1320.89,1032676.09
1268.55,994835.99
957.2,777872.83
733.96,624754.72

LIGO_100_289.xml
1354.62,1067560.1
1348.58,1065541.87
991.43,814561.21
701.47,614699.97

LIGO_100_290.xml
1267.76,996474.84
1325.81,1035916.51
924.85,754544.43
712.69,608443.34

LIGO_100_291.xml
1389.28,1086728.44
1354.12,1064371.84
702.96,618068.47
702.47,610848.85

LIGO_100_292.xml
1330.37,1037261.98
1251.06,984909.2
866.27,711579.05
793.68,660141.42

LIGO_100_293.xml
1194.7,933235.14
1179.56,925003.72
797.75,659917.03
751.26,625645.04

LIGO_100_294.xml
1371.93,1066505.35
1368.11,1066041.69
992.37,799903.21
821.62,681945.31

LIGO_100_295.xml
1263.19,996551.74
1211.92,961281.45
873.88,722440.67
715.99,615086.41

LIGO_100_296.xml
1333.18,1038321.79
1281.75,1004042.57
809.71,679475.76
703.99,601190.93

LIGO_100_297.xml
1290.19,1014459.92
1330.18,1039864.86
814.03,685742.44
684.34,594210.35

LIGO_100_298.xml
1317.74,1019118.17
1273.07,988206.66
749.07,628571.9
745.55,621614.58

LIGO_100_299.xml
1290.55,1007081.09
1298.97,1011657.94
932.77,760685.8
735.63,621969.03

LIGO_100_300.xml
1355.4,1060944.07
1179.25,945240.73
790.19,672651.78
703.1,608877.95

LIGO_100_301.xml
1310.96,1014033.42
1282.92,996825.72
835.39,689083.03
685.4,581943.13

LIGO_100_302.xml
1189.97,943363.09
1298.71,1017077.87
949.15,772074.03
676.98,585869.31

LIGO_100_303.xml
1303.01,1012385.17
1309.25,1020532.82
667.02,578856.72
704.59,598223.98

LIGO_100_304.xml
1317.33,1043544.42
1341.82,1059788.24
697.82,618507.77
750.47,646836.89

LIGO_100_305.xml
1334.41,1038127.65
1209.34,952181.73
961.97,778062.6
704.15,600828.45

LIGO_100_306.xml
1376.41,1070614.8
1328.65,1038379.18
818.44,688140.27
691.87,596855.1

LIGO_100_307.xml
1278.69,1006393.17
1357.8,1058710.28
801.79,675765.65
767.94,648155.87

LIGO_100_308.xml
1279.7,1003862.48
1295.04,1014517.74
896.46,734080.86
651.62,566764.11

LIGO_100_309.xml
1253.49,988512.22
1308.4,1024943.22
979.14,793793.2
826.21,689803.32

LIGO_100_310.xml
1240.22,972929.37
1303.33,1014421.69
933.58,752694.26
740.35,624334.55

LIGO_100_311.xml
1273.28,998232.82
1317.27,1021379.55
1028.44,818525.79
681.06,584918.38

LIGO_100_312.xml
1237.04,970257.65
1222.64,958355.45
868.42,714573.38
747.39,627887.73

LIGO_100_313.xml
1301.37,1025605.78
1406.44,1098920.73
1006.92,822971.84
826.83,695182.12

LIGO_100_314.xml
1269.21,994816.98
1321.69,1030314.53
840.14,699607.2
703.84,604871.16

LIGO_100_315.xml
1377.57,1073575.91
1373.06,1068931.31
932.94,764928.05
805.24,673531.29

LIGO_100_316.xml
1319.95,1028693.93
1159.32,917557.98
1182.77,919739.23
780.49,650194.74

LIGO_100_317.xml
1318.57,1034057.15
1226.99,969043.06
925.44,759593.86
756.14,639477.73

LIGO_100_318.xml
1140.73,905507.11
1260.58,985346.03
871.92,712559.12
676,579538.91

LIGO_100_319.xml
1356.04,1057440
1252.31,988698.91
998.62,808441.33
798.32,669309.69

LIGO_100_320.xml
1295.57,1015189.56
1337.75,1041146.44
934.83,765770.57
792.45,664088.49

LIGO_100_321.xml
1384.3,1082753.54
1184.54,948106.16
900.29,749137.49
791.85,670980.51

LIGO_100_322.xml
1198.42,952600.35
1284.15,1010828.12
886.5,730837.93
839.3,696567.72

LIGO_100_323.xml
1358.27,1051155.9
1338.86,1042121.98
1088.51,863075.26
765.99,641695.54

LIGO_100_324.xml
1381.17,1078683.97
1311.32,1029494.71
838.55,702939.65
721.75,621157.04

LIGO_100_325.xml
1329.3,1038578.83
1192.33,945845.67
926.58,758034.02
685.59,591189.52

LIGO_100_326.xml
1394.47,1081748.25
1335.53,1043324.92
868.65,724536.22
754.82,641427.57

LIGO_100_327.xml
1249.94,993511.09
1301.95,1025222.39
958.75,789128.67
730.53,629125.09

LIGO_100_328.xml
1137.12,908184.46
1229.58,972308.33
989.56,798591.48
706.4,605476.65

LIGO_100_329.xml
1274.19,995490.27
1360.05,1056171.1
815.44,673733.38
703.52,598726.88

LIGO_100_330.xml
1297.55,1012192.18
1365.99,1056434.73
1012.62,811148.93
708.86,601076.51

LIGO_100_331.xml
1332.6,1029492.56
1361.69,1046107.28
740.06,623586.39
688.61,582563

LIGO_100_332.xml
1341.49,1058073.76
1385.65,1083989.44
886.43,735980.42
697.81,607426.53

LIGO_100_333.xml
1250.71,982295.43
1326.86,1033514.36
724.13,620773.54
663.83,573078.79

LIGO_100_334.xml
1194.52,948577.67
1280.35,1006875.37
947.53,769339.73
695.85,597648.42

LIGO_100_335.xml
1278.91,1004701.68
1332.26,1042328.9
943.31,775142.06
819.87,685866.25

LIGO_100_336.xml
1398.81,1079942.35
1228.82,961099.65
984.91,792858.5
841.42,692337.58

LIGO_100_337.xml
1316.1,1041695.85
1295.76,1028568.75
950.57,786494.28
714.16,621723.85

LIGO_100_338.xml
1229.45,973013.67
1318.47,1033865.11
937.22,766040.45
728.56,622347.97

LIGO_100_339.xml
1342.63,1048803.75
1355.92,1060607.69
950.24,779311.23
833.46,693093.88

LIGO_100_340.xml
1125.53,900363.61
1336.64,1042241.8
900.99,741106.92
704.43,603274.78

LIGO_100_341.xml
1232.16,970090.69
1344.17,1042658.21
810.79,676899.7
680.6,583396.59

LIGO_100_342.xml
1239.46,971501.01
1286.18,1003700.6
746.05,634926.91
720.56,609045.93

LIGO_100_343.xml
1293.52,1020557.81
1405.94,1095467.85
923.26,763396.85
705.24,610656.14

LIGO_100_344.xml
1341.92,1046057.08
1229.5,967860.51
935.13,767206.06
774.37,652040.01

LIGO_100_345.xml
1297.24,1022154.45
1388.62,1083260.81
921.01,761497.47
729.24,625360.76

LIGO_100_346.xml
1241.6,975764.6
1364.66,1059666.2
995.56,799162.08
842.66,692721.7

LIGO_100_347.xml
1221.4,958723.05
1258.54,984247.46
833.62,690571.89
747.1,628929.78

LIGO_100_348.xml
1340.75,1043885.21
1346.7,1048916.24
930.83,761489.84
694.55,597561.25

LIGO_100_349.xml
1145.51,909309.28
1306.76,1019153.27
967.94,776352.75
686.94,590165.9

LIGO_100_350.xml
1289.32,1020722.88
1305.69,1034342.29
934.53,778158.62
692.71,607629.5

LIGO_100_351.xml
1336,1035867.41
1243.9,972113.17
691.87,597679.55
698.97,591388.01

LIGO_100_352.xml
1352.38,1076709.62
1340.03,1066455.85
1000.92,820077.39
764.22,657845.08

LIGO_100_353.xml
1382.2,1073369.61
1298.34,1012442.21
1012.21,815617.88
720.79,612712.12

LIGO_100_354.xml
1257,986038.86
1336.14,1038110.32
936.18,762691.57
744.94,629096.01

LIGO_100_355.xml
1372.5,1067999.02
1305.88,1027123.53
850.57,711567.89
755.97,642093.4

LIGO_100_356.xml
1403.01,1095621.25
1230.29,977791.49
904.99,745965.92
738.52,633295.92

LIGO_100_357.xml
1355.22,1064332.66
1369.23,1077437.74
885.94,743962.43
745.16,641295.77

LIGO_100_358.xml
1230.78,975040.5
1310.56,1026590.97
892.26,733870.47
755.27,635736.69

LIGO_100_359.xml
1372.05,1067163.8
1292.35,1013646.29
856.3,714458.52
800.18,670678.86

LIGO_100_360.xml
1138.38,907692.58
1283.81,1007605.78
946.72,773205.63
768.17,648585.67

LIGO_100_361.xml
1290.49,1017079.37
1312.74,1032013.22
947.85,775446.22
782.97,660441.31

LIGO_100_362.xml
1349.4,1057860
1331.32,1044851.18
931.84,766607.06
717.19,619455.34

LIGO_100_363.xml
1344.25,1044401.05
1287.62,1009229.01
849.33,699259.73
679.3,584410.76

LIGO_100_364.xml
1244.66,978637.1
1250.62,982074.83
951.71,772312.91
751.55,634047.91

LIGO_100_365.xml
1219.37,962079.98
1327.58,1035661.42
961.39,778608.85
761.45,641812.01

LIGO_100_366.xml
1282.13,1007461.62
1305.02,1019760.42
953.98,772969.44
748.45,632496.61

LIGO_100_367.xml
1351.27,1049500.85
1328.46,1035019.32
952.59,775429.81
764.36,643203.11

LIGO_100_368.xml
1349.03,1053775.91
1367.08,1063531.71
850.25,707924.05
781.17,657541.79

LIGO_100_369.xml
1287.32,996496.21
1217.61,953401.2
1078.6,848478.49
732.84,614935.85

LIGO_100_370.xml
1210.97,951328.89
1331.08,1033810.28
894.49,730648.38
700.11,596271.63

LIGO_100_371.xml
1317.54,1028383.7
1270.26,1000633.95
919.86,759881.77
848.65,704475.57

LIGO_100_372.xml
1130.83,884802.97
1303.04,1000223.51
866.89,698468.44
822.78,663368.21

LIGO_100_373.xml
1307.62,1026770.41
1259.23,989257.87
980.09,796424.52
802.73,668249.99

LIGO_100_374.xml
1379.92,1090148.22
1404.89,1107088.66
984.48,818938.29
702.88,620374.65

LIGO_100_375.xml
1282.24,1009979.67
1327.69,1038555.34
1151.68,912233.58
787.55,662542.06

LIGO_100_376.xml
1345.41,1067221.68
1339.09,1065476.81
988.73,822009.73
814.21,695891.94

LIGO_100_377.xml
1309.69,1034992.6
1297.9,1029509.97
955.54,790530.68
698.46,612591.02

LIGO_100_378.xml
1354.19,1062535.8
1304.5,1029672.12
919.52,763270.72
685.86,601121.35

LIGO_100_379.xml
1206.95,951683.86
1304.61,1016780.9
986.97,794294.74
806.51,669504.3

LIGO_100_380.xml
1168.56,919038.05
1381,1066059.78
879.8,720809.63
786.49,653166.66

LIGO_100_381.xml
1162.32,932731.32
1396.08,1086744.96
936.74,770895.96
779.32,658405.42

LIGO_100_382.xml
1324.97,1041597.53
1318.36,1039680.45
898.78,753529.67
821.87,690297.53

LIGO_100_383.xml
1180.95,926334.99
1211.62,945577.44
873.23,710837.89
800.46,658079.93

LIGO_100_384.xml
1193.79,948673.59
1334.73,1044534.86
937.48,769956.14
703.22,605966.78

LIGO_100_385.xml
1296.46,1003701.72
1054.09,840926.72
899.12,727218.6
739.98,614896.56

LIGO_100_386.xml
1373.55,1077120.16
1330.09,1042801.53
978.29,801771.04
907.88,748193.12

LIGO_100_387.xml
1269.06,996333.61
1286.06,1004095.4
963.75,776136.23
750.24,629688.63

LIGO_100_388.xml
1155.55,914766.14
1342.54,1040425.89
943.66,764986.54
808.18,669516.16

LIGO_100_389.xml
1289.93,1015530.23
1322.93,1038051.03
704.59,612979.85
829.56,693365.07

LIGO_100_390.xml
1264.54,996113.37
1365.25,1061810.77
959.7,784126.72
822.61,684299.51

LIGO_100_391.xml
1299.34,1020562.19
1334.78,1045959.29
910.22,749972.9
700.9,603623.87

LIGO_100_392.xml
1227.27,956724.78
1212.73,943493.26
908.34,732460.45
679.83,577222.25

LIGO_100_393.xml
1344.69,1052543.63
1272.43,1001154.43
839.21,702856.81
710.32,612466.57

LIGO_100_394.xml
1323.17,1040657.09
1338.22,1047890.55
965.79,786081.35
824.63,688677.84

LIGO_100_395.xml
1366.56,1073969.29
1344.37,1058228.48
899.49,756063.32
701.83,613436.74

LIGO_100_396.xml
1238.72,968883.13
1371.68,1057961.02
798.76,668402.25
737.1,619490.6

LIGO_100_397.xml
1326.31,1038121.83
1348.74,1053924.81
982.9,796175.01
808.94,678353.85

LIGO_100_398.xml
1139.02,904250.91
1355.69,1051598.64
848.13,705819.13
747.56,630137.17

LIGO_100_399.xml
1316.29,1025605.74
1294.38,1012584.79
981.38,796140.85
787.93,660973.22

LIGO_100_400.xml
1310.9,1037141.93
1311.64,1036802.62
961.69,790095.61
704.21,615611.25

LIGO_100_401.xml
1295.71,1011495.11
1266.67,995646.56
804.71,675976.34
698.05,597933.14

LIGO_100_402.xml
1209.4,955919.59
1407.27,1088658.09
981.85,794733.04
717.49,612364.55

LIGO_100_403.xml
1301.94,1024286.15
1342.05,1054436.77
959.21,782874.25
730.3,626228.13

LIGO_100_404.xml
1172.1,925269.31
989.92,803456.31
860.79,707398.66
773.72,645038.64

LIGO_100_405.xml
1390.13,1082072.26
1369.26,1067618.56
696.03,605264.07
697.28,601197.55

LIGO_100_406.xml
1245.98,969959.93
1169.33,914877.87
941.03,752134.44
736.76,616727.89

LIGO_100_407.xml
1335.71,1032466.64
1322.79,1023813.1
960.96,765926.76
793.68,653880.5

LIGO_100_408.xml
1195.65,945784.53
1315.84,1027829.98
949.44,775747.77
781.7,656660.12

LIGO_100_409.xml
1361.8,1052920.87
1165.39,919209.72
1018.05,811201.86
762.35,632309.35

LIGO_100_410.xml
1309.18,1027457.14
1297.86,1019185.29
867.89,719531.95
782.35,656514.91

LIGO_100_411.xml
1302.44,1005129.34
1395.08,1066537.43
772.91,643165.12
721.41,602578.7

LIGO_100_412.xml
1157.03,925270.21
1194.43,949632.42
959.84,781969.17
816.18,682485.04

LIGO_100_413.xml
1164.87,910924.61
1280.18,988998.07
733.05,610769.1
674.85,567353.9

LIGO_100_414.xml
1297.78,1016518.91
1250.52,983221.83
676.5,588753.08
674.99,581770.54

LIGO_100_415.xml
1204.16,948427.67
1226.16,965711.14
959.77,774008.02
781.44,649521.9

LIGO_100_416.xml
1341.91,1049605.68
1355.52,1058186.7
882.55,728598.12
767.58,650428.87

LIGO_100_417.xml
1304.19,1015116.39
1271.25,992546.61
963.88,777874.15
755.8,632309

LIGO_100_418.xml
1250.56,982024.83
1280.37,1002107.55
902.81,740627.57
731.4,619374.38

LIGO_100_419.xml
1293.54,1010152.05
1353.24,1054182.2
948.06,770785.13
823.24,683009.98

LIGO_100_420.xml
1368.08,1066930.18
1285.91,1008651.51
967.7,783476.12
699.6,600347.46

LIGO_100_421.xml
1230.4,960260.72
1236.36,964662.61
742.48,626471.24
684.77,582837.79

LIGO_100_422.xml
1301.78,1013591.53
1269.97,992854.07
885.93,726901.05
651.83,565785.97

LIGO_100_423.xml
1321.36,1034135.79
1318.4,1033083.35
917.75,752717.13
719.33,615270.82

LIGO_100_424.xml
1386.49,1085228.31
1384.84,1081897.92
793.64,680058.76
694.38,604062.87

LIGO_100_425.xml
1375.44,1066453.79
1267.52,990763.96
931.63,755596.24
750.88,630301.75

LIGO_100_426.xml
1362.22,1062290.28
1257.74,991047.92
941.92,769223.65
878.93,723355.63

LIGO_100_427.xml
1274.16,996205.24
1278.61,999399.5
676.42,589180.55
676.45,579897.89

LIGO_100_428.xml
1324.29,1043240.97
1324.37,1042993.14
992.63,815720.73
815.31,688665.13

LIGO_100_429.xml
1402.72,1088702.53
1308.77,1025296.37
867.94,720900.9
705.62,606882.65

LIGO_100_430.xml
1268.86,1000507.01
1311.62,1025845.91
953.83,776766.33
734.39,625920.75

LIGO_100_431.xml
1369.89,1062265.19
1236.31,971240.64
876.76,724343.87
794.17,662325.61

LIGO_100_432.xml
1263.74,1005397.82
1323.78,1047217.49
853.81,718757.49
821.09,690554.76

LIGO_100_433.xml
1214.97,952061.41
1249.85,978315.22
863.23,708219.83
820.09,676207.46

LIGO_100_434.xml
1327.41,1040956.76
1334.23,1046660.44
932.92,768076.35
779.66,659765.3

LIGO_100_435.xml
1359.92,1067028.87
1227.62,977002.16
965.32,794863.32
713.33,617238.29

LIGO_100_436.xml
1308.38,1026810.31
1167.34,930853.65
950.45,783912.4
778.2,658749.5

LIGO_100_437.xml
1294.32,1005890.84
1345.3,1039680.52
877.68,717775.14
707.5,598727.04

LIGO_100_438.xml
1362.78,1065336.69
1352.84,1059078.4
962.78,791751.7
695.16,602626.33

LIGO_100_439.xml
1118.73,888335.35
1227.44,960964.11
861.64,708420.16
650.17,560767.23

LIGO_100_440.xml
1125.23,886937.14
1183.27,925750.41
933.68,747808.06
772.41,634989.35

LIGO_100_441.xml
1316.68,1048099.53
1325.85,1052321.73
921.39,775240.01
737.68,642307.8

LIGO_100_442.xml
1338.74,1049464.63
1198.23,953318.14
973.63,795878.09
728.05,625938.63

LIGO_100_443.xml
1176.25,928192.51
1365.71,1056202.05
954.49,770745.64
827.28,682475.95

LIGO_100_444.xml
1246.04,994439.51
1363.68,1072509.15
841.84,711996.55
682.8,597485.65

LIGO_100_445.xml
1298.87,1020779.72
1329.22,1041928.09
968.48,790795.62
739.06,631870.77

LIGO_100_446.xml
1230.33,978045.14
1318.62,1035762.15
704,611565.21
693.95,602469.64

LIGO_100_447.xml
1174.12,938164.66
1387.78,1081792.08
900.19,749141.15
718.78,619227.75

LIGO_100_448.xml
1262.45,994306.03
1270.4,998712.07
768.85,652052.11
669.45,578294.11

LIGO_100_449.xml
1370.03,1062665.48
1254,985297.2
953.97,771040.04
803.57,668444.96

LIGO_100_450.xml
1402.31,1088875.82
1324.12,1036795.41
943.42,773153.7
701.73,603470.2

LIGO_100_451.xml
1362.85,1057931.94
1164.6,925263.49
924.23,754737.92
804.26,668679.79

LIGO_100_452.xml
1289.62,1010511.84
1264.62,992746.49
670.65,580170.45
671.35,575666.33

LIGO_100_453.xml
1310.41,1024652.64
1391.23,1077786.25
816.87,679876.57
701.4,598857.93

LIGO_100_454.xml
1313.6,1024845.66
1169.16,929312.33
980.58,791825.49
832.32,690551.59

LIGO_100_455.xml
1297.87,1026536.44
1343.06,1057226.43
980.06,803039.7
838.25,702887.84

LIGO_100_456.xml
1301.85,1020423.97
1268.17,994371.33
1202.7,943156.58
819.43,681604.97

LIGO_100_457.xml
1308.19,1020217.38
1297.29,1010943.65
861.23,707785.76
771.33,644031.16

LIGO_100_458.xml
1309.97,1021526.88
1265.43,993716.64
965.1,781544.12
734.55,621892.73

LIGO_100_459.xml
1224.9,969610.16
1233.44,977813.21
868.92,722842.58
686.15,595193.24

LIGO_100_460.xml
1253.23,985049.04
1291.15,1009023.45
950.07,775552.41
773.48,647014.19

LIGO_100_461.xml
1168.36,927567.23
1309.09,1020774.09
913.09,748411.75
730.66,619192.46

LIGO_100_462.xml
1388.32,1091080.94
1326.51,1046063.9
887.74,748875.07
700.91,613493.06

LIGO_100_463.xml
1380.47,1069940.94
1305.51,1013506.66
957.62,775838.71
784.23,653526.21

LIGO_100_464.xml
1303.33,1017733.43
1287.53,1005433.52
976.13,790314.71
791.79,658671

LIGO_100_465.xml
1193.15,939678.7
1297.01,1007743.51
865.36,707478.01
690.51,584610.15

LIGO_100_466.xml
1287.41,1002109.09
1275.28,995777.33
915.94,746592.44
810.04,670935.67

LIGO_100_467.xml
1327,1040690.77
1272.83,1003597
872.34,729599.42
790.13,666119.42

LIGO_100_468.xml
1313.1,1023543.9
1292.7,1008216.13
913.59,748915.09
749.24,632734.31

LIGO_100_469.xml
1356.51,1058982.65
1347.42,1052528.55
700.78,612817.66
696.77,601567.28

LIGO_100_470.xml
1385.67,1070375.67
1347.76,1049647.22
899.22,739488.24
717.94,614064.99

LIGO_100_471.xml
1297.38,1006206.12
1265.6,985377.76
879.59,718773.24
738.67,617915.23

LIGO_100_472.xml
1246.15,986603.18
1351.68,1055368.29
955.92,781619.13
676.51,589621.65

LIGO_100_473.xml
1319.45,1031573.4
1341.87,1048829.02
816.28,685027.66
680.83,589135.5

LIGO_100_474.xml
1390.64,1068551.37
1128.99,890853.46
841.34,692636.35
711.3,599642.37

LIGO_100_475.xml
1209.16,949583.59
1329.24,1033298.86
770.39,649110.3
676.63,581255.2

LIGO_100_476.xml
1298,1016983.74
1352.58,1050593.02
769.26,651231.07
783.5,655795.99

LIGO_100_477.xml
1178.6,940263.72
1329.75,1041513.67
919.66,754373.81
685.4,593673.82

LIGO_100_478.xml
1325.54,1044242.02
1305.16,1034039.93
896.89,752396.51
695.52,608311.73

LIGO_100_479.xml
1231.35,964080.79
1298.51,1008887.92
887.45,724104.7
703.19,593296.63

LIGO_100_480.xml
1384.86,1075567.33
1353.3,1057697.74
810.7,684386.79
692.9,597743.73

LIGO_100_481.xml
1276.82,1000503.16
1284.18,1003390.49
913.74,746448.28
740.58,625558.25

LIGO_100_482.xml
1265.34,999919.64
1300.51,1022521.43
909,746215.43
786.94,662337.94

LIGO_100_483.xml
1154.3,911299.34
1235.17,961595.49
826.15,681772.63
775.65,642451.06

LIGO_100_484.xml
1208.36,950364.86
1282.76,1000870.48
958.94,770503.27
685.12,584483.9

LIGO_100_485.xml
1281.4,1004647.7
1321.13,1034121.87
934.53,765388.3
661.24,572541.82

LIGO_100_486.xml
1400.11,1086784.44
1117.05,897618.93
809.54,680139.35
702.27,604329.92

LIGO_100_487.xml
1282.22,997215.29
1137.55,899270.99
1172.32,915778.57
740.62,621205.29

LIGO_100_488.xml
1148.44,906445.11
1224.99,959699.01
850.81,700402.42
685.28,582927.99

LIGO_100_489.xml
1311.43,1030384.51
1233.42,976515.28
963.75,790076.42
801.69,673425.79

LIGO_100_490.xml
1353.95,1055810.32
1325.64,1038928.91
972.1,790181.09
731.45,627893.77

LIGO_100_491.xml
1212.21,954073.52
1354.1,1053099.39
963.7,780350.04
807.54,671554.14

LIGO_100_492.xml
1279.18,994184.15
1208.29,944555.47
899.69,726815.92
740.55,619137.66

LIGO_100_493.xml
1305.23,1027678.09
1356.78,1062480.9
1018.4,820073.55
798.6,674321.1

LIGO_100_494.xml
1357.84,1048661.35
1169.84,925280.84
840.86,696879.03
699.98,597242.71

LIGO_100_495.xml
1276.2,1002570
1374.53,1067636.53
855.39,708776.7
739.74,626761.13

LIGO_100_496.xml
1346.09,1048728.64
1215.68,961833.19
853.35,706838.92
684,589130.78

LIGO_100_497.xml
1134.71,900329.56
1214.02,952434.98
794.8,662145.28
691.75,589710.73

LIGO_100_498.xml
1371.09,1069795.7
1300.33,1024449.92
755.3,649291.21
700.49,605541.44

LIGO_100_499.xml
1358.58,1058789.93
1187.48,940975.78
963.69,785370.85
694.15,596694.74

LIGO_100_500.xml
1320.74,1032416.88
1350.01,1049438.52
835.05,695386.73
709.32,606944.28

LIGO_100_501.xml
1184.71,943053.74
1317.96,1033524.27
667.57,591813.6
667.31,582347.13

LIGO_100_502.xml
1361.23,1058580.62
1296,1012682.96
812.86,684542.68
699.56,600932.52

LIGO_100_503.xml
1319.18,1034022.35
1325.06,1045890.17
974.97,799884.88
756.8,643132.46

LIGO_100_504.xml
1187.94,942741.98
1212.21,959287.6
911.59,747439.61
715,610144.79

LIGO_100_505.xml
1287.5,1004912.99
1289.97,1002627.8
959.58,772348.75
692.82,589242.63

LIGO_100_506.xml
1304.86,1027083.05
1349.69,1058629.11
933.36,773290.96
731.85,628451.7

LIGO_100_507.xml
1306.96,1028940
1367.48,1072703.32
910.69,755280.62
693.83,604852.99

LIGO_100_508.xml
1259.19,1002844.54
1373.79,1076813.38
961.63,794226.13
687.91,603303.23

LIGO_100_509.xml
1340.77,1044006.51
1293.12,1009080.81
852.31,703494.63
722.09,613875.52

LIGO_100_510.xml
1351.84,1051497.9
1244.11,981655.73
785.42,664224.02
690.21,595082.88

LIGO_100_511.xml
1297.25,1021353.23
1359.07,1059053.37
900.6,744133.45
750.64,636582.14

LIGO_100_512.xml
1354.68,1062603.39
1228.05,972551.01
958.95,786643.09
689.85,600297.35

LIGO_100_513.xml
1320.53,1039611.24
1402.55,1088584.68
899.83,748781.4
704.83,608002.83

LIGO_100_514.xml
1140.56,906505.47
1319.33,1028102.26
947.09,767094.59
840.65,692086.68

LIGO_100_515.xml
1381.28,1083806.91
1331.22,1048822.42
975.43,799507.13
700.77,613614.3

LIGO_100_516.xml
1302.63,1028118.88
1185.28,946336.53
975.19,797676.47
812.54,682998.92

LIGO_100_517.xml
1344.86,1041616.14
1164.74,921246.25
952.55,770821.07
777.11,650539.78

LIGO_100_518.xml
1178.88,938803.23
1300.44,1017896.22
928.85,757666.83
695.85,599490.93

LIGO_100_519.xml
1346.97,1055447.66
1368.63,1068335.02
922.93,757651.93
798.03,671148.68

LIGO_100_520.xml
1244.69,969579.02
1310.36,1013748.49
957.96,772039.15
695.59,586920.23

LIGO_100_521.xml
1408.98,1098311.88
1316.23,1036057.92
984.46,806496.35
771.19,656547.02

LIGO_100_522.xml
1339.95,1050143.78
1198.56,952300.85
955.54,781429.84
845.52,702669.7

LIGO_100_523.xml
1389.97,1077178
1324.5,1036995.14
896.23,740281.16
696.83,599793.93

LIGO_100_524.xml
1356.91,1057226.91
1125.09,901484.26
985.58,795151.04
752.86,637309.77

LIGO_100_525.xml
1312.08,1014272.06
1228.47,954981.66
850.39,694172.47
697.34,587717.47

LIGO_100_526.xml
1309.35,1016858.49
1229.51,960375.65
1118.51,876855.8
720.98,607862.19

LIGO_100_527.xml
1271.52,997982.7
1386.32,1076114.06
1000.78,803969.54
768.09,641997.26

LIGO_100_528.xml
1185.96,935920.59
1286.27,1002466.58
892.83,729971.08
776.82,647103.51

LIGO_100_529.xml
1297.88,1006147.87
1125.8,893572.37
1135.3,885298.57
727.09,609339.66

LIGO_100_530.xml
1200.89,946849.7
1244.46,975286.16
934.46,759034.87
765.82,639687.78

LIGO_100_531.xml
1293.67,1000923.18
1273.53,986156.06
938.5,753925.87
766.88,634782.71

LIGO_100_532.xml
1383.19,1074347.13
1372.92,1064948.52
926.92,758679.09
767.54,645384.83

LIGO_100_533.xml
1265.07,995360.38
1369.11,1067412.82
943.24,772083.76
742.07,628368.36

LIGO_100_534.xml
1339.34,1050150.68
1268.76,1002895.92
886.73,734590.32
695.34,602895.54

LIGO_100_535.xml
1349.2,1053414.09
1214.91,964751.03
931.43,765569.77
702.54,606462.03

LIGO_100_536.xml
1321.45,1035893.4
1346.19,1054819.44
1061.52,852514.82
804.12,674730.77

LIGO_100_537.xml
1229.93,969489.96
1304.22,1016980.6
924.58,756483.03
758.27,637161.25

LIGO_100_538.xml
1339.69,1051868.9
1384.56,1080128.41
944.63,772666.41
701.67,604883.66

LIGO_100_539.xml
1181.11,932674.06
1239.23,969637.95
877.29,716229.83
706.38,599370.78

LIGO_100_540.xml
1319.46,1036992.93
1255.35,995343.03
907.04,752762.67
781.81,662630.75

LIGO_100_541.xml
1357.5,1057967.86
1178.9,939256.8
837.17,696590.53
678.81,586806.84

LIGO_100_542.xml
1386.87,1086391.52
1264.99,1001869.15
993.49,815753.72
755.01,648048.33

LIGO_100_543.xml
1219.31,956869.37
1306.23,1013037.19
916.19,739552.49
749.69,624986.17

LIGO_100_544.xml
1248.85,972930.98
1181.2,929828.99
801.64,665025.92
692.06,585778.99

LIGO_100_545.xml
1364.45,1052980.63
1199.23,941302.27
823.52,680947.48
733.92,616856.36

LIGO_100_546.xml
1125.4,892867.66
1263.42,985101.6
862.32,706177.69
691.83,586945.83

LIGO_100_547.xml
1355.26,1062292.27
1343.06,1052490.86
991.93,808345.16
811.09,682240.6

LIGO_100_548.xml
1288,1017844.12
1379.29,1078623.81
951.24,780518.8
774.75,655784.5

LIGO_100_549.xml
1375.46,1064959.55
1265.77,995413.27
958.05,778498.48
773.28,646844.59

LIGO_100_550.xml
1341.84,1055837.16
1397.46,1092260.39
956,787141.73
726.84,627935.99

LIGO_100_551.xml
1085.69,869331.53
1236.11,969576.83
928.07,756134.74
809.79,671790.18

LIGO_100_552.xml
1270.94,998622.67
1335.46,1040691.06
893.34,735343.39
721.07,614347.24

LIGO_100_553.xml
1350.12,1052055.53
1328.85,1036953.36
760.77,647839.78
713.07,607226.03

LIGO_100_554.xml
1188.04,934843.7
1317.01,1021128.22
860.87,707043
799.17,659277.23

LIGO_100_555.xml
1225.64,962819.6
1323.7,1032276.09
968.45,780308.27
799.16,663892.55

LIGO_100_556.xml
1282.11,1017647.64
1319.62,1043073.82
936.27,774916.2
735.36,636898.1

LIGO_100_557.xml
1228.34,969396.35
1265.55,991140.23
909.22,746361.75
687.14,591310.97

LIGO_100_558.xml
1134.67,901620.74
1101.71,876922.98
923.47,748959.77
747.92,627691.49

LIGO_100_559.xml
1277.29,993156.75
1222.08,959258.52
905.34,738533.3
707.09,599623.75

LIGO_100_560.xml
1308.58,1024869.51
1270.51,998892.98
948.79,770612.91
724.28,614721.08

LIGO_100_561.xml
1314.99,1030831.77
1341.05,1046373.85
731.17,629865.02
738.46,628396.65

LIGO_100_562.xml
1354.96,1065438.88
1181.6,952910.61
968.66,796255.93
786.52,669965.7

LIGO_100_563.xml
1209.77,943508.25
1164.16,914094.26
899.17,727419.3
758.29,628151.46

LIGO_100_564.xml
1175.78,935589.97
1359.61,1057498.55
866.28,717296.9
733.36,623010.24

LIGO_100_565.xml
1332.83,1037645.14
1349.92,1048062.72
1013.33,810429.26
808.45,672178.79

LIGO_100_566.xml
1366.67,1067654.06
1376.73,1078251.7
917.06,758625.72
814.45,685374.25

LIGO_100_567.xml
1246.06,983782.87
1330.36,1038507.11
985.59,798984.62
861.42,711039.6

LIGO_100_568.xml
1239.62,982141.08
1309.17,1027758.55
841.32,707587.32
655.73,574935.25

LIGO_100_569.xml
1316.94,1018641.54
1095.6,870177.6
915.34,736555.42
742.89,619400.81

LIGO_100_570.xml
1384.71,1074367.84
1261.85,992699.78
884.11,732101.55
692.58,598174.23

LIGO_100_571.xml
1355.52,1054786.46
1271.46,996032.73
992.89,795791.21
822.07,684081.08

LIGO_100_572.xml
1333.25,1039993.4
1209.94,955677
837.89,697674.17
721.85,615109.08

LIGO_100_573.xml
1257.48,988300.57
1301.48,1014047.63
943.23,762685.8
692.28,593576.15

LIGO_100_574.xml
1322.08,1039794.83
1181.01,945402.79
1001.97,813690.55
838.5,700443.14

LIGO_100_575.xml
1330.74,1035315.99
1332.41,1038001.71
919.97,753095.55
677,581874.02

LIGO_100_576.xml
1253.4,984789.17
1133.51,899499.77
845.54,698725.9
790.66,660433.84

LIGO_100_577.xml
1195.23,939851.98
1227.16,959327.03
877.74,714106.43
814.59,670433.49

LIGO_100_578.xml
1206.22,955559.36
1282.5,1006889.42
859.51,713940.9
819.36,678935.75

LIGO_100_579.xml
1292.58,1011823.72
1363.22,1061973.94
907.85,747613.54
777.51,654817.31

LIGO_100_580.xml
1322.82,1040861.26
1332.42,1046584.12
973.64,795056.85
704.74,611014.56

LIGO_100_581.xml
1351.84,1057683.99
1242.59,982794.4
961.49,782885.89
697.86,604855.12

LIGO_100_582.xml
1330.37,1033003.29
1222.12,963629.51
861.54,708975.3
806.88,667424.09

LIGO_100_583.xml
1222.84,963576.37
1334.52,1036598.97
849.57,702307.51
779.99,649457.98

LIGO_100_584.xml
1299.71,1010934.95
1218.67,956750.89
1150.24,901987.35
739.71,621698.74

LIGO_100_585.xml
1318.2,1034742.42
1267.04,997576.8
956.37,778703.89
819.69,683371.95

LIGO_100_586.xml
1380.66,1071840.79
1364.76,1061192.18
691.32,598481.78
690.39,594043.15

LIGO_100_587.xml
1201.86,942677.92
1102.2,875607.9
870.38,708654.87
691.01,584266.6

LIGO_100_588.xml
1306.38,1014587.81
1200.59,940414.99
922.17,751547.2
716.38,605635.66

LIGO_100_589.xml
1368.27,1068536.65
1245.01,985323.28
1000.97,812830.42
747.92,639094.43

LIGO_100_590.xml
1325.96,1039735.41
1337.96,1047065
905.08,748211.07
771.17,654610.14

LIGO_100_591.xml
1308.92,1032912.76
1337.41,1047278.3
958.02,787081.72
757.13,644315.54

LIGO_100_592.xml
1302.02,1022449.49
1283.05,1009451.7
939.72,768273.39
699.28,601540.1

LIGO_100_593.xml
1324.48,1027633.1
1222.94,958307.39
926.1,752489.05
677.32,579099.24

LIGO_100_594.xml
1347.09,1047885.17
1322.22,1031878.26
1170.91,917322.11
708.85,602357.43

LIGO_100_595.xml
1256.1,980010.8
1137.09,901726.43
937.99,760663.26
709.65,600898.3

LIGO_100_596.xml
1315.6,1030103.61
1238.79,981189.09
961.96,782242.6
748.75,634540.67

LIGO_100_597.xml
1365.26,1068135.72
1244.3,987943.31
870.63,726988.03
730.11,627743.05

LIGO_100_598.xml
1313.47,1022068.12
1304.74,1016808.52
1002.72,808788.55
680.59,584254.05

LIGO_100_599.xml
1336.29,1041603.85
1192.3,943098.04
928.57,759387.96
763,641637.12

LIGO_100_600.xml
1267.48,995203.53
1239.59,975883.52
782.58,659841.07
689.74,591506.31

LIGO_100_601.xml
1259.03,982393.42
1381.25,1065853.51
788.83,660275.13
709.08,599598.16

LIGO_100_602.xml
1073.85,860525.8
1369.15,1058976.78
812.57,674996.17
720.99,608851.35

LIGO_100_603.xml
1307.73,1026921.15
1349.66,1054208.99
995.31,803920.54
758.72,644421.98

LIGO_100_604.xml
1370.4,1071396.41
1331.36,1042606.77
685.3,602758.2
685.56,594274.08

LIGO_100_605.xml
1300.57,1019497.65
1244.91,981167.04
969.34,789162.6
831.26,690374.11

LIGO_100_606.xml
1375.95,1073296.14
1203.45,958045.48
988.16,802308.78
716.8,615696.84

LIGO_100_607.xml
1383.96,1083912.39
1233,982637.23
946.13,779772.24
705.22,613296.22

LIGO_100_608.xml
1183.94,923011.81
1386.82,1062799
905.06,727924.53
796.24,650826.03

LIGO_100_609.xml
1340.08,1048108.56
1238.89,978403.56
685.81,602096.32
694.79,600317.58

LIGO_100_610.xml
1267.51,991999.72
1372.71,1066151.54
1013.25,812663.53
751.75,630858.99

LIGO_100_611.xml
1404.86,1094808.97
1324.5,1033339.44
917.71,756987.2
812.18,678424.84

LIGO_100_612.xml
1351.5,1056554.11
1332.93,1042584.65
969.86,791688.41
702.85,606450.94

LIGO_100_613.xml
1290.93,1010064.39
1207.6,953544.43
946.91,773441.05
749.77,632610.84

LIGO_100_614.xml
1328.38,1041012.41
1239.05,976116.49
830.77,693862.88
717.27,613242.12

LIGO_100_615.xml
1305.16,1020862.88
1271.43,999846.05
913.28,749639.43
829.93,685994.56

LIGO_100_616.xml
1353.07,1053607.67
1194.75,950755.36
967.3,783312.1
763.53,646225.71

LIGO_100_617.xml
1370.84,1075268.29
1333.84,1051057.06
1100.23,886213.19
781.64,664243.7

LIGO_100_618.xml
1380.22,1073764.43
1195.84,949598.69
960.62,781318.81
690.17,596378.45

LIGO_100_619.xml
1289.69,1018018.51
1294.9,1022610.37
971.8,797135.79
707.7,614325.91

LIGO_100_620.xml
1196.75,931984.31
1102.32,869153.77
839.04,686537.91
741.12,614174.55

LIGO_100_621.xml
1326.02,1042932.25
1368.76,1071550.11
954.99,779955.42
774.87,657638.72

LIGO_100_622.xml
1325.77,1043128.29
1326.38,1041327.2
909.57,757587.79
763.54,650475.99

LIGO_100_623.xml
1399.89,1084151.3
1246.5,976803.95
992.41,799919.22
830.88,688004.65

LIGO_100_624.xml
1275.86,1006735.13
1281.88,1008415.96
927.86,762298.93
692.33,599738.92

LIGO_100_625.xml
1254.5,982689.69
1362.1,1054323.71
720.06,617611.89
697.24,593849.26

LIGO_100_626.xml
1139.09,904794.77
1321.28,1028005.82
798.11,669982.8
713.96,606892.19

LIGO_100_627.xml
1351.72,1045503.24
1341.55,1044313.56
885.21,724900.92
702.61,599022.6

LIGO_100_628.xml
1342.35,1042740.86
1263.02,984712.88
863.82,709557.13
693.86,591451.78

LIGO_100_629.xml
1274.44,1013606.19
1295.25,1022581.48
841.02,711418.72
730.49,629876.08

LIGO_100_630.xml
1193.23,949754.26
1381.88,1072692.94
908.42,749371.8
833.85,691851.68

LIGO_100_631.xml
1369.22,1065090.45
1361.42,1059660.36
704.3,616423.42
700.39,603860.92

LIGO_100_632.xml
1157.6,921840.59
1193.22,945232.68
888.61,726326.38
750.98,628799.92

LIGO_100_633.xml
1301.39,1031205.48
1211.4,967351.21
959.86,787898.39
796.64,674924.88

LIGO_100_634.xml
1401.14,1086852.07
1310.75,1025808.24
893.79,733841.77
795.43,668041.36

LIGO_100_635.xml
1289.52,1006367.61
1218.67,959227.31
888.81,731219.8
665.82,575507.89

LIGO_100_636.xml
1192.28,943615.62
1305.8,1018170.24
814.87,674735.36
691.67,591223.85

LIGO_100_637.xml
1238.39,984332.12
1237.31,981813.25
942.28,772239.91
696.72,606869.19

LIGO_100_638.xml
1254.38,991789.82
1288.26,1017071.5
951.35,777906.65
778.18,657585.87

LIGO_100_639.xml
1317.89,1026795.32
1236.64,973191.54
923.18,754369.1
820.28,679177.14

LIGO_100_640.xml
1180.58,922381.38
1175.42,919612.01
840.09,688448.6
731.94,608104.1

LIGO_100_641.xml
1276.97,999635.05
1276.74,1001412.37
1159.6,912770.55
807.51,673431.33

LIGO_100_642.xml
1326.15,1044687.6
1341.19,1053814
828.86,706072.03
752.54,644013.86

LIGO_100_643.xml
1235.6,974468.99
1372.58,1066302.64
892.47,735856.54
860.9,708888.68

LIGO_100_644.xml
1403.88,1085988.81
1337.02,1037943.3
956.02,779198.56
702.01,599589.5

LIGO_100_645.xml
1351.36,1047700.2
1337.69,1040310.81
846.55,703391.23
742.95,627198.52

LIGO_100_646.xml
1342.08,1042380.66
1369.53,1058725.33
858.42,706990.83
685.48,586141.54

LIGO_100_647.xml
1295.1,1014399.31
1308.73,1017730.79
981.9,792424.36
765.72,641845.63

LIGO_100_648.xml
1276.49,1011383.87
1392.59,1086788.95
924.74,766101.68
697.03,607988.12

LIGO_100_649.xml
1348.76,1046476.76
1359.87,1050717.7
995.03,797183.2
684.08,585184.35

LIGO_100_650.xml
1140.04,909767.75
1339.09,1045992.2
979.04,791906.13
775.19,650755.47

LIGO_100_651.xml
1362.2,1066405.33
1267.82,996422.26
923.73,758554.85
697.71,604923.32

LIGO_100_652.xml
1317.2,1031218.08
1177.96,938785.54
957.46,783683.67
830.18,690843.11

LIGO_100_653.xml
1243.21,975898.63
1355.02,1050212.75
957.79,775371.24
827.27,681595.93

LIGO_100_654.xml
1310.16,1037879.18
1345.2,1066891.68
1011.56,828246.04
833.38,704036.08

LIGO_100_655.xml
1278.07,1000467.4
1304.97,1017602.57
877.2,718863.94
742.77,627388.45

LIGO_100_656.xml
1281.68,998976.73
1245.41,976668.91
709.39,607163.2
680.77,582880.16

LIGO_100_657.xml
1322.57,1026825.24
1166.88,919801.6
784.45,658772.84
750.41,626234.92

LIGO_100_658.xml
1383.27,1064587.26
1216.97,956647.06
837.99,692596.14
691.89,588924.92

LIGO_100_659.xml
1202.62,965398.19
1282.11,1016051.86
951.31,783538.86
790.43,669999.7

LIGO_100_660.xml
1263.03,995960.97
1356.34,1060538.58
909.69,753091.15
740.33,631960.6

LIGO_100_661.xml
1255.83,977569.31
1122.91,886951.67
906.32,731697.96
691.08,583629.4

LIGO_100_662.xml
1143.1,912291.77
1337.07,1046050.06
1011.02,815482.63
762,642915.25

LIGO_100_663.xml
1271.54,1000557.01
1312.71,1029771.12
980.46,797257.65
813.88,679320.75

LIGO_100_664.xml
1303.14,1009715.27
1250.31,979553.99
804.3,663375.81
735.38,616295.23

LIGO_100_665.xml
1113.48,887035.25
1308.05,1017284.23
808.91,673406.67
716.51,604060.58

LIGO_100_666.xml
1320.51,1026407.56
1307.24,1018245.12
839.33,699022.62
750.49,631575.07

LIGO_100_667.xml
1343.8,1051274.69
1173.36,936677.46
915.25,752854.9
735.33,626932.71

LIGO_100_668.xml
1189.3,941177.54
1337.85,1036033.08
929.96,753546.53
799.89,663295.98

LIGO_100_669.xml
1408.04,1103468.79
1354.71,1066736.24
705.04,624323.63
707.2,616297.43

LIGO_100_670.xml
1360.31,1064247.52
1292.37,1017877.45
905.73,746322.01
831.04,695883.79

LIGO_100_671.xml
1327.88,1038543.46
1329.14,1041432.76
872.18,727499.04
800.74,672826.68

LIGO_100_672.xml
1372.25,1075755.97
1273.72,1009872.07
836.48,706586.79
686.23,599200.46

LIGO_100_673.xml
1302.47,1027928.05
1263.31,1002213.15
956.39,789954.66
792.04,669491.51

LIGO_100_674.xml
1378.12,1077251.02
1353.08,1061442.26
922.42,761904.97
725.32,623815.39

LIGO_100_675.xml
1192.26,937370.9
1295.69,1010426.12
752.84,637194.68
713.13,606088.66

LIGO_100_676.xml
1233.09,978848.64
1292.98,1016694.86
887.16,734892.26
752.76,637472.62

LIGO_100_677.xml
1301.29,1026161.82
1337.5,1049617.68
962.17,792183.68
793.51,670986.59

LIGO_100_678.xml
1364.21,1059233.49
1174.15,930011.48
975.63,786080.09
709.53,604744.35

LIGO_100_679.xml
1229.82,967843
1355.36,1052545.52
1057.06,843171.08
678.41,583078.54

LIGO_100_680.xml
1334.2,1041722.82
1356.24,1054880.88
986.16,792443.6
779.38,653835.92

LIGO_100_681.xml
1339.3,1045754.43
1395.24,1082732.45
935.36,765950.05
797.16,669498.4

LIGO_100_682.xml
1373.9,1077890.28
1363.33,1072743.44
893.73,750854.1
766.78,658468.04

LIGO_100_683.xml
1258.22,991445.63
1245.2,976500.75
874.1,719383.64
794.53,664258.46

LIGO_100_684.xml
1337.76,1045551.7
1241.02,980387.66
993.23,806077.71
801.7,672561.58

LIGO_100_685.xml
1332.71,1046429.98
1352.16,1059422.61
997.56,814396.17
793.54,669675

LIGO_100_686.xml
1343.02,1044351.94
1167.82,926225.2
881.86,718013.1
780.58,649743.68

LIGO_100_687.xml
1309.87,1028758.21
1304.25,1023835.06
925.19,758890.54
731.25,624396.66

LIGO_100_688.xml
1189.84,934151.07
1249.11,973474.93
750.05,631378.53
695.18,588588.1

LIGO_100_689.xml
1349.73,1059301.62
1252.31,993981
1039.96,838384.17
757.03,645285.1

LIGO_100_690.xml
1382.3,1077705.21
1361.83,1060319.11
876.72,729839.7
798.37,670917.4

LIGO_100_691.xml
1331.03,1044199.89
1383.68,1080855.65
966.02,792320.14
775.77,656607.61

LIGO_100_692.xml
1306.54,1027993.77
1352.85,1061051.08
888.24,737327.29
781.84,660427.96

LIGO_100_693.xml
1226.54,973393.51
1091.01,880713.57
936.3,768255.65
792.44,666988.3

LIGO_100_694.xml
1146.06,906524.59
1354.63,1042538.94
837.87,687998.26
683.49,582340.55

LIGO_100_695.xml
1310.94,1034992.55
1372.69,1075010.24
923.13,763255.22
690.03,602046.2

LIGO_100_696.xml
1293.41,1011490.27
1228.95,964320.03
901.47,739738.76
717.93,608205.84

LIGO_100_697.xml
1333.1,1039605.03
1252.89,987250.41
858.29,717503.37
741.65,631333.36

LIGO_100_698.xml
1315.19,1033340.5
1310.06,1031868.35
703.66,613956.61
704.01,605953.9

LIGO_100_699.xml
1312.32,1032838.77
1330.52,1046115.77
926.5,760322.76
770.51,655156.85

LIGO_100_700.xml
1302.12,1017781.84
1135.45,903715.23
916.9,748790.65
788.86,658436.55

LIGO_100_701.xml
1280.27,1002462.31
1375.5,1066928.62
813.49,683317.63
688.24,587519.15

LIGO_100_702.xml
1218.71,959755.24
1285.04,1004928.66
914.83,744514.71
714.26,605175.61

LIGO_100_703.xml
1352.64,1062627.28
1363.36,1065884.24
998.58,820010.21
781.52,663990.85

LIGO_100_704.xml
1327.88,1031290.92
1374.98,1064851.46
739.41,628837.23
694.24,593665.67

LIGO_100_705.xml
1278.51,1001232.5
1218.04,960161.39
1254.29,973091.64
744.7,629889.09

LIGO_100_706.xml
1197.06,947803.61
1294.3,1014769.88
887.06,732095.6
723.78,614455.59

LIGO_100_707.xml
1235.32,977965.74
1331.53,1044054.44
970.08,796167.18
816.46,684611.85

LIGO_100_708.xml
1326.98,1038473.47
1299.14,1016064.29
902.03,744033.68
698.27,598904.54

LIGO_100_709.xml
1390.51,1077150.03
1282.98,1005009.95
843.52,701443.31
770.22,648210.5

LIGO_100_710.xml
1353.81,1048361.87
1270.42,994176.5
852.51,704324.12
719.72,611637.39

LIGO_100_711.xml
1301.92,1017601.4
1160.93,922142.32
936.18,760328.77
747.79,631737.63

LIGO_100_712.xml
1321.16,1037736.17
1205.2,955219.27
896.64,741633.26
677.66,590822.31

LIGO_100_713.xml
1294.23,1020150.2
1259.68,996417.19
845.43,708341.86
759.81,643805.7

LIGO_100_714.xml
1347.25,1058366.94
1344.7,1054154.59
904.63,751461.62
821.96,689435.03

LIGO_100_715.xml
1365.78,1069882.86
1379.39,1075883.32
905.08,744312.19
694.45,597001.13

LIGO_100_716.xml
1360.29,1055775.29
1254.33,982739.78
906.71,745691.6
733.02,620744.96

LIGO_100_717.xml
1392.52,1083160.09
1340.49,1048240.12
696.39,607294.66
696.71,599886.37

LIGO_100_718.xml
1351.32,1059903.27
1256.86,997789.61
974.57,794850.01
774.73,659490.42

LIGO_100_719.xml
1344.79,1043227.11
1333.7,1033801.7
953.32,769904.89
782.03,650676.43

LIGO_100_720.xml
1267.5,991718.65
1190.3,937775.75
962.9,777065.79
767.38,643495.76

LIGO_100_721.xml
1276.42,994611.05
1213.63,950002.39
843.21,691423.71
730.63,609642.43

LIGO_100_722.xml
1269.6,991018.85
1224.16,960496.44
1110.95,873575.15
702.79,595123.58

LIGO_100_723.xml
1287.89,1018081.31
1300.57,1020091.75
1240.98,963309.69
838.6,695027.72

LIGO_100_724.xml
1105.42,878850.45
1345,1037695.61
967.58,779467.54
690.71,586248.97

LIGO_100_725.xml
1193.77,951398.82
1204.59,959090.79
876.11,728166.51
663.43,581431.18

LIGO_100_726.xml
1376.66,1070571.09
1324.15,1038641.56
848.81,709464.51
689.52,596319.06

LIGO_100_727.xml
1296.37,1013136.69
1199.21,949035.28
1030.83,827290
772.72,646904.93

LIGO_100_728.xml
1340.66,1048035.26
1335.62,1043320.14
811.97,688718.34
673.99,584137.49

LIGO_100_729.xml
1331.24,1036942.98
1176.02,930429.99
887.9,725544.69
747.04,629728.25

LIGO_100_730.xml
1349.71,1045190.24
1166.77,920141.93
910.85,737955.64
770.25,641191.8

LIGO_100_731.xml
1356.86,1051291.73
1350.8,1047092.87
764.85,650595.14
679.29,584799.26

LIGO_100_732.xml
1301.44,1018860.23
1176.02,934731.27
943.41,767567.57
788.86,661596.73

LIGO_100_733.xml
1389.31,1073729.98
1245.27,974845.41
908.94,740466.5
695.17,594319.83

LIGO_100_734.xml
1319.89,1029762.3
1296.93,1010688.7
914.19,744835.45
749.42,632281.69

LIGO_100_735.xml
1256.56,994127.23
1213.08,964604.1
914.99,755759.42
718.63,618911.87

LIGO_100_736.xml
1232.04,970919.11
1319.81,1029698.85
889.41,735129.23
807,672077.15

LIGO_100_737.xml
1327.18,1034667.49
1208.01,955277.86
881.23,728345.44
738.49,625647.63

LIGO_100_738.xml
1153.45,923202.52
1296.35,1018451.25
964.44,791692.68
754.38,641387.75

LIGO_100_739.xml
1286.94,1012148.94
1253.32,990707.17
934.27,765791.82
769.08,650504.7

LIGO_100_740.xml
1190.19,950023.4
1344.12,1051290.63
1007.36,814381.15
689.34,596126.05

LIGO_100_741.xml
1370.05,1064504.86
1347.31,1049306.17
785.57,661843.42
697.54,596553.8

LIGO_100_742.xml
1278.17,997236.14
1174.05,926208.34
926.9,753451.96
657.15,566256.36

LIGO_100_743.xml
1349.84,1053761.16
1295.6,1017032.17
814.44,679983.36
803.31,670866.5

LIGO_100_744.xml
1212.75,951629.44
1251.55,979118.46
804.1,667210.68
673.55,576253.3

LIGO_100_745.xml
1380.67,1079707.77
1298.92,1021544.07
937.09,776267.6
730.09,628244.43

LIGO_100_746.xml
1340.14,1048787.4
1280.98,1007211.99
908.27,751887.76
802.09,673159.58

LIGO_100_747.xml
1239.18,972022.07
1153.68,912588.55
1021.4,815730.85
739.28,622765.1

LIGO_100_748.xml
1386,1075687.57
1364.79,1065252.63
933.97,765204.88
847.01,701795.68

LIGO_100_749.xml
1223.31,977842.85
1369.75,1077252.66
991.11,808810.53
869.76,724087.14

LIGO_100_750.xml
1248.95,988265.46
1373.5,1071923.99
935.95,772256.04
844.24,704787.67

LIGO_100_751.xml
1205.77,949957.75
1338.74,1039021.46
977.17,787568.42
758.23,635038.64

LIGO_100_752.xml
1308.54,1019156.96
1246.17,977515.56
876.71,719349.7
787.69,657891.33

LIGO_100_753.xml
1385.56,1084343.29
1356.86,1067630.06
788.68,677286.08
693.05,605760.7

LIGO_100_754.xml
1326.22,1038268.78
1278.93,1008420.56
929.7,765251.77
689.51,598736.25

LIGO_100_755.xml
1213.59,950096.37
1260.78,983277.46
1156.89,903858.28
711.6,601242.32

LIGO_100_756.xml
1316.73,1026564.03
1339.17,1042047.61
879.17,723958.83
805.08,667732.57

LIGO_100_757.xml
1259.14,991643.18
1293.08,1015577.58
982.11,790416.38
800.37,666820.36

LIGO_100_758.xml
1283.57,1011945.22
1281.49,1007619.77
913.02,748720.8
765.48,648574.28

LIGO_100_759.xml
1411.32,1080468.69
1328.68,1026288.85
990.02,786744.58
727.59,605179.11

LIGO_100_760.xml
1210.19,958138.85
1207.31,956443.7
879.35,733412.35
753.26,638855.62

LIGO_100_761.xml
1396.43,1081056.68
1394.94,1078880.99
866.21,715589.34
729.42,618128.39

LIGO_100_762.xml
1375.49,1057148.32
1391.33,1070612.4
844.99,697048.32
696.47,588045.05

LIGO_100_763.xml
1351.62,1064973.17
1349.65,1063258.47
891.64,745053.26
770.2,658235.82

LIGO_100_764.xml
1365.86,1065562.86
1321.11,1038103.01
915.58,755679.2
776.74,656349.66

LIGO_100_765.xml
1250.9,973330.02
1298.66,1006574.84
823.81,674526.95
678.22,575683.81

LIGO_100_766.xml
1291.08,1015029.57
1308.19,1029507.76
871.85,725196.76
755.1,642252.82

LIGO_100_767.xml
1117.91,896283.47
1299.9,1019879.27
853.67,711095.68
750.63,635944.09

LIGO_100_768.xml
1322.09,1035238.04
1310.35,1026218.05
899.84,745972.13
817.98,683641.68

LIGO_100_769.xml
1313.38,1033845.11
1396.38,1085435.86
888.49,736096.38
698.61,603088.61

LIGO_100_770.xml
1141.36,907665.23
1337.25,1040612.86
958.16,777611.54
766.72,644332.47

LIGO_100_771.xml
1336.5,1047348.77
1228.7,974982.89
894.23,743704.23
825.43,690361.1

LIGO_100_772.xml
1240.92,983061.65
1280.3,1009303.18
920.64,753203.86
823.75,689017.02

LIGO_100_773.xml
1381.34,1086084.32
1405.43,1100672.5
860.39,728148.46
715.12,621535.23

LIGO_100_774.xml
1348,1051072.15
1256.46,988541.61
885.02,728634.6
680.92,589864.46

LIGO_100_775.xml
1235.96,984137.14
1360.07,1068124.04
1018.31,825437.72
797.03,674157.11

LIGO_100_776.xml
1321.79,1032890.1
1358.04,1055638.69
991.37,802028.91
792.29,662451.67

LIGO_100_777.xml
1365.14,1062097.24
1283.63,1004939.31
936.44,763099.87
700.33,598735.09

LIGO_100_778.xml
1316.25,1026945.62
1349.47,1052931.46
680.75,593848.35
762.54,642251.41

LIGO_100_779.xml
1218.72,959696.75
1238.79,971871.11
936.9,754623.83
699.76,594749.86

LIGO_100_780.xml
1224.48,966457.82
1327.6,1032429.88
943.7,768795.41
664.31,575421.38

LIGO_100_781.xml
1224.1,973890.53
1281.27,1008778.02
915.5,758196.28
785.06,663596.86

LIGO_100_782.xml
1293.35,1011830.05
1240.72,975462.4
890.58,730989.08
790.86,659891.46

LIGO_100_783.xml
1313.38,1026160.34
1324.67,1034153.21
877.76,725045.29
702.77,604410.9

LIGO_100_784.xml
1346.71,1055316.56
1397.49,1089401.46
912.56,755332.68
837.4,698819.79

LIGO_100_785.xml
1249.51,980316.9
1344.72,1047559.89
967.22,785030.23
779.65,653162.66

LIGO_100_786.xml
1328.17,1036066.09
1387.11,1079452.07
955.88,784340.64
754,640004.48

LIGO_100_787.xml
1371.75,1071458.97
1283.51,1011664.75
904.52,751391.71
803.26,675735.69

LIGO_100_788.xml
1381.97,1079410.78
1298.54,1021244.9
943.79,775573.14
858.62,714530.43

LIGO_100_789.xml
1275.19,1007275.63
1315.75,1036210.84
941.57,775243.43
735.26,630356.66

LIGO_100_790.xml
1346.27,1061255.26
1385.22,1087049.66
886.63,741597.8
693.19,609315.51

LIGO_100_791.xml
1206.61,955753.14
1342.54,1046290.36
936.64,769211.67
795.19,669178.73

LIGO_100_792.xml
1330.24,1045703.35
1323.18,1042944.77
913.93,755365.7
831.31,695874.94

LIGO_100_793.xml
1386.34,1075449.11
1359.53,1060465.75
882.82,731962.4
703.96,604378.97

LIGO_100_794.xml
1175.54,930699.34
1341.47,1040883.92
951.67,769398.6
671.48,577007.28

LIGO_100_795.xml
1259.51,984532.25
1195.23,947219.6
967.42,777591.46
824.5,680349.22

LIGO_100_796.xml
1303.7,1027836.67
1235.86,981552.4
958.52,788646.67
693.72,604055.06

LIGO_100_797.xml
1213.53,946702.53
1112.62,877073.6
862.74,704897.18
718.34,601613.08

LIGO_100_798.xml
1369.9,1071126.06
1350.19,1062151.99
699.43,618604
688.89,600344.86

LIGO_100_799.xml
1222.03,961350.83
1390.05,1081014.94
839.17,702647.62
745.73,632871.97

LIGO_100_800.xml
1275.84,997922.69
1173.48,927606.87
675.52,588284.33
675.61,578306.32

LIGO_100_801.xml
1278.43,1005896.3
1364.3,1064015.55
923.8,759694.62
714.45,615402.27

LIGO_100_802.xml
1349.12,1063275.48
1296.75,1029946.39
937.88,775751.89
827.29,697843.51

LIGO_100_803.xml
1310.66,1027531.69
1323.11,1033344.44
1327.29,1026097.59
769.92,649162.16

LIGO_100_804.xml
1337.94,1040131.36
1398.76,1087059.71
758.32,648961.69
702.77,604129.69

LIGO_100_805.xml
1388.86,1078062.07
1259.44,984307.14
911.3,742648.05
827.15,681910.07

LIGO_100_806.xml
1341.78,1053877.29
1237.78,983023.88
973.56,797523.05
794.34,672042.61

LIGO_100_807.xml
1353.85,1050627.08
1161.47,922368.07
872.38,721893.95
705.77,603081.48

LIGO_100_808.xml
1314.64,1028447.31
1185.72,942845.97
876.36,724043.06
790.9,663663.67

LIGO_100_809.xml
1283.34,1003793.34
1336.71,1040105.01
1024.29,821978.45
804.19,669659.49

LIGO_100_810.xml
1355.19,1052937.37
1213.42,960088.47
929.65,757824.66
856.33,706249.46

LIGO_100_811.xml
1285.7,1012411.26
1270.55,1003737.41
995,809312.09
828.13,693457.71

LIGO_100_812.xml
1119.92,886875.84
1165.29,917664.03
891.96,724384.21
746.13,620857.68

LIGO_100_813.xml
1314.72,1023435.6
1307.29,1019575.76
963.9,778095.17
695.83,592776.97

LIGO_100_814.xml
1354.05,1056346.97
1253.62,989527.19
918.68,754914.69
732.03,624540.2

LIGO_100_815.xml
1248.29,981096.2
1278.65,997021.53
871.08,717750.18
794.67,662343.26

LIGO_100_816.xml
1348.61,1052265.71
1181.87,933275.23
868.48,719066.2
674.76,582943.4

LIGO_100_817.xml
1385.32,1081204.68
1152.3,925750.92
862.63,718896.89
730.81,628179.24

LIGO_100_818.xml
1273.54,997696.93
1215.36,956066.15
872.5,715770.72
769.4,644512.97

LIGO_100_819.xml
1218.79,970900.42
1234.41,981511.47
874.27,728947.85
675.01,591699.52

LIGO_100_820.xml
1351.51,1054118.13
1338.22,1044971.41
1007.27,813224.5
812.4,678697.86

LIGO_100_821.xml
1317.6,1025815.91
1257.82,985985.84
874.56,720246.27
782.71,655057.66

LIGO_100_822.xml
1173.32,929903
1277.24,1000496.63
1179.66,923999.87
769.82,646129.18

LIGO_100_823.xml
1349.78,1052514.31
1281.49,1004438.62
942.21,770621.45
717.15,612165.49

LIGO_100_824.xml
1137.39,897807.39
1224.1,954225.36
866.15,704251.41
615.68,534105.63

LIGO_100_825.xml
1192.71,943220.43
1195.49,946386.63
915.77,744797.03
670.92,578792.77

LIGO_100_826.xml
1410.99,1091012.57
1162.25,923057.77
937.54,760679.2
799,666350.61

LIGO_100_827.xml
1198.2,954012.63
1212.46,962957.23
861.5,722867.6
718.48,617377.27

LIGO_100_828.xml
1376.9,1068677.29
1327.94,1037961.53
817.99,685723.17
692.61,595942.54

LIGO_100_829.xml
1309.22,1027528.13
1324.51,1036959.22
935.11,765172.75
698.65,598097.76

LIGO_100_830.xml
1382.85,1080911.12
1319.8,1034144.75
879.21,731739.94
710.33,612660.79

LIGO_100_831.xml
1204.13,948924.99
1336.93,1040801.8
971.69,788427.92
712.96,609622.5

LIGO_100_832.xml
1263.52,992641.07
1135.56,904567.15
892.81,736704.02
739.14,627377.48

LIGO_100_833.xml
1380.42,1065786.53
1192.88,939635.01
904.09,734953.34
730.56,614900.21

LIGO_100_834.xml
1106.4,890968.59
1320.02,1035783.26
876.91,727233.72
677.83,588125.95

LIGO_100_835.xml
1384.97,1077055.68
1357.93,1059161.2
719.16,623779.6
695.4,599140.59

LIGO_100_836.xml
1367.29,1068138.26
1270.03,1005934.51
948.33,782381.5
737.18,633139.64

LIGO_100_837.xml
1280.17,999433.24
1318.15,1022998.31
959.67,776100.13
769.43,641160.46

LIGO_100_838.xml
1188.28,940202.59
1303.15,1015673.27
857.61,702280.45
819.06,676551.87

LIGO_100_839.xml
1293.56,1020827.02
1197.12,956873.2
983.41,803793.53
796.75,672928.49

LIGO_100_840.xml
1251.61,992095.75
1244.6,987812.66
935.14,771726.26
781.62,661352.62

LIGO_100_841.xml
1351.6,1055329.66
1130.32,907306.87
928.8,762816.65
682.44,590402.2

LIGO_100_842.xml
1190.18,933405.54
1191.4,933516.19
870.68,710620.66
733.25,613595.5

LIGO_100_843.xml
1250.72,982236.65
1347.2,1047528.3
926.78,757142.98
812.46,676505.21

LIGO_100_844.xml
1285.3,1003651.55
1234.42,969084.24
973,780462.36
718,606359.37

LIGO_100_845.xml
1312.26,1026020.97
1386.2,1076092.39
694.07,601488.65
693.72,595563

LIGO_100_846.xml
1264.13,996225.13
1232,978925.67
961.63,785663.27
783.65,660483.45

LIGO_100_847.xml
1304.39,1025222.45
1250.37,985063.17
1165.53,918220.8
780.36,656421.28

LIGO_100_848.xml
1265.21,1006386.48
1326.88,1047787.77
952.4,785038.97
703.63,612847.31

LIGO_100_849.xml
1295.51,1010535.02
1265.38,993728.83
981.77,793760.05
691.67,595065.33

LIGO_100_850.xml
1231.22,960667.62
1299.98,1007737.01
924.91,747275.06
729.94,608660.11

LIGO_100_851.xml
1252.35,986307.28
1363.21,1059779.91
891.06,735702.28
792.19,663979.35

LIGO_100_852.xml
1334.71,1043508.96
1327.62,1038015.15
894.64,732713.96
688.89,592142.12

LIGO_100_853.xml
1311.62,1018219.05
1299.47,1011297.93
959.31,771329.51
816.77,668252.46

LIGO_100_854.xml
1192.61,943362.07
1323.51,1029508.41
951.52,765039.14
750.7,631249.6

LIGO_100_855.xml
1340.32,1054186.75
1338.95,1054809.38
978.84,797417.26
690.69,601871.69

LIGO_100_856.xml
1218.69,961573.67
1318.75,1027013.6
1217.66,950734.56
707.32,603074.96

LIGO_100_857.xml
1249.95,973124.86
1199.65,938279.86
798.52,661977.16
687.75,582170.9

LIGO_100_858.xml
1314.86,1017752.58
1379.15,1063888.68
877.75,722236.13
704.71,596748.9

LIGO_100_859.xml
1339.18,1047037.41
1066.19,859260.66
925.63,761045.52
795.4,665974.92

LIGO_100_860.xml
1328.9,1033626.45
1215.4,957251.23
906.84,739227.42
701.18,596097.35

LIGO_100_861.xml
1375.23,1076207.92
1301.39,1027237.3
857.62,723145.6
791.18,671670.33

LIGO_100_862.xml
1240.44,974523.08
1219.87,957753.33
834.16,687329.99
674.35,579916.29

LIGO_100_863.xml
1191.06,936534.03
1183.35,931436.35
815.48,679714.22
706.43,599113.37

LIGO_100_864.xml
1271.7,998955.79
1322.8,1031297.53
974.87,792139.24
779.96,654633.45

LIGO_100_865.xml
1333,1047814.27
1373.31,1077722.55
888.22,743948.67
816.13,687937.48

LIGO_100_866.xml
1260.86,990689.83
1214.84,955469.77
955.35,776019.69
726.25,612324.69

LIGO_100_867.xml
1142.52,895829.01
1238.14,958930.89
930.06,747839.04
759.38,629134.27

LIGO_100_868.xml
1252.38,987294.02
1393.35,1081830.39
898.74,745351.85
733.57,626624.5

LIGO_100_869.xml
1370.96,1068494.45
1400.25,1086696.86
947.27,771914.17
833.65,694449.52

LIGO_100_870.xml
1308.45,1026440.33
1274.97,1005208.04
793.59,674641.57
705.94,606692.83

LIGO_100_871.xml
1198.64,945789.46
1286.92,1007707.63
924.3,758256.22
789.07,658485.34

LIGO_100_872.xml
1347.18,1063168.71
1385.82,1089318.75
986.53,813607.43
719.37,626327.01

LIGO_100_873.xml
1390.2,1092939.49
1330.6,1050704.31
942.46,775057.8
764.05,655281.66

LIGO_100_874.xml
1277.4,990279.67
1164.25,911318.39
1200.65,926861.61
661.39,559580.36

LIGO_100_875.xml
1334.08,1038986.1
1250.92,980836.72
964.49,781074.85
739.5,623461.47

LIGO_100_876.xml
1328.9,1026117.29
1332.02,1027528.92
670.28,573228.16
670.39,568606.57

LIGO_100_877.xml
1324.19,1036174.01
1313.47,1028594.92
916.76,751735.62
763.62,643134.93

LIGO_100_878.xml
1280.22,999931.1
1226.27,967736.89
925.68,758380.21
676.24,586256.1

LIGO_100_879.xml
1324.69,1025071.51
1278.84,998833.1
872.83,716046.48
662.77,569308.04

LIGO_100_880.xml
1214.89,960086.93
1142.31,912345.07
882.54,726712.46
727.29,617511.72

LIGO_100_881.xml
1266.23,999882.27
1328.41,1043785.97
913,752554.29
675.18,588330.69

LIGO_100_882.xml
1364.74,1074563.73
1370.81,1073714.95
696.25,615506.19
696.31,608391.66

LIGO_100_883.xml
1371.06,1076475.03
1213.62,971204.59
972.03,799705.65
770.6,658243.16

LIGO_100_884.xml
1333.67,1046786.66
1239.1,983970.04
905.62,747199.14
854.4,711624

LIGO_100_885.xml
1207.27,953488.85
1393.29,1077979.3
949.55,770282.04
758.66,639442.02

LIGO_100_886.xml
1312.44,1034245.81
1307.93,1027237.43
984.1,800684.96
671.21,585775.21

LIGO_100_887.xml
1318.7,1035147.23
1139.93,913719.52
997.93,802899.17
759.07,645142.84

LIGO_100_888.xml
1292.27,1012632.48
1296.57,1014023.29
964,777542.45
779.62,652998.9

LIGO_100_889.xml
1173.4,926486.96
1204.5,954028.57
851.01,707758.87
697.04,597926.95

LIGO_100_890.xml
1348.33,1053746.57
1257.78,995232.25
931.42,766332
802.17,672613.43

LIGO_100_891.xml
1349.25,1051100.91
1246.87,978562
983.98,792100.83
736.53,623897.85

LIGO_100_892.xml
1337.88,1043535.57
1402.32,1087299.41
702.19,610699.14
866.01,714793.52

LIGO_100_893.xml
1259.1,996259.99
1368.51,1072271.9
952.22,786180.38
766.09,653810.47

LIGO_100_894.xml
1288.58,1019082.41
1269.46,1005772.44
888.99,740935.66
694.68,607633.96

LIGO_100_895.xml
1324.71,1039954.87
1281.31,1013000.99
920.31,766485.64
848.51,707535.73

LIGO_100_896.xml
1265.46,1000410.05
1248.71,985724.34
944.47,771157.16
698.85,605002.6

LIGO_100_897.xml
1326.02,1029773.31
1352.56,1053122.53
834.77,693522.11
730.58,617109.76

LIGO_100_898.xml
1302.48,1029417.73
1257.55,1002055.75
936.69,774760.15
818.58,691484.46

LIGO_100_899.xml
1241.88,977568.79
1305.69,1019387.51
1154.06,908500.15
767.18,643964.28

LIGO_100_900.xml
1302.63,1024134.67
1289.05,1013155.57
900.32,739971.41
669.13,584031.01

LIGO_100_901.xml
1105.74,882060.14
1354.57,1048546.17
793.93,660545.56
678.53,577604.57

LIGO_100_902.xml
1312.04,1017254.01
1349.42,1045468.67
834.32,691434.74
697,594695.28

LIGO_100_903.xml
1320.19,1031704.25
1142.25,909586.03
864.13,715558.74
734.86,623524.07

LIGO_100_904.xml
1217.11,956416.12
1212.78,952962.7
882.42,721576.88
665.04,571173.16

LIGO_100_905.xml
1258.43,988827.84
1280.37,1007630.26
960.43,783666.43
831.49,690862.9

LIGO_100_906.xml
1279.98,997858.16
1313,1018559.14
931.19,751962.89
725.34,612838.26

LIGO_100_907.xml
1398.3,1089018.99
1179.93,941126.7
912.25,754652.86
775.23,655284.8

LIGO_100_908.xml
1245.67,976252.91
1283.49,997520.86
917.15,744732.56
792.82,656448.55

LIGO_100_909.xml
1259.1,1003023.07
1404.76,1101781.03
948.82,789117.71
867.39,725132.71

LIGO_100_910.xml
1327.06,1046753.64
1352.87,1068961.78
956.06,793845.42
705.21,617086.59

LIGO_100_911.xml
1392.28,1082445.75
1334.2,1044171.56
972.56,789148.4
711.99,612394.64

LIGO_100_912.xml
1236.49,976201.15
1392.74,1080930.54
881.9,733258.97
707.46,607622.81

LIGO_100_913.xml
1213.53,961727.47
1408.53,1091266.85
887.34,732999.03
811.91,677958.64

LIGO_100_914.xml
1326.96,1036765.04
1188.62,947591.07
965.44,789481.25
783.34,660696.74

LIGO_100_915.xml
1321.54,1020719.68
1159.05,910527.15
895.67,725699.01
683.95,578555.02

LIGO_100_916.xml
1320.18,1035744.47
1364.75,1064816.35
880.31,730508.95
768.45,648918.98

LIGO_100_917.xml
1398.19,1093632.58
1288.75,1023307.59
929.71,774781.8
892.66,741864.15

LIGO_100_918.xml
1235.35,975284.1
1299.82,1020157.86
975.37,791274.45
813.22,680759.68

LIGO_100_919.xml
1369.37,1070644.28
1392.58,1085849.42
787.14,675068.36
727.96,626449.84

LIGO_100_920.xml
1239.07,982282.03
1219.73,968754.93
960.27,783276.99
810.19,679933.37

LIGO_100_921.xml
1216.35,959036.51
1276.81,999550.81
904.16,741439.37
684.42,588205.2

LIGO_100_922.xml
1202.24,949824.78
1363.39,1051348.02
903.43,743349.52
682.47,585945.33

LIGO_100_923.xml
1366.59,1055996.88
1336.12,1033594.41
868.84,710536.28
750.38,626315.24

LIGO_100_924.xml
1362.7,1066038.69
1171.56,937309.23
687.45,604114.86
685.43,597595.77

LIGO_100_925.xml
1402.38,1084577.48
1088.53,874689.41
861.96,714216.18
706.36,603476.54

LIGO_100_926.xml
1265.33,995511.31
1327.06,1037065.33
960.83,777410.01
790.58,660207.81

LIGO_100_927.xml
1231.85,968139.02
1155.15,915746.17
913.8,745841.48
814.94,677135.8

LIGO_100_928.xml
1220.15,953353.21
1318.35,1021035.72
833.07,685077
798.28,659493

LIGO_100_929.xml
1272.46,994664.72
1386.41,1070443.72
1145.29,897979.02
845.31,695203.63

LIGO_100_930.xml
1336.1,1038281.38
1195.26,941965.47
932.49,762436.85
798.6,665640.42

LIGO_100_931.xml
1231.52,969971.07
1236.23,975360.62
862.29,714780.62
686.08,590754.98

LIGO_100_932.xml
1369.08,1075537.04
1291.27,1024967.32
1174.02,936448.15
874.26,727559.76

LIGO_100_933.xml
1258.27,994988.79
1262.42,1000908.44
987.12,805549.45
823.13,691681.9

LIGO_100_934.xml
1171.49,934456.36
1399.71,1086435.52
969.06,789641.97
787.78,663381.89

LIGO_100_935.xml
1136,896698.68
1313.2,1015183.46
961.02,772359.63
756.03,628150.29

LIGO_100_936.xml
1278.84,1004760.24
1326.79,1034371.84
917.49,751092.39
842.32,691103.04

LIGO_100_937.xml
1233.51,971013.99
1251.94,981424.22
899.16,741032.85
686.72,589830.47

LIGO_100_938.xml
1288.83,1010435
1354.19,1059736.2
911.37,746883.32
726.08,619561.62

LIGO_100_939.xml
1394.89,1074080.17
1146.68,910879.61
791.48,665179.32
775.76,645456.63

LIGO_100_940.xml
1343.14,1053945.56
1185.07,949230.69
864.34,724993.95
778.53,661692.11

LIGO_100_941.xml
1202.34,964331.5
1177.53,948662.69
971.06,797127.51
746.34,641693.49

LIGO_100_942.xml
1370.89,1080345.76
1365.79,1076243.89
1015.92,834996.19
722.62,627937.51

LIGO_100_943.xml
1305.3,1014149.32
1236.05,971488.72
906.91,740387.68
766.98,641094.59

LIGO_100_944.xml
1328.14,1044708.3
1324.59,1043961.55
1005.6,814141.53
746.15,639707.27

LIGO_100_945.xml
1335.95,1048119.43
1313.99,1029970.44
865.21,721073.17
701.56,605006.4

LIGO_100_946.xml
1374.7,1062720.31
1287.65,1003221.29
898.67,736903.81
687.41,588792.85

LIGO_100_947.xml
1341.12,1037854.06
1273.38,986752.8
794.31,662651.76
768.68,637398.92

LIGO_100_948.xml
1218.07,957663.71
1300.27,1013785.99
869.95,718708.56
705.52,600362.85

LIGO_100_949.xml
1335.93,1054828.61
1397.62,1094879.36
1004.13,821065.76
816.26,691102.65

LIGO_100_950.xml
1333.84,1038212.29
1265.23,991976.66
833.81,696385.64
798.46,665865.97

LIGO_100_951.xml
1355.82,1054958.09
1394.78,1087797.43
880.55,731527.22
747.01,637043.62

LIGO_100_952.xml
1274.09,985336.64
1138.55,892906.77
810.84,666602.03
684.03,572586.98

LIGO_100_953.xml
1339.33,1048398.8
1224.9,968584.67
671.86,592150.46
672.16,583460.73

LIGO_100_954.xml
1246.11,975896.64
1190.32,939576.51
847.5,699234.12
743.99,622019.54

LIGO_100_955.xml
1211.09,947754.78
1160.56,911442.8
877.82,717077.48
710.46,599057.01

LIGO_100_956.xml
1329.66,1035581.34
1410.5,1084131.24
980.15,792571.42
750.68,633676.18

LIGO_100_957.xml
1311.4,1023687.33
1150.55,916873.31
996.07,805997.39
762.94,644457.87

LIGO_100_958.xml
1241.88,974144.07
1193.46,943890.92
1185.5,925640.9
675.5,578849.3

LIGO_100_959.xml
1256.16,983588.52
1147.35,911491.51
913.87,744758.14
718.57,610779.53

LIGO_100_960.xml
1293.99,1013644.47
1327.73,1038285.2
959.36,773908.4
757.39,638083.24

LIGO_100_961.xml
1347.72,1043825.91
1237.47,968933.94
1065.98,842873.86
774.51,645513.2

LIGO_100_962.xml
1257.28,977847.57
1224.83,955937.19
861.15,699139.93
701.13,585959.76

LIGO_100_963.xml
1318.34,1038736.21
1334.5,1052038.28
942.27,778291.41
744.82,639826.81

LIGO_100_964.xml
1291.82,1015123.55
1272.73,1000656.33
909.86,752680.34
791.2,663334.53

LIGO_100_965.xml
1279.67,994377.57
1095.21,870933.67
882.01,718750.08
677.75,575606.18

LIGO_100_966.xml
1227.18,967145.7
1293.55,1011283.54
921.8,754240.31
759.04,637928.41

LIGO_100_967.xml
1279.56,1014160.71
1378.3,1079832.52
692.45,616921.86
689.6,602872.49

LIGO_100_968.xml
1363.95,1061651.49
1352.64,1046086.62
876.49,723166.77
783.22,655789.74

LIGO_100_969.xml
1188.43,942777.58
1337.95,1044236.56
669.92,589515.84
669.53,582953.98

LIGO_100_970.xml
1302.4,1017226.78
1279.97,1002198.05
908.3,744377.84
830.92,691218.84

LIGO_100_971.xml
1134.21,903285.11
1231.95,967433.36
910.07,743145
747.83,631829.8

LIGO_100_972.xml
1336.16,1053622.95
1199.91,961752.13
988.67,804288.65
733,632916.28

LIGO_100_973.xml
1339.7,1038941.62
1269.23,991001.85
808.75,675376.17
702.27,595515.14

LIGO_100_974.xml
1290.52,1003789.32
1263.57,986329.57
771.45,647239.78
677.34,579286.29

LIGO_100_975.xml
1101.23,882059.41
1206.68,951852.34
968.27,784879.1
847.9,696869.04

LIGO_100_976.xml
1379.68,1073124.51
1245.95,982352.97
1021.04,823172.63
787.21,664268.58

LIGO_100_977.xml
1357.55,1050843.97
1222.79,961646.38
892.45,729332.55
689.15,585539.9

LIGO_100_978.xml
1352.74,1053309.54
1344.61,1050461.05
998.83,809675.55
720.78,618559.76

LIGO_100_979.xml
1310.67,1013172.87
1127.55,892792.82
849.11,701694.73
667.87,568399.02

LIGO_100_980.xml
1347.98,1058975.62
1349.54,1061957.21
902.04,749098.2
738.7,635212.53

LIGO_100_981.xml
1335.4,1037174.21
1323.89,1027114.4
900.8,740330.59
669.33,577683.94

LIGO_100_982.xml
1341.46,1038684.41
1218.7,959222.17
1006.7,803820.2
744.71,623357.54

LIGO_100_983.xml
1351.5,1065537.68
1332.3,1049464.6
1271.48,992923.73
794.05,671279.1

LIGO_100_984.xml
1260.39,978578.34
1291.5,998497.44
976.45,781860.66
712.5,597991.24

LIGO_100_985.xml
1368.77,1053452.77
1106.5,878766.52
782.09,652375.25
719.83,604296.93

LIGO_100_986.xml
1293.35,1003587.58
1245.89,972219.79
831.5,689212.43
736.1,616630.54

LIGO_100_987.xml
1329.79,1026400.57
1051.98,841295.76
885.85,719695.41
731.49,611440.97

LIGO_100_988.xml
1253.05,982433.83
1160.07,918543.36
942.41,761385.55
763.43,635601.13

LIGO_100_989.xml
1191.97,948661.36
1092.1,882523.2
904.35,746961.03
767.01,649442.61

LIGO_100_990.xml
1365.38,1066168.56
1262.2,997181.96
870.33,722399.49
734.37,625475.24

LIGO_100_991.xml
1309.92,1019463.91
1308,1021530.96
875.42,722946
696.66,597571.24

LIGO_100_992.xml
1379.88,1072271
1365.97,1063412.88
907.32,750171.36
787.32,662900.38

LIGO_100_993.xml
1252.08,976844.45
1192.94,938508.53
932.02,751999.25
768.18,639894.17

LIGO_100_994.xml
1374.08,1082011.02
1288.97,1022073.57
1016.89,831148.33
718.63,623508.27

LIGO_100_995.xml
1304.57,1014924.35
1257.91,982356.91
787.33,657702.11
755.79,631156.32

LIGO_100_996.xml
1363.88,1060272.17
1294.32,1012017.83
929.98,758436.27
840.55,695160.53

LIGO_100_997.xml
1336.49,1049004.71
1333.1,1047195.44
955.41,782697.27
862.57,714230.79

LIGO_100_998.xml
1201.64,955389.87
1330.88,1039429.57
804.38,680435.32
755.48,639525.34

LIGO_100_999.xml
1354.33,1056294.43
1302.51,1016392.04
678.15,594666.18
677.24,583200.82

LIGO_100_1000.xml
1378.29,1072376.74
1194.83,944761.12
937.97,766876.38
803.37,672106.05

