LIGO_300_1.xml
1318.54,1335414.09
1528.71,1482542.31
1549.22,1481656.48
1118.13,1203919.06

LIGO_300_2.xml
1561.67,1521139.24
1391.47,1407934.31
1088.37,1209742
1253.1,1317941.45

LIGO_300_3.xml
1193.94,1202181.84
1359.75,1317433.86
1672.06,1518124.72
977.79,1062949.35

LIGO_300_4.xml
1282.24,1282667.83
1513.19,1436489.9
1372.3,1332671.9
1033.5,1117916.36

LIGO_300_5.xml
1305.68,1304209.35
1356.17,1335747.32
1699.16,1564522.21
1025.95,1118385.63

LIGO_300_6.xml
1354.61,1341822.86
1486.28,1431140.69
1376.46,1350528.34
1073.01,1160738.09

LIGO_300_7.xml
1368.18,1333567.7
1275.55,1268852.21
1510.02,1423596.72
1047.56,1122609.8

LIGO_300_8.xml
1443.46,1418289.23
1337.79,1342940.32
1412.1,1391342.51
1173.32,1242182.61

LIGO_300_9.xml
1354.35,1352812.07
1705.89,1587180.44
1507.82,1453307.2
1041.47,1147862.96

LIGO_300_10.xml
1346.1,1327641.57
1502.78,1432755.6
1589.19,1484057.27
1065.64,1143482.78

LIGO_300_11.xml
1511.66,1454978.49
1500.03,1440556.45
1437.29,1388486.2
1077.51,1160651.06

LIGO_300_12.xml
1382.03,1355154.85
1337.44,1324613.7
1547.97,1466709.14
1001.6,1106211.52

LIGO_300_13.xml
1481.9,1419556.37
1528.2,1448572.99
1482.22,1417503.3
1084.91,1157469.14

LIGO_300_14.xml
1601.81,1508414.3
1442.74,1402658.59
1424.26,1390240.81
1077.23,1164490.27

LIGO_300_15.xml
1433.14,1399231.32
1520.7,1457613.62
1420.09,1388361.72
1064.7,1156304.23

LIGO_300_16.xml
1625.95,1537458.82
1562.92,1496453.3
1017.63,1137833.95
1163.42,1234119.54

LIGO_300_17.xml
1342.55,1345412.19
1386.52,1373589
1494.4,1438738.82
1067.03,1164316.72

LIGO_300_18.xml
1533.39,1458778.54
1319.94,1312670.29
1567.97,1468685.57
1044.77,1133038.08

LIGO_300_19.xml
1601.13,1514746.09
1531.05,1465284.65
1300.62,1316844.64
1037,1143900.48

LIGO_300_20.xml
1505.83,1472137.16
1644.34,1563893.47
1437.62,1423802.45
1224.88,1285996.5

LIGO_300_21.xml
1519.4,1458514.91
1420.78,1396726.25
1515.63,1451247.81
1056,1148575.06

LIGO_300_22.xml
1521.25,1475566
1427.7,1412028.71
1316.09,1339052.18
1196.86,1263495.69

LIGO_300_23.xml
1322.72,1307883.85
1341.82,1318754.02
1754.35,1587135.38
1057.69,1133038.93

LIGO_300_24.xml
1455.54,1430253.63
1380.98,1377406.74
1328.46,1341768.34
1143.75,1226511.58

LIGO_300_25.xml
1505.51,1446201.92
1448.69,1406174.64
1713.18,1584441.1
1076.94,1163083.33

LIGO_300_26.xml
1299.71,1307415.53
1291.27,1298230.57
1670.99,1545134.53
1069.58,1153441.65

LIGO_300_27.xml
1321.24,1317003.56
1410.2,1376462.83
1364.25,1343208.32
1065.09,1148321.09

LIGO_300_28.xml
1595.04,1509166.3
1330.38,1336663.43
1412.79,1382221.51
1055.6,1150963.14

LIGO_300_29.xml
1471.56,1432912.78
1369.98,1369710.2
1214.09,1263605.15
1083.13,1176286.61

LIGO_300_30.xml
1404.68,1396471.6
1425.49,1409679.84
1436.95,1415579.7
1114.02,1203443.67

LIGO_300_31.xml
1384.89,1344657.37
1383.37,1343941.95
1381.99,1338896.09
1026.36,1107725.62

LIGO_300_32.xml
1531.75,1471584.42
1562.37,1490280.52
1398.62,1380194.91
1092.39,1176851.51

LIGO_300_33.xml
1586.23,1519446.73
1607.4,1534939.64
1267.46,1306302.01
1139.91,1228250.95

LIGO_300_34.xml
1352.58,1320847.84
1322.07,1298296.59
1422.71,1360117.49
1025.81,1102074.25

LIGO_300_35.xml
1649.83,1567398.8
1412.39,1404404.71
1578.02,1511591.37
1118.96,1213786.74

LIGO_300_36.xml
1326.55,1313914.96
1293.71,1292180.02
1361.64,1330964.96
1023.95,1110665.13

LIGO_300_37.xml
1627.31,1552481.32
1584.91,1521646.62
1393.34,1396153.45
1136.32,1224758.3

LIGO_300_38.xml
1576.2,1502438.93
1338.08,1348177.9
1483.66,1437500.47
1120.16,1207753.09

LIGO_300_39.xml
1425.39,1416264.73
1566.79,1514173.32
1626.06,1545219.43
1106.36,1207036

LIGO_300_40.xml
1520.33,1481701.86
1390.23,1391464.87
1459.2,1439110.3
1189.12,1271762.6

LIGO_300_41.xml
1377.75,1360102.08
1323.1,1323075.34
1526.71,1450973.69
1049.52,1139926.95

LIGO_300_42.xml
1211.94,1235851.9
1226.22,1247358.03
1351.33,1321037.8
1053.29,1133358.97

LIGO_300_43.xml
1432.83,1406853.35
1327.9,1334428.15
1464.15,1417855.48
1079.85,1167265.36

LIGO_300_44.xml
1146.63,1167693.48
1249.49,1235588.57
1671.7,1511915.73
949.33,1039237.49

LIGO_300_45.xml
1280.41,1294312.39
1255.41,1276613.68
1933,1724012.36
1072.45,1154700.89

LIGO_300_46.xml
1434.45,1407505.62
1468.36,1430939.03
1723.63,1593422.37
1077.99,1169208.57

LIGO_300_47.xml
1361.87,1358967.97
1398.88,1382801.2
1462.19,1420296.96
1048.24,1153703.76

LIGO_300_48.xml
1381.48,1375718.19
1442.58,1418859.52
1295.99,1316170.91
1126.41,1206253.68

LIGO_300_49.xml
1420.93,1388004.17
1344.07,1340987.34
1358.16,1345186.63
1055.92,1149322.09

LIGO_300_50.xml
1290.91,1283964.99
1484.53,1412694.38
1330.81,1303871.46
1029.69,1111880.89

LIGO_300_51.xml
1331.63,1332191.09
1476.19,1422805.39
1744.79,1605353.05
1047.49,1144691.16

LIGO_300_52.xml
1291.41,1290912.16
1309.44,1307026.95
1386.87,1352462.04
1036.2,1122086.25

LIGO_300_53.xml
1501.57,1452734.41
1469.3,1427451.77
1484.71,1437695.45
1046.87,1149318.87

LIGO_300_54.xml
1293.14,1271231.18
1442.62,1372717.41
1292.53,1268245.43
1043.81,1109721.89

LIGO_300_55.xml
1231.48,1253699.16
1312.94,1308297.26
1575.37,1477291.13
1025.91,1116716.93

LIGO_300_56.xml
1501.79,1438921.08
1464.85,1415593.41
1676.31,1554011.47
1078.36,1158411.78

LIGO_300_57.xml
1342.84,1341226.69
1369.56,1356953.85
1378.14,1362962.57
1050.51,1149250.76

LIGO_300_58.xml
1339.1,1336097.94
1448.66,1409612.48
1480.54,1421936.6
1181.6,1229415.74

LIGO_300_59.xml
1392.3,1378794.37
1337.17,1343886.84
1472.97,1434453.29
1117.85,1203550.13

LIGO_300_60.xml
1372.65,1376704.84
1521.71,1478527.65
1458.87,1428591.88
1131.63,1218235.04

LIGO_300_61.xml
1405.76,1374642.6
1307.03,1309244.06
1532.96,1455496.67
1086.58,1164834.33

LIGO_300_62.xml
1353.67,1334350.35
1298.4,1303148.8
1319.96,1309245.17
1031.24,1125596.84

LIGO_300_63.xml
1358.06,1346777.79
1309.6,1312627.73
1568.34,1473853.18
1033.35,1132783.62

LIGO_300_64.xml
1311.19,1285070.5
1389.57,1341162.46
1579.29,1460303.2
1032.75,1105930.5

LIGO_300_65.xml
1352.5,1324519.61
1306.56,1292755.05
1667.34,1529582.82
1071.73,1136756.13

LIGO_300_66.xml
1377.54,1344709.03
1307.41,1296628.55
1605.65,1494977.67
1015.86,1104380.02

LIGO_300_67.xml
1335.12,1320159.42
1415.76,1373893.63
1588.15,1483716.57
1043.42,1126788.73

LIGO_300_68.xml
1356.89,1332228.48
1354.26,1328909.59
1533.86,1445970.89
1066.33,1134315.11

LIGO_300_69.xml
1302.99,1313356.75
1209.77,1252562.65
1668.8,1548618.4
1075.83,1160421.41

LIGO_300_70.xml
1400.04,1400303.74
1480.43,1456720.1
1412.9,1405014.81
1150.74,1235492.34

LIGO_300_71.xml
1309.77,1303277.44
1295.44,1290602.6
1660.78,1529798.73
1034.21,1124813.68

LIGO_300_72.xml
1524.4,1487426.27
1595.28,1537070.54
1070.51,1188207.44
1232.42,1300147.65

LIGO_300_73.xml
1333.91,1353199.5
1341.36,1357740.65
1438.68,1413946.35
1104.39,1200539.69

LIGO_300_74.xml
1513.27,1465670.5
1503.28,1460344.37
1504.37,1449093.39
1135.88,1221837.35

LIGO_300_75.xml
1450.78,1422890.2
1593.49,1512717.34
1712.98,1587802.11
1074.72,1171020.7

LIGO_300_76.xml
1339.2,1327363.83
1284.4,1291372.76
1320.6,1312625.55
1062.21,1147807.51

LIGO_300_77.xml
1409.54,1389910.95
1568.17,1500681.48
1370.29,1365207.63
1084.26,1176487.08

LIGO_300_78.xml
1413.72,1405809.71
1616.2,1541553.31
1485.03,1442248.95
1113.05,1207871.18

LIGO_300_79.xml
1338.29,1310835.02
1588.24,1485776.9
1346.11,1318828.33
1005.25,1097501.62

LIGO_300_80.xml
1361.46,1341629.38
1295.84,1298557.19
1613.65,1506151.89
1046.53,1137609.53

LIGO_300_81.xml
1353.48,1354288.83
1529.64,1475107.62
1511.47,1449450.33
1104.76,1187500.48

LIGO_300_82.xml
1332.09,1331241.52
1519.54,1461797.08
1511.28,1448004.81
1074.12,1163961.15

LIGO_300_83.xml
1366.37,1366547.78
1633.93,1549562.45
1420.22,1404617.08
1124.18,1212788.59

LIGO_300_84.xml
1256.36,1266327.66
1513.62,1436895.6
1342.04,1317637.38
1042.4,1122019.47

LIGO_300_85.xml
1406.54,1355517.6
1384.83,1340490.86
1580.07,1461367.36
1027.62,1103377.93

LIGO_300_86.xml
1539.8,1475672.73
1436.78,1405988.58
1418.69,1389728.45
1077.48,1169039.79

LIGO_300_87.xml
1397.4,1358125.56
1515.86,1442187.34
1268.36,1267529.96
1104.86,1167995.22

LIGO_300_88.xml
1329.98,1335150.04
1471.09,1422296.7
1040.16,1139886.17
1068.47,1161637.44

LIGO_300_89.xml
1440.51,1405840.03
1519.72,1455697.67
1236.11,1273555.9
1042.65,1142571.45

LIGO_300_90.xml
1573.55,1511377.28
1647.97,1562625.09
1378.11,1375703.85
1227.2,1282641.13

LIGO_300_91.xml
1302.75,1301374.42
1351.38,1333458.42
1557.05,1467303.6
1027.85,1119712.61

LIGO_300_92.xml
1556.39,1512072.01
1834.41,1690770.5
1110.83,1215627.96
1109.82,1213507.02

LIGO_300_93.xml
1333.04,1329221.14
1471.76,1418848.37
1436.95,1395711.99
1154.93,1208780.52

LIGO_300_94.xml
1336.2,1339927.26
1481.14,1437536.34
1521.44,1462878.35
1121.61,1198133.42

LIGO_300_95.xml
1305.81,1302825.16
1396.61,1364803.02
1323.13,1315662.9
1052.36,1137977.72

LIGO_300_96.xml
1579.43,1524482.19
1378.53,1392822.81
1168.41,1252934.7
1232.62,1301092.83

LIGO_300_97.xml
1622.45,1539044.41
1609.45,1532013.78
1109.94,1192582.44
1091.83,1186455.46

LIGO_300_98.xml
1369.08,1356538.9
1573.92,1496359.78
1375.87,1359074.46
1102.01,1184668.71

LIGO_300_99.xml
1365.48,1346853.93
1326.48,1318782.27
1648.26,1526527.95
1067.54,1147821.15

LIGO_300_100.xml
1487.1,1457609.85
1567.96,1507803.44
1658.55,1562875.85
1110.65,1205201.97

LIGO_300_101.xml
1324.14,1324941.3
1463.47,1417429.51
1470.88,1414746.25
1074.29,1161330.08

LIGO_300_102.xml
1301.85,1305095.49
1351.77,1341090.97
1366.92,1350752.93
1059.47,1144812.39

LIGO_300_103.xml
1554.88,1490530.38
1322.24,1329511.52
1198.19,1248135.44
1026.26,1140107.66

LIGO_300_104.xml
1357.2,1356825.12
1585.48,1504468.27
1433.24,1408186.02
1071.19,1169300.35

LIGO_300_105.xml
1390.62,1376781.61
1665.75,1552822.14
1509.88,1455709.63
1056.45,1156153.56

LIGO_300_106.xml
1370.53,1368018.03
1624.49,1537649.03
1493.32,1440339.72
1157.35,1228677.74

LIGO_300_107.xml
1439.24,1426547.07
1506.77,1466123.2
1224.27,1284404.63
1097.8,1201784.47

LIGO_300_108.xml
1317.38,1324722.64
1497.57,1446274.89
1455.32,1422222.92
1056.79,1154503.09

LIGO_300_109.xml
1256.73,1284422.05
1523.22,1460423.19
1663.56,1549021.56
1093.78,1179397.66

LIGO_300_110.xml
1405.04,1372941.27
1313.33,1312785.22
1478.47,1414186.47
1092.77,1168935.45

LIGO_300_111.xml
1527.49,1465160.68
1330.97,1332450.54
1412.31,1383426.93
1077.73,1166810.78

LIGO_300_112.xml
1529.27,1450470.81
1299.4,1297337.95
1381.25,1346906.72
1074.94,1149064.99

LIGO_300_113.xml
1346.7,1337304.91
1401.32,1373273.29
1367.82,1348938.4
1060.16,1147840.25

LIGO_300_114.xml
1330.28,1303451.62
1364.51,1326477.17
1316.74,1284586.32
1005.85,1087467.95

LIGO_300_115.xml
1477.98,1432783.83
1609.89,1525172.62
1461.35,1417773.6
1109.6,1187031.03

LIGO_300_116.xml
1386.01,1360715.65
1456.18,1411364.71
1358.83,1339939.84
1034.35,1128430.65

LIGO_300_117.xml
1347.5,1320881.83
1203.87,1232233.77
1392.99,1348298.2
1025.26,1109599.76

LIGO_300_118.xml
1450.43,1409285.18
1330.22,1329090.74
1256.8,1280893.33
1100.54,1177990.99

LIGO_300_119.xml
1577.3,1513775.57
1375.03,1375805.49
1327.67,1338554.01
1050.4,1163540.58

LIGO_300_120.xml
1385.73,1341220.23
1244.63,1248399.45
1413.62,1351740.4
965.57,1064774.8

LIGO_300_121.xml
1391.35,1355810.46
1424.95,1378221.92
1362.33,1331494.55
1094.97,1159789.86

LIGO_300_122.xml
1337.51,1345670.82
1490.85,1443793.34
1537.62,1467287.52
1085.87,1176265.32

LIGO_300_123.xml
1274.42,1304915.2
1328.29,1337082.3
1317.72,1329378.99
1101.52,1192649.12

LIGO_300_124.xml
1523.55,1489702.11
1513.8,1475741.55
1560.94,1505226.55
1196.48,1272044.22

LIGO_300_125.xml
1639.12,1558196.21
1770.15,1646741.49
1481.61,1445503.11
1126.52,1216281.69

LIGO_300_126.xml
1385.86,1379870.32
1756.48,1627692.67
1195.93,1253709.45
1065.43,1167008.88

LIGO_300_127.xml
1397.87,1376272.52
1362.97,1347590.77
1665.07,1544451.87
1070.83,1157688.31

LIGO_300_128.xml
1257.41,1276261.96
1336.25,1324727.23
1754.89,1602911.3
1074.65,1157639.36

LIGO_300_129.xml
1425,1412977.39
1641.63,1560828.45
1524.66,1478425.69
1106.46,1205925.24

LIGO_300_130.xml
1360.64,1342794.62
1306.95,1305443.87
1542.4,1454328.25
1050.2,1137621.65

LIGO_300_131.xml
1448.35,1416179.38
1368.06,1361029.95
1766.42,1615793.28
1083.05,1174043.78

LIGO_300_132.xml
1393.14,1364449.66
1302.79,1300299.14
1701.42,1557693.91
1033.86,1123124.58

LIGO_300_133.xml
1455.68,1401652.69
1556.53,1472922.25
1382.49,1354551.78
980.57,1091239.49

LIGO_300_134.xml
1481.38,1446705.61
1595.99,1518997.83
1410.31,1400862.07
1116.36,1205246.8

LIGO_300_135.xml
1338.1,1324187.88
1300.01,1297609.72
1428.13,1375822.48
1045.57,1129483.21

LIGO_300_136.xml
1447.25,1412827.8
1501.85,1448177
1504.59,1440403.08
1084.27,1166948.69

LIGO_300_137.xml
1332.11,1303901.67
1318.26,1295185.53
1450.61,1381927.27
973.49,1068322.54

LIGO_300_138.xml
1268.36,1271689.59
1504.34,1427290.72
1403.72,1357456.64
981.08,1084107.82

LIGO_300_139.xml
1512.56,1468969.91
1608.47,1535854.2
1348.79,1360789.46
1090.96,1190688.53

LIGO_300_140.xml
1302.9,1288846.52
1286.22,1276348.84
1351.85,1317088.66
1041.56,1118374.6

LIGO_300_141.xml
1337.16,1342919.05
1545.31,1481326.49
1494.28,1442421.93
1222.16,1265970.1

LIGO_300_142.xml
1456.93,1414585.46
1508.04,1448429.2
1383.24,1365448.92
1159.93,1218511.49

LIGO_300_143.xml
1388.38,1364890.14
1317.75,1313598.53
1366.93,1339524.08
1062.21,1147476.48

LIGO_300_144.xml
1373.38,1368162.21
1482.37,1439533.5
1652.74,1547841.22
1063.39,1163342.66

LIGO_300_145.xml
1594.37,1503820.18
1604.09,1510092.03
1575.28,1485504.48
1043.4,1134619.07

LIGO_300_146.xml
1382.46,1376651.08
1406.41,1390575.38
1077.09,1175085.11
1066.87,1168432.5

LIGO_300_147.xml
1349.99,1358772.87
1543.59,1485775.45
1678.92,1567401.17
1116.17,1206466.29

LIGO_300_148.xml
1447.57,1421526.15
1643.9,1550117.06
1396.41,1384722.76
1022.91,1142967.82

LIGO_300_149.xml
1512.05,1468399.35
1558.63,1495129.7
1566,1504139.39
1125.44,1214558.64

LIGO_300_150.xml
1333.48,1329420.29
1399.17,1376314.21
1526.35,1460653.27
1106.97,1183478.6

LIGO_300_151.xml
1377.49,1363383.11
1484.35,1438790.16
1398.85,1372947.75
1109.93,1186958.1

LIGO_300_152.xml
1386.9,1373868.44
1304.92,1314405.06
1667.41,1550983.15
1052.4,1151473.53

LIGO_300_153.xml
1435.16,1410707.6
1574.58,1501612.78
1265,1293183.72
1076.84,1171079.44

LIGO_300_154.xml
1355.29,1335760.83
1508.81,1438844.18
1423.51,1379588.92
1015.31,1109553.72

LIGO_300_155.xml
1545.75,1481974
1492.86,1446031.77
1297.88,1319202.76
1114.65,1196601.8

LIGO_300_156.xml
1600.04,1500358.43
1557.95,1470470.28
1363.95,1335259.9
1096.68,1160405.72

LIGO_300_157.xml
1484.37,1454142.24
1412.91,1401206.37
1373.46,1378809.76
1123.12,1214452.46

LIGO_300_158.xml
1482.64,1458962.01
1340.66,1370493.09
1342,1367192.86
1072.4,1186720.16

LIGO_300_159.xml
1582.61,1514588.72
1325.48,1339364.27
1618.65,1525413.9
1107.54,1198317.36

LIGO_300_160.xml
1661.52,1566766.88
1604.85,1534490.03
1580.92,1512222.11
1057,1172335.8

LIGO_300_161.xml
1356.07,1359490.23
1376.07,1372608.87
1368.87,1361305.72
1082.73,1181625.29

LIGO_300_162.xml
1330.93,1328565.93
1529.62,1461976.9
1492.26,1427295.49
1151.54,1211784.05

LIGO_300_163.xml
1627.41,1550151.43
1562.91,1508756.92
1408.83,1405546.26
1165.43,1242350.95

LIGO_300_164.xml
1598.12,1516365.85
1454.37,1420148.68
1338.05,1341694.02
1192.43,1254599.22

LIGO_300_165.xml
1355.41,1345025.82
1564.8,1480442.39
1421.16,1380997.55
1081.17,1162902.82

LIGO_300_166.xml
1374.27,1382655.26
1599.03,1538478.46
1568.53,1514241.14
1088.58,1192731.31

LIGO_300_167.xml
1390.01,1343638.76
1319.84,1294074.53
1616.11,1489553.59
1000.42,1086265.45

LIGO_300_168.xml
1380.01,1359872.65
1516.22,1452352.14
1408.25,1378422.11
1117.77,1191279.03

LIGO_300_169.xml
1555.3,1498841.76
1389.38,1381953.75
1193.49,1255473.48
1083.49,1184503.92

LIGO_300_170.xml
1621.79,1560271.04
1687.94,1600212.44
1354.92,1385129.92
1142.58,1241456.52

LIGO_300_171.xml
1342.37,1360710.84
1479.3,1452690.69
1486.86,1452426.91
1169.87,1245711.54

LIGO_300_172.xml
1314.93,1307718.54
1295.73,1294221.02
1672.24,1538404.49
1053.66,1136087.78

LIGO_300_173.xml
1335.11,1324178.31
1296.48,1297944.03
1477.78,1421812.27
1026.44,1125858.62

LIGO_300_174.xml
1388.25,1366943.21
1374.98,1360876.85
1573.28,1488132.1
1030.64,1135636.09

LIGO_300_175.xml
1405.37,1385549.53
1449.54,1413420.96
1338.38,1344391.96
1082.34,1170490.22

LIGO_300_176.xml
1388.53,1334144.35
1305.24,1276286.87
1578.78,1453948.86
973.32,1060514.82

LIGO_300_177.xml
1605.9,1547827.33
1642.79,1575689.76
1361.43,1384625.93
1117.07,1227516.7

LIGO_300_178.xml
1399.94,1382874.83
1534.88,1475355.85
1585.59,1498524.46
1098.57,1184185.85

LIGO_300_179.xml
1394.76,1365081.36
1386.93,1359823.05
1396.42,1359225.08
1062.77,1141447.53

LIGO_300_180.xml
1339.88,1317192.85
1394.15,1353789.86
1337.17,1316264.8
1033.01,1115582.31

LIGO_300_181.xml
1387.18,1375960.78
1491.05,1444921.71
1409.57,1379704.28
1076.64,1170026.36

LIGO_300_182.xml
1601.55,1535682.59
1380.28,1388859.54
1439.76,1422933.26
1109.14,1210663.97

LIGO_300_183.xml
1289.7,1285816.47
1324.43,1310818.77
1385.65,1349860.15
1058.25,1133482.56

LIGO_300_184.xml
1239.65,1248993.94
1392.18,1352409.11
1440.59,1374618.13
1016.37,1101154.72

LIGO_300_185.xml
1374.19,1368821.68
1311.49,1329115.51
1519.84,1463907.66
1095.24,1184833.49

LIGO_300_186.xml
1337.16,1331988.78
1379.36,1357775.21
1448.09,1400740.94
1073.47,1155784.7

LIGO_300_187.xml
1291.15,1309957.54
1460.56,1426455
1566.58,1483615.91
1084.96,1171294.48

LIGO_300_188.xml
1551.25,1470313.36
1596.65,1505487.77
1456.68,1405246.41
1032.54,1131093.11

LIGO_300_189.xml
1568.7,1521815.31
1568.07,1522722.1
1103.81,1213516.46
1144.39,1241202.99

LIGO_300_190.xml
1361.38,1351579.04
1368.42,1357614.2
1535.8,1460313.83
1079.91,1164925.53

LIGO_300_191.xml
1330.07,1322945.73
1329.55,1318869.81
1444.3,1389096.41
1026.79,1122020.78

LIGO_300_192.xml
1535.32,1476520.5
1407.87,1390872.56
1440.29,1411248.96
1121.02,1207414.12

LIGO_300_193.xml
1249.02,1264493.6
1311.24,1308178.94
1713.31,1565134.98
1029.14,1122873.56

LIGO_300_194.xml
1408.3,1388204.1
1504.23,1446933.84
1471.86,1423046
1081.6,1169814.97

LIGO_300_195.xml
1631.19,1559906.5
1359.54,1381035.25
1428.48,1431596.46
1135.78,1233612.94

LIGO_300_196.xml
1489.22,1444097.71
1543.9,1480025
1464.22,1426711.23
1221.07,1263538.05

LIGO_300_197.xml
1460.14,1456633.89
1737.96,1646732.97
1255.89,1322257.55
1123.89,1234453.37

LIGO_300_198.xml
1297.99,1284793.82
1336.29,1309556.11
1552.87,1455206.69
1036.32,1117701.42

LIGO_300_199.xml
1311.14,1310473.5
1532.07,1456452.1
1312.48,1302714.91
1019.86,1119157.31

LIGO_300_200.xml
1822.15,1681637.94
1614.2,1536532.96
1121.98,1209686.59
1068.25,1179187.45

LIGO_300_201.xml
1295.19,1301890.25
1324.14,1321745.04
1482.03,1426102.96
1070.24,1153235.21

LIGO_300_202.xml
1369.4,1337617.08
1515.27,1433590.21
1421.25,1364977.16
1047.48,1123808.35

LIGO_300_203.xml
1300.67,1293998.99
1508.09,1440489.23
1458.34,1392917.14
1024.1,1116101.94

LIGO_300_204.xml
1568.15,1525267.77
1640.38,1577096.46
1482.24,1468852.18
1123.24,1233198.19

LIGO_300_205.xml
1302.23,1303022.13
1256.12,1271102.9
1779.84,1614226.4
1066.77,1145397.21

LIGO_300_206.xml
1328.85,1305576.89
1258.2,1260927.76
1554.06,1448926.87
1035.89,1114006.54

LIGO_300_207.xml
1424.28,1392248.21
1304.76,1313794.74
1477.94,1423114.1
1028.14,1129671.72

LIGO_300_208.xml
1244.98,1255432.55
1282.26,1277648.07
1385.14,1337775.19
1034.61,1114139.35

LIGO_300_209.xml
1428.29,1395272.78
1505.73,1442732.77
1686.56,1549739.44
1004.24,1112939.74

LIGO_300_210.xml
1550.48,1483059.87
1596.66,1511577.28
1398.94,1379050.2
1124.77,1201250.65

LIGO_300_211.xml
1277.04,1287572.89
1264.32,1277865.25
1639.67,1520613.09
1055.73,1141802.92

LIGO_300_212.xml
1384.53,1354666.04
1355.4,1336208.13
1476.36,1407763.27
1062.44,1142605.36

LIGO_300_213.xml
1275.35,1296543.73
1466.94,1422294.99
1546.91,1467251.23
1074.72,1154777.96

LIGO_300_214.xml
1379.52,1364953.1
1496.94,1446489.6
1342.99,1340871.76
1087.95,1177206.59

LIGO_300_215.xml
1381.48,1372686.67
1306.81,1323342.55
1411.89,1384738.76
1060.24,1159507.57

LIGO_300_216.xml
1349.63,1326245.77
1280.51,1281459.25
1561.31,1462975.69
1005.54,1098443.56

LIGO_300_217.xml
1529.86,1510849.17
1483.25,1478304.68
1171.96,1270314.25
1240.44,1318974.93

LIGO_300_218.xml
1303.83,1300563.15
1370.41,1343339.36
1402.21,1357760.37
1072.09,1147602.74

LIGO_300_219.xml
1332.75,1319470.31
1313.23,1306829.41
1744.85,1586453.8
1044.02,1126771.02

LIGO_300_220.xml
1369.95,1369972.42
1367.3,1364902.81
1523.45,1468885.63
1119.6,1206948.1

LIGO_300_221.xml
1581.56,1475346.66
1260.5,1258716.51
1550.81,1458432.28
1003.05,1094588.59

LIGO_300_222.xml
1572.89,1498877.63
1370.11,1364720.04
1489.12,1438253.03
1046.9,1153390

LIGO_300_223.xml
1509.96,1452756.36
1476.37,1425781.97
1586.76,1496234.75
1058.37,1152033.99

LIGO_300_224.xml
1296.8,1284396.11
1435.87,1375512.87
1331.87,1302268.55
1048.78,1115942.56

LIGO_300_225.xml
1466.46,1435590.87
1551.13,1497094.86
1684.35,1581698.08
1101.33,1195709.75

LIGO_300_226.xml
1464.16,1434362.6
1553.73,1495555.24
1485.67,1447777.14
1102.66,1198502.02

LIGO_300_227.xml
1500.4,1469734.36
1568.52,1518300.81
1444.66,1434276.96
1109.69,1216418.09

LIGO_300_228.xml
1523.64,1469677.01
1478.79,1438284.72
1718.26,1590462.46
1079.36,1172636.28

LIGO_300_229.xml
1361,1339917.75
1432.97,1386309.67
1322.84,1305641.12
1079.44,1149364.36

LIGO_300_230.xml
1315.54,1316607.4
1383.48,1362357.3
1339.08,1332948.8
1003.08,1110082.97

LIGO_300_231.xml
1389.16,1352144.18
1394.68,1356733.93
1541.25,1450086.57
991.82,1089755.15

LIGO_300_232.xml
1387.11,1362014.02
1324.84,1320862.96
1739.9,1584447.88
1060.24,1146037.61

LIGO_300_233.xml
1473.26,1426294.4
1365.84,1348661.49
1391.45,1362074.55
1084.24,1168679.38

LIGO_300_234.xml
1404.38,1392347.79
1541.3,1487627.5
1472.7,1432877.4
1191.11,1258510.55

LIGO_300_235.xml
1356.51,1386307.41
1406.21,1412481.37
1543.04,1504172.95
1156.36,1254024.55

LIGO_300_236.xml
1308.78,1300379.3
1250.53,1264764.51
1437.54,1375492.11
1058.58,1133029.48

LIGO_300_237.xml
1368.42,1365026.56
1304.02,1316697.63
1449.61,1412403.31
1036.21,1147057.69

LIGO_300_238.xml
1395.39,1353753.72
1516.56,1436020.95
1581.8,1477642.4
1070.34,1139413.08

LIGO_300_239.xml
1462.55,1439378.9
1643.94,1563420.5
1279.83,1320641.81
1170.19,1252773.99

LIGO_300_240.xml
1726.39,1620976.59
1647.53,1567591.74
1539.77,1487208.38
1131.13,1224644.1

LIGO_300_241.xml
1508.16,1471477.78
1610.36,1540066.4
1395,1406147.15
1125.68,1220339.72

LIGO_300_242.xml
1374.9,1336218.3
1532.14,1438844.81
1421.12,1358388.09
1087.08,1146005.17

LIGO_300_243.xml
1152.1,1193631.65
1400.66,1358406.86
1482.59,1409481.44
994.75,1090319.76

LIGO_300_244.xml
1251,1245703.05
1238.23,1238865.8
1436.61,1368149.54
1009.46,1087667.7

LIGO_300_245.xml
1388.77,1379231.21
1372.7,1369317.5
1386.93,1378332.14
1116.18,1201158.86

LIGO_300_246.xml
1349.36,1323706.94
1355.11,1325072.77
1414.69,1354162.53
1026.44,1112067.9

LIGO_300_247.xml
1439.42,1400423.22
1395.32,1365091.78
1342.53,1329029.91
1055.39,1142441.39

LIGO_300_248.xml
1318.43,1324658.6
1590.38,1509815.33
1370.56,1358803.36
1059.89,1156886.18

LIGO_300_249.xml
1346.38,1332124.62
1429.8,1389847.24
1465.38,1406728.7
1114.98,1176160.71

LIGO_300_250.xml
1503,1474002.44
1585.29,1525628.4
1539.32,1505282.13
1199.17,1274055.98

LIGO_300_251.xml
1404.49,1379614.08
1372.45,1359116.62
1553.74,1475706.82
1053.9,1146404.52

LIGO_300_252.xml
1330.96,1300561.13
1431.51,1363412.23
1619.02,1487027.87
1064.15,1125014.21

LIGO_300_253.xml
1497.6,1434923.65
1585.93,1494796.08
1445.9,1399112.53
1056.4,1137341.86

LIGO_300_254.xml
1312.46,1298269.78
1490.79,1418407.54
1567.48,1465367.64
1055.4,1128772.61

LIGO_300_255.xml
1364.78,1349014.88
1537.84,1463883.87
1432.23,1390716.23
1058.2,1144987.59

LIGO_300_256.xml
1349.19,1353019.46
1438.74,1417187.72
1480.51,1440484.49
1130.85,1213061.1

LIGO_300_257.xml
1428.21,1408824.62
1549.04,1490638.78
1364.16,1370602.61
1079.81,1185145.44

LIGO_300_258.xml
1511.33,1444366.73
1557,1476551.6
1330.23,1327180.89
1064.09,1147216.6

LIGO_300_259.xml
1575.27,1500362.59
1327.68,1330513.1
1545.98,1468685.69
1079.56,1166568.81

LIGO_300_260.xml
1174.52,1215454.41
1518.67,1446605.67
1385.34,1353249.11
1058.99,1140750.28

LIGO_300_261.xml
1400.97,1378625.1
1328.56,1331587.39
1525.39,1453468.1
1080.47,1172159.71

LIGO_300_262.xml
1264.53,1294408.59
1411.88,1387121.72
1624.96,1527472.69
1054.48,1156619.37

LIGO_300_263.xml
1422.21,1374785.83
1480.19,1410823.41
1488.41,1408355.88
968.78,1074633.08

LIGO_300_264.xml
1311.01,1305543.8
1444.96,1396342.47
1447,1389845.39
1059.69,1140286.02

LIGO_300_265.xml
1678.04,1588088.78
1633.96,1552617.1
1535.2,1479553.48
1081.9,1186063.61

LIGO_300_266.xml
1206.82,1218954.44
1266.31,1257005.61
1565.93,1454004.82
1038.34,1108970.97

LIGO_300_267.xml
1468.75,1398064.8
1279.38,1266653.24
1395.7,1346903.87
1048.64,1115345.24

LIGO_300_268.xml
1561.33,1498358.76
1337.78,1345317.79
1354.45,1359210.39
1104.76,1194142.12

LIGO_300_269.xml
1388.83,1360672.4
1260.02,1272606.7
1391.89,1349230.23
1083.08,1151583.99

LIGO_300_270.xml
1619.24,1535380.85
1625.15,1541157.36
1507.24,1452674.9
1095.14,1190119.18

LIGO_300_271.xml
1334.07,1319675.94
1500.55,1428827.59
1459.71,1397650.29
1042.96,1130572.44

LIGO_300_272.xml
1614.11,1536897.83
1352.51,1362091.7
1472.32,1436179.17
1136.2,1222474.03

LIGO_300_273.xml
1388.47,1374463.01
1459.83,1424767.83
1395.15,1377350.1
1055.54,1153869.63

LIGO_300_274.xml
1394.07,1382414.09
1379.81,1367882.36
1519.54,1460092.11
1105.71,1189451.87

LIGO_300_275.xml
1331.06,1322828.06
1453.31,1401775.49
1349.44,1323670.14
1010.05,1108468.54

LIGO_300_276.xml
1291.41,1291739
1272.14,1279297.35
1682.03,1548884.34
1062.84,1142073.91

LIGO_300_277.xml
1583.52,1522263.1
1552.68,1497259.74
1517.1,1469272.21
1244.09,1297119.68

LIGO_300_278.xml
1393.64,1368872.77
1385.69,1364099.6
1413.17,1380513.05
1091.48,1168109.67

LIGO_300_279.xml
1428.78,1394273.31
1573.6,1490818.84
1758.69,1610546.51
1058.53,1151656.75

LIGO_300_280.xml
1310.2,1308058.95
1501.94,1437586.68
1670.93,1545430.86
1048.06,1136451.12

LIGO_300_281.xml
1408.22,1373926.02
1280.27,1290476.57
1416.94,1371333.25
1077.83,1157167.72

LIGO_300_282.xml
1409.54,1364995.28
1341.32,1318868.32
1414.43,1359260.91
1066.53,1135327.14

LIGO_300_283.xml
1502.91,1451559.92
1356.16,1352736.64
1157.85,1220144.67
1114.23,1193207.61

LIGO_300_284.xml
1548.84,1480036.08
1494.78,1450343.11
1711.44,1582889.26
1061.2,1158905.08

LIGO_300_285.xml
1513.24,1445542.33
1642.54,1530808.85
1631.82,1519503.52
1098.68,1168431.46

LIGO_300_286.xml
1587.02,1503044.63
1590.7,1511210.61
1666.2,1558759.19
1050.76,1150432.99

LIGO_300_287.xml
1445.82,1422808.77
1360.54,1371251.41
1089.18,1190194.98
1132.24,1217831.84

LIGO_300_288.xml
1436.6,1372900.56
1266.92,1253187.87
1414.03,1355229.71
1066.5,1125545.61

LIGO_300_289.xml
1337.28,1320593.12
1457.1,1405592.71
1403.84,1360498.93
1042.75,1128847.59

LIGO_300_290.xml
1341.79,1332997.58
1395.4,1361200.45
1437.69,1385160.54
1050.4,1134142.65

LIGO_300_291.xml
1332.28,1334470.56
1564.11,1486025.7
1428.78,1395095.44
1079.41,1164829.85

LIGO_300_292.xml
1358.86,1334158.7
1282.16,1285753.55
1425.44,1373806.76
1048.88,1129535.32

LIGO_300_293.xml
1400.86,1380696.89
1459.68,1419219.82
1635.03,1532840.06
1093.25,1176222.89

LIGO_300_294.xml
1412.71,1374952.59
1198.12,1231900.78
1402.17,1364875.06
1044.06,1131249.21

LIGO_300_295.xml
1258.31,1271010.2
1517.14,1446286.17
1421.52,1370879.39
1012.75,1110144.46

LIGO_300_296.xml
1278.86,1288498.58
1488.65,1430952.2
1458.16,1404072.32
1033.84,1130001.79

LIGO_300_297.xml
1487.36,1426038.6
1508.94,1437951.99
1401.51,1358548.99
1079.78,1155749.86

LIGO_300_298.xml
1540.74,1475203.11
1365.17,1355553.66
1351.52,1345572.1
1158.83,1223019.49

LIGO_300_299.xml
1352.93,1342185.9
1393.82,1370095.99
1495.29,1431319.55
1067.14,1156353.33

LIGO_300_300.xml
1571.58,1507834.19
1477.13,1441796.79
1536.87,1477777.66
1115.27,1202473.93

LIGO_300_301.xml
1587.45,1524696.19
1376.36,1382959.61
1532.78,1477648.72
1098.29,1200714.13

LIGO_300_302.xml
1273.18,1270836.74
1467.44,1404765.5
1612.81,1495798.83
1043,1121930.31

LIGO_300_303.xml
1354.52,1353959.93
1340.55,1340682.91
1418.09,1390361.12
1089.99,1178868.52

LIGO_300_304.xml
1593.27,1523934.08
1570.07,1513079.75
1355.88,1372820.36
1083.16,1194268.12

LIGO_300_305.xml
1379.19,1354699.92
1546.88,1463928.57
1253.84,1266802.17
976.08,1090076.28

LIGO_300_306.xml
1387.02,1383818.62
1393.09,1384218.01
1552.12,1487142.14
1068.95,1170071.71

LIGO_300_307.xml
1331.76,1325158.31
1336.81,1325847.18
1678.81,1546241.59
1082.02,1165103.71

LIGO_300_308.xml
1414.6,1389591.8
1556.76,1482451.06
1456.11,1411771.61
1112.05,1192064.49

LIGO_300_309.xml
1284.11,1254117.59
1297.47,1262867.96
1303.48,1265956.74
947.18,1031163.5

LIGO_300_310.xml
1383.8,1346629.9
1475.36,1406501.69
1360.62,1324955.01
999.46,1093255.94

LIGO_300_311.xml
1265.13,1289132.92
1474.44,1428334.01
1676.49,1556838.44
1058.29,1150636.66

LIGO_300_312.xml
1371.24,1338830.91
1353.35,1328113.07
1578,1467468.8
1017.89,1104155.88

LIGO_300_313.xml
1338.59,1337883.88
1323.28,1327563.73
1368.07,1352229.34
1105.79,1186157.63

LIGO_300_314.xml
1338.7,1351597.82
1511.29,1465138.43
1405.74,1389568.93
1068.94,1170784.97

LIGO_300_315.xml
1504.85,1459660.86
1634.51,1544765.95
1958.56,1757247.59
1110.32,1202558.69

LIGO_300_316.xml
1435.25,1410063.57
1644.49,1555807.9
1183.52,1246563.07
1192.26,1250167.04

LIGO_300_317.xml
1386,1347171.95
1287.61,1279137.42
1541.49,1444054.6
1005.27,1095618.27

LIGO_300_318.xml
1362.32,1350706
1286.23,1300028.34
1331.98,1323236.73
1029.83,1130333.8

LIGO_300_319.xml
1341.07,1334081.96
1474.74,1421079.55
1435.52,1386534.83
1059.57,1148571.33

LIGO_300_320.xml
1381.54,1357412.68
1452.43,1397111.29
1532.67,1446134.52
1048.2,1134414.78

LIGO_300_321.xml
1346.82,1343730.25
1292.75,1308467.69
1654.17,1539199.27
1062.68,1154118.4

LIGO_300_322.xml
1246.93,1246208.48
1420.72,1365652.38
1511.65,1416094.57
965.02,1058621.07

LIGO_300_323.xml
1369.01,1339288.25
1258.37,1266453.23
1616.95,1499868.18
1054.35,1127458.2

LIGO_300_324.xml
1320.55,1322916.92
1574.33,1497753.99
1371.09,1353945.23
1094.01,1180554.62

LIGO_300_325.xml
1326.29,1309779.22
1265,1265530.83
1355.31,1322786.56
1033.99,1114933.83

LIGO_300_326.xml
1327.58,1325781
1344.29,1336267.28
1429.22,1391788.55
1055.59,1148271.52

LIGO_300_327.xml
1342.17,1298932.05
1399.65,1334626.42
1439.82,1356178.79
934.41,1029067.23

LIGO_300_328.xml
1324.43,1322477.67
1305.44,1313926.94
1454.5,1409214.49
1051.67,1144175.9

LIGO_300_329.xml
1331.93,1337928.97
1520.8,1466165.25
1383.62,1370612.4
1092.83,1181663.87

LIGO_300_330.xml
1367.27,1345037.03
1253.61,1269562.62
1379.86,1348132.9
1016.22,1112325.02

LIGO_300_331.xml
1323.95,1323967.63
1325.74,1328853.74
1397.34,1374663.37
1119.89,1197831.63

LIGO_300_332.xml
1403.12,1365287.08
1359.79,1331386.2
1308.72,1292355.23
1031.98,1117094.62

LIGO_300_333.xml
1337.22,1322628.42
1305.03,1299323.51
1695.75,1557050.85
1056.8,1138247.1

LIGO_300_334.xml
1534.33,1489641.6
1574.68,1516943.57
1326.21,1350115.16
1147.44,1232357.01

LIGO_300_335.xml
1327.6,1334404.34
1657.61,1553660.25
1680.47,1563044.92
1086.19,1174144.31

LIGO_300_336.xml
1505.93,1461400.06
1359.51,1359970.22
1493.4,1447422.05
1121.38,1208628.45

LIGO_300_337.xml
1520.17,1467015.37
1579.05,1509066.02
1468.64,1424808.71
1096.01,1185919.52

LIGO_300_338.xml
1363.32,1349681.74
1302.16,1307342.16
1366.59,1351933.83
1072.17,1159318.55

LIGO_300_339.xml
1623.24,1531700.24
1552.27,1484551.7
1027.16,1135303.02
1136.54,1210332.1

LIGO_300_340.xml
1333.59,1301376.78
1210.16,1218392.52
1604.61,1474402.83
956.47,1049778.63

LIGO_300_341.xml
1407.55,1381998.92
1420.76,1393040.06
1371.13,1356575.04
1075.99,1162947.18

LIGO_300_342.xml
1561.05,1504158.29
1380.93,1383099.4
1452.63,1425529.38
1148.06,1233422.29

LIGO_300_343.xml
1544.18,1483505.14
1397.13,1388080.4
1533.28,1470559.28
1173.63,1239982.48

LIGO_300_344.xml
1402.83,1374358.39
1310.86,1315212.85
1565.01,1479837.18
1093.58,1174166.97

LIGO_300_345.xml
1316.06,1302090.79
1270.59,1273436.8
1591.26,1484208.03
1019.71,1107659.54

LIGO_300_346.xml
1410.99,1407516.77
1644.87,1562072.73
1057.9,1180670.54
1113.67,1214098.33

LIGO_300_347.xml
1519.06,1451366.59
1464.31,1418753.77
1384.83,1358698.65
1106.68,1178012.44

LIGO_300_348.xml
1304.87,1307556.47
1463.48,1413025.62
1376.71,1345069.65
1048.68,1136738.04

LIGO_300_349.xml
1427.35,1374342.94
1445.64,1387113.82
1387.49,1340933.09
1011.94,1099629.43

LIGO_300_350.xml
1377.64,1368095.08
1568.96,1490864.57
1427.52,1401974.83
1122.11,1198542.65

LIGO_300_351.xml
1342.74,1338184.27
1383.9,1364848.75
1385.54,1362920.34
1061.07,1153506.51

LIGO_300_352.xml
1398.36,1393017.43
1518.03,1474639.15
1465.35,1442504.19
1082.68,1186307.16

LIGO_300_353.xml
1400.58,1401979.04
1504.27,1473493.26
1416.33,1419281.51
1164,1249633.09

LIGO_300_354.xml
1301.04,1318204.01
1435.33,1408445.07
1368.92,1353599.12
1065.55,1166642.45

LIGO_300_355.xml
1363.19,1339960.5
1528.99,1444830.34
1287.35,1280690.48
1042.1,1123030.19

LIGO_300_356.xml
1559.78,1516247.41
1627.93,1560042.32
1535.54,1496114.66
1265.24,1320865.57

LIGO_300_357.xml
1342.03,1355670.5
1567.23,1511817.48
1429.72,1421311.82
1134.48,1221882.09

LIGO_300_358.xml
1498.39,1441646.74
1390.17,1364865.78
1750.94,1600995.59
1092.58,1165803.53

LIGO_300_359.xml
1257.22,1271364.88
1293.59,1299801.65
1484.9,1418665.66
1021.67,1116171.81

LIGO_300_360.xml
1373.51,1379031.18
1619.99,1544616.14
1577.53,1506018.87
1180.36,1255691.68

LIGO_300_361.xml
1374.23,1366050.66
1531.38,1471368.65
1465.67,1421710.2
1075,1170581.77

LIGO_300_362.xml
1386.88,1389088.1
1335.59,1351975.61
1424.45,1411435.48
1133.4,1223967.45

LIGO_300_363.xml
1441.08,1409240.48
1351.26,1339075.56
1442.8,1404765.93
1100.42,1180722.04

LIGO_300_364.xml
1263.35,1266968.37
1330.48,1313581.44
1403.6,1355936.45
1061.53,1134021.18

LIGO_300_365.xml
1345.41,1337103.37
1516.7,1450860.09
1407.73,1370925.96
1075.22,1156173.72

LIGO_300_366.xml
1355.27,1339946.66
1422.2,1385148.91
1293.06,1293961.58
1062.05,1149878.4

LIGO_300_367.xml
1504.02,1461396.11
1641.7,1556167.14
1413.59,1392557.21
1142.79,1223036.12

LIGO_300_368.xml
1395.03,1378998.68
1439.62,1401315.77
1639.35,1538557.98
1087.6,1174396.19

LIGO_300_369.xml
1388.75,1352114.9
1484.89,1419554.54
1411.64,1356086.86
1041.61,1119478.81

LIGO_300_370.xml
1281.39,1286243.19
1287.94,1289000.02
1304.48,1290531.37
1040.93,1125837.5

LIGO_300_371.xml
1326.47,1324765.62
1306.6,1312556.72
1349.63,1335337.9
1102.81,1174127.55

LIGO_300_372.xml
1350.01,1363885.55
1520.6,1479007.64
1477.29,1444487.25
1204.2,1269902.27

LIGO_300_373.xml
1355.82,1328816.12
1310.61,1297300.43
1593.1,1482403.26
1040.66,1121233.67

LIGO_300_374.xml
1332.8,1332662
1420.42,1389016.71
1498.9,1434645.99
1074.13,1160433.49

LIGO_300_375.xml
1618.58,1539049.49
1394.6,1386444.52
1477.82,1445904.64
1072.28,1176192.07

LIGO_300_376.xml
1478.15,1421391.98
1301.56,1297292.25
1526.63,1449359.38
1070.44,1151475.99

LIGO_300_377.xml
1431.89,1398762.53
1496.86,1446219.22
1353.07,1349433.68
1053.91,1150762.47

LIGO_300_378.xml
1379.78,1390995.21
1364.42,1379371.15
1703.21,1600696.09
1072.4,1187910.35

LIGO_300_379.xml
1330.16,1300578.29
1324.31,1295282.57
1320.74,1289540.06
994.75,1080383.03

LIGO_300_380.xml
1353.79,1347005.55
1338.92,1330856.91
1350.79,1343512.99
1078.35,1163600.38

LIGO_300_381.xml
1362.98,1344718.4
1305.24,1309707.85
1403.22,1362904.1
1057.3,1141575.81

LIGO_300_382.xml
1502.52,1451923.28
1420.87,1399880.08
1508.57,1450088.42
1070.31,1166463.46

LIGO_300_383.xml
1343.61,1315098.24
1289.06,1281089.76
1566.64,1458434.58
1036.1,1111550.17

LIGO_300_384.xml
1373.05,1343631.95
1489.84,1424699.92
1663.74,1530788.94
1023.14,1114289.52

LIGO_300_385.xml
1320.19,1295116.24
1228.99,1238488.07
1616.38,1481020.87
1028.93,1100210.09

LIGO_300_386.xml
1357.59,1336800.75
1410.03,1375550.7
1675.53,1533892.54
1107.31,1169698.97

LIGO_300_387.xml
1396.21,1355992.96
1351.43,1324271.18
1677.66,1541538.3
1063.45,1138783.27

LIGO_300_388.xml
1342.28,1329383.81
1349.7,1336494.44
1495.92,1425119.14
1095.18,1170881.65

LIGO_300_389.xml
1470.42,1436306.94
1559.02,1496353.92
1807.55,1658540.07
1077.77,1178005.84

LIGO_300_390.xml
1376.31,1369862.9
1445.87,1417145.12
1793.11,1643041.05
1080.88,1172396.77

LIGO_300_391.xml
1599.76,1529383.51
1661.43,1570248.23
1230.51,1287318.81
1095.87,1199606.67

LIGO_300_392.xml
1601.93,1530448.49
1526.51,1476802.8
1377.94,1370211.16
1094.18,1191572.98

LIGO_300_393.xml
1497.64,1450798.07
1364.64,1363235.78
1658.86,1549475.43
1137.69,1212963.96

LIGO_300_394.xml
1618.35,1524933.81
1538.61,1473347.12
1871.53,1685473.89
1056.84,1149810.15

LIGO_300_395.xml
1501.14,1458487.62
1578.32,1508009.55
1393.87,1389324.32
1083.93,1180941.19

LIGO_300_396.xml
1637.7,1548310.5
1507.71,1455750.72
1389.07,1380919.49
1100.48,1195687.79

LIGO_300_397.xml
1330.29,1327079.6
1368.41,1351573.1
1458.21,1410011.49
1054.29,1147755.2

LIGO_300_398.xml
1353.29,1353367.66
1597.8,1516542.56
1482.25,1432715.61
1151.97,1225718.91

LIGO_300_399.xml
1379.22,1371486.36
1402.93,1383208
1711.31,1588028.54
1100.1,1180353.64

LIGO_300_400.xml
1339.78,1343850.43
1349.56,1347449.1
1650.24,1539823.14
1086.37,1172037.72

LIGO_300_401.xml
1657.14,1559223.51
1358.16,1360158.05
1470.87,1436015.91
1041.77,1153106.99

LIGO_300_402.xml
1405.79,1389048.11
1276.05,1308330.52
1772.45,1630997.85
1075.02,1176842.16

LIGO_300_403.xml
1360.47,1348866.57
1293.02,1301307.82
1371.27,1349124.4
1066.61,1150640.55

LIGO_300_404.xml
1385.89,1355574.33
1458.93,1404770.15
1451.82,1389794.41
1058.24,1139951.79

LIGO_300_405.xml
1338.68,1327372.43
1329.19,1328816.17
1588.76,1495371.75
1093.19,1170707.92

LIGO_300_406.xml
1551.57,1472639.4
1367.05,1353968.24
1370.99,1349939.39
1047.32,1143338.21

LIGO_300_407.xml
1360.48,1352105.71
1387.78,1363861.63
1632.57,1528108.74
1073.71,1161342.49

LIGO_300_408.xml
1360.05,1358702.45
1488.13,1436547.83
1459.12,1414592.8
1072.15,1166461.54

LIGO_300_409.xml
1300.25,1300578.58
1418.15,1375951.37
1559.26,1466863.5
1062.04,1141377.63

LIGO_300_410.xml
1390.76,1369840.5
1317.37,1321876.35
1466.61,1421497.12
1121.45,1196376.92

LIGO_300_411.xml
1352.78,1333401.88
1345.47,1329875.21
1328.36,1316998.68
1025.25,1116627.68

LIGO_300_412.xml
1524.59,1469458.78
1408.46,1389979.75
1459.43,1421099.02
1046.45,1155430.57

LIGO_300_413.xml
1456.04,1399525.36
1496.06,1426905.05
1385.85,1346469.72
1103.61,1172066.9

LIGO_300_414.xml
1604.02,1516517.74
1595.52,1512993.91
1306.26,1317298.79
1044.47,1150326.44

LIGO_300_415.xml
1628.68,1544489.5
1604.78,1529979.99
1449.48,1423418.53
1134.95,1219234.22

LIGO_300_416.xml
1382.16,1374380.72
1321.96,1339077.09
1614.26,1526293.05
1058.11,1159439.19

LIGO_300_417.xml
1573.12,1517524.93
1498.46,1468265.79
1458.77,1438955.66
1153.3,1239894.52

LIGO_300_418.xml
1401.46,1394680.62
1611.41,1531573.98
1072.64,1174216.73
1244.64,1289643.28

LIGO_300_419.xml
1295.99,1303968.77
1341.13,1326994.94
1850.09,1667749.41
1050.47,1144375.63

LIGO_300_420.xml
1408.34,1391877.18
1538.67,1475840.25
1623.36,1532676.89
1097.35,1184816.13

LIGO_300_421.xml
1306.04,1293407.62
1351.78,1319373.39
1524.44,1430740.92
995.55,1086339.02

LIGO_300_422.xml
1340.61,1336494.83
1331.4,1329051.06
1721.11,1587877.14
1012.49,1118145.98

LIGO_300_423.xml
1629.41,1552732.95
1400.5,1393207.67
1401.21,1400367.1
1069.2,1180314.99

LIGO_300_424.xml
1359.8,1342634.47
1336.66,1328338.85
1337.45,1330782.97
1072.97,1156272.04

LIGO_300_425.xml
1338.48,1320782.98
1490.06,1420749.75
1321.33,1304097.5
1066.71,1139332.63

LIGO_300_426.xml
1423.93,1414327.09
1645.98,1562795.91
1058.06,1176402.3
1197.13,1271469.61

LIGO_300_427.xml
1652.61,1578762.46
1522.9,1487566.57
1082.65,1199514.12
1156.5,1250800.67

LIGO_300_428.xml
1361.24,1332113.64
1302.91,1289167.24
1361.52,1325068.05
1049.87,1125603.34

LIGO_300_429.xml
1498.34,1419884.63
1262.16,1264468.7
1306.57,1286657.41
1012.31,1098713.37

LIGO_300_430.xml
1542.86,1463024.71
1315.04,1311736.82
1367.16,1345520.46
1043.71,1132331.81

LIGO_300_431.xml
1464.05,1443917.62
1602.86,1535756.94
1400.42,1405776.5
1187.26,1262222.07

LIGO_300_432.xml
1465.61,1434848.19
1346.86,1354530.36
1488.44,1445602.86
1107.73,1195160.73

LIGO_300_433.xml
1380.92,1361899.64
1383.02,1359208.2
1552.8,1464842.34
1101.61,1174543.26

LIGO_300_434.xml
1423.96,1420024.7
1637.05,1557111.98
1408.55,1404884.26
1217.76,1287593.17

LIGO_300_435.xml
1395.4,1360573.89
1551.72,1466354.94
1545.33,1455633.66
1029.35,1118391.7

LIGO_300_436.xml
1518.95,1474087.14
1787.32,1658661.89
1466.22,1435243.04
1146.04,1228948.59

LIGO_300_437.xml
1356.27,1346928.06
1304.27,1314182.93
1424.33,1389790.82
1139.7,1204522.27

LIGO_300_438.xml
1472.78,1443309.79
1519.93,1476996.97
1524.04,1477050.64
1101.75,1204543.14

LIGO_300_439.xml
1319.15,1296356.98
1449.48,1387464.08
1744.08,1576821.68
970.74,1067282

LIGO_300_440.xml
1420.53,1425823.18
1585.7,1539181.03
1638.85,1565886.75
1190.51,1277383.62

LIGO_300_441.xml
1503.83,1473568.53
1609.44,1539598.96
1488.47,1449877.19
1107.87,1207551.28

LIGO_300_442.xml
1322.01,1333426.56
1600.29,1519404.78
1637.66,1535264.44
1113.43,1200420.15

LIGO_300_443.xml
1312.1,1315572.34
1615.47,1521550.05
1444.45,1402472.27
1112.31,1188243.74

LIGO_300_444.xml
1309.66,1287101.5
1379.49,1335522.99
1524.4,1417945.21
979.86,1068989.66

LIGO_300_445.xml
1388.68,1352980.31
1281.02,1280556.42
1707.97,1556884.64
1040.09,1120733.89

LIGO_300_446.xml
1332.7,1324961.32
1481.23,1426128.93
1391.31,1360405.4
1050.75,1136356.28

LIGO_300_447.xml
1494.8,1457505.5
1381.96,1380470.12
1215.07,1271778.46
1090.28,1193877.35

LIGO_300_448.xml
1466.62,1417376.02
1532.99,1459809.31
1537.52,1457298.97
1068.68,1155227.16

LIGO_300_449.xml
1338.05,1332446.14
1353.6,1346728.95
1584.05,1494371.59
1093.74,1173067.52

LIGO_300_450.xml
1321.32,1318825.87
1511.82,1452097.79
1352.79,1340665.83
1055.5,1149233.3

LIGO_300_451.xml
1359.66,1334288.91
1264.87,1267861.58
1554.96,1450132.64
1041.46,1123323

LIGO_300_452.xml
1300.09,1279078.3
1315.13,1288339.15
1495.42,1399445.51
1013.38,1086061.25

LIGO_300_453.xml
1394.3,1391036.41
1538.53,1488274.23
1404.08,1392736.78
1057.86,1168759.82

LIGO_300_454.xml
1417.84,1413021.56
1504.52,1472038.33
1118.4,1215656.45
1130.62,1220524.53

LIGO_300_455.xml
1335.94,1309625.35
1338.84,1309358.08
1454.88,1380736.61
1013,1090121.21

LIGO_300_456.xml
1266.63,1275834.53
1285.23,1284751.9
1565.34,1471015.82
1027.52,1116900.07

LIGO_300_457.xml
1538.56,1490626.03
1380.85,1387018.81
1357.8,1373475.69
1054.48,1176458.2

LIGO_300_458.xml
1362.33,1367043.81
1397.89,1393216.39
1648.21,1551561.15
1057.97,1166814

LIGO_300_459.xml
1361.61,1347214.84
1427.48,1394955.51
1668.45,1543537.04
1069.4,1152812.14

LIGO_300_460.xml
1338.69,1320616.69
1473.28,1410710.47
1658.62,1528935.08
1063.68,1135894.5

LIGO_300_461.xml
1310.8,1312306.59
1497.83,1433555.01
1623.83,1515816.19
1094.93,1171644.73

LIGO_300_462.xml
1395.61,1382805.62
1605.43,1525372.16
1511.77,1457158.73
1145.4,1220145.04

LIGO_300_463.xml
1675.48,1582481.5
1348.95,1360398.65
1108.21,1205910.69
1098.96,1203778.88

LIGO_300_464.xml
1436.06,1407793.74
1619.66,1533193.25
1350.59,1350910.45
1030.98,1142660.92

LIGO_300_465.xml
1454.23,1426912.04
1437.51,1411475.19
1496.03,1451095.82
1087.62,1181242.31

LIGO_300_466.xml
1312.06,1313630.08
1406.51,1380431.66
1632.75,1517988.2
1041.42,1132162.4

LIGO_300_467.xml
1383.86,1344611.82
1394.69,1354697.74
1551.88,1449396.35
974.83,1078427.36

LIGO_300_468.xml
1271.7,1264456.44
1188.36,1214150.53
1521.08,1428601.49
983.12,1076527.29

LIGO_300_469.xml
1520.79,1477645.86
1592.83,1527357.91
1384.51,1390560.68
1117.47,1210233.2

LIGO_300_470.xml
1287.92,1305072.53
1501.55,1451823.21
1389.23,1370538.71
1092.43,1177837.89

LIGO_300_471.xml
1334.51,1347677.62
1575.65,1504804.85
1607.89,1527413.53
1183.29,1249215.32

LIGO_300_472.xml
1330.2,1316866.72
1299.92,1293697
1393.78,1350792.5
1026.59,1115126.75

LIGO_300_473.xml
1251.99,1272075.57
1356.33,1337590.4
1449.37,1395404.06
1029.4,1122094.13

LIGO_300_474.xml
1356.11,1329463.52
1439.31,1387291.22
1577.57,1474663.37
1057.21,1135220.04

LIGO_300_475.xml
1330.91,1324946.43
1471.57,1419199.91
1424.49,1380464
1103.19,1173541.69

LIGO_300_476.xml
1328.76,1317533.55
1336.97,1322724.07
1499.28,1430032.31
1094.75,1162583.75

LIGO_300_477.xml
1392.41,1348857.12
1405.6,1359962.28
1486,1403746.85
995.14,1086749.2

LIGO_300_478.xml
1376.68,1362084.3
1330.98,1331721.75
1419.94,1392004.1
1066.25,1159598.8

LIGO_300_479.xml
1368.66,1329783.99
1461.22,1393277.9
1772.45,1595305.58
1045.31,1114065.88

LIGO_300_480.xml
1385.57,1380289.82
1604.29,1525847.24
1834.53,1676183.73
1127.38,1209761.98

LIGO_300_481.xml
1409.84,1385188.53
1571.18,1500300.98
1380.31,1366170.17
1108.58,1193271.15

LIGO_300_482.xml
1522.84,1474814.12
1491.65,1451168.57
1472.89,1431902.62
1262.06,1305944.08

LIGO_300_483.xml
1408.07,1384230.43
1323.12,1324972.48
1407.55,1379334.7
1088.33,1176029.86

LIGO_300_484.xml
1538.62,1461329.74
1383.3,1353689.37
1373,1343312.56
1074.27,1146462.82

LIGO_300_485.xml
1328.61,1328237.03
1254.91,1278267.64
1630.09,1520337.81
1047.19,1138897.99

LIGO_300_486.xml
1376.6,1346248.49
1317.99,1301709.53
1338.68,1309897.06
1045.56,1125849.74

LIGO_300_487.xml
1389.78,1350040.82
1406.26,1361215.79
1411.5,1357816.26
1032.36,1114007.17

LIGO_300_488.xml
1436.74,1404173.73
1583.06,1498528.89
1407.41,1385417.01
1093.1,1173104.78

LIGO_300_489.xml
1323.47,1334977.42
1346.45,1346863.71
1444.5,1414750.93
1066.49,1165423.4

LIGO_300_490.xml
1381.97,1354810.07
1287.39,1286398.66
1658.51,1526780
1018.83,1112755.31

LIGO_300_491.xml
1534.8,1477415.97
1559.09,1492263.99
1498.29,1451124.52
1083.72,1180410.59

LIGO_300_492.xml
1326.12,1318325.19
1362.98,1341128.13
1490.08,1418171.58
1057.58,1133485.79

LIGO_300_493.xml
1295.04,1295411.57
1450.05,1400418.82
1678.33,1544447.1
1088.06,1161150.21

LIGO_300_494.xml
1489.38,1439791.92
1444.41,1411329.72
1398.35,1375198.29
1074.63,1163876.06

LIGO_300_495.xml
1493.81,1457661.42
1508.5,1466476.9
1438.35,1413449.25
1116.32,1206203.66

LIGO_300_496.xml
1393,1366183.07
1351.25,1332319.9
1360.1,1335543.45
1075.94,1153956.95

LIGO_300_497.xml
1250.49,1241903.3
1440.59,1367569.24
1446.07,1363568.09
1002.05,1078638.17

LIGO_300_498.xml
1348.75,1345426.88
1546.96,1481282.95
1515.93,1456796.4
1096.6,1181558.43

LIGO_300_499.xml
1464.97,1435958.24
1500.32,1459617.48
1437.03,1411716.87
1086.96,1186381.3

LIGO_300_500.xml
1349.35,1348239.25
1532.98,1473362.3
1194.88,1247547.47
1069.06,1162258.43

LIGO_300_501.xml
1324.78,1332127.21
1483.39,1438033.99
1436.41,1404317.49
1098.4,1184554.55

LIGO_300_502.xml
1367.53,1373017.38
1366.81,1370022.91
1627.69,1541702.93
1102.45,1196347.75

LIGO_300_503.xml
1333.85,1298025.11
1194.3,1210751.87
1231.25,1233827.11
1026.32,1099788.84

LIGO_300_504.xml
1558.74,1477494.18
1297.99,1305149.64
1412.52,1380749.66
1123.75,1193858.66

LIGO_300_505.xml
1434.73,1404264.4
1613.69,1520891.59
1374.03,1361880.54
1032.2,1138736.76

LIGO_300_506.xml
1326.92,1327816.4
1561.25,1487651.24
1362.75,1349630.85
1107.16,1185363.68

LIGO_300_507.xml
1316.78,1283458.71
1382.41,1331533.08
1631.94,1488874.23
977.92,1059705.52

LIGO_300_508.xml
1279.88,1279759.6
1308.55,1298769.39
1379.54,1335471.92
1035.07,1115095.75

LIGO_300_509.xml
1585.12,1499654.2
1585.69,1497227.94
1294.21,1304110.6
1014.38,1123213.21

LIGO_300_510.xml
1354.77,1340515.24
1274.96,1289322.33
1420.13,1384317.31
1059.47,1147560.38

LIGO_300_511.xml
1351.86,1341075.16
1433.93,1394132.57
1472.09,1409750.96
1033.38,1131335.61

LIGO_300_512.xml
1443.48,1412378.92
1574.3,1500102.54
1775.23,1629687.17
1118.93,1198652.66

LIGO_300_513.xml
1490.96,1455665.55
1329.38,1347864.09
1278.77,1310295.87
1080.98,1184240.3

LIGO_300_514.xml
1378.22,1366763.23
1431.21,1402705.76
1352.38,1347050.7
1063.32,1162179.21

LIGO_300_515.xml
1503.66,1453738.39
1339.42,1345435.64
1506.7,1455291.23
1074.81,1171483.34

LIGO_300_516.xml
1552.94,1501557.46
1606.18,1536844.8
1540.54,1488940.62
1102.08,1202729.74

LIGO_300_517.xml
1421.18,1414483.42
1761.36,1644495.05
1087.4,1198417.89
1187.64,1260093.38

LIGO_300_518.xml
1266.11,1294109.7
1581.31,1507828.8
1417.48,1389141.17
1165.49,1228664.24

LIGO_300_519.xml
1252.93,1259950.92
1251.24,1258255.66
1529.03,1434064.42
1017.57,1100484.5

LIGO_300_520.xml
1395.17,1402530.17
1431.64,1428154.35
1464.08,1446089.66
1162.72,1249603.28

LIGO_300_521.xml
1296.18,1314881.98
1515.31,1459972.98
1641.92,1537527.63
1081.44,1173285.41

LIGO_300_522.xml
1264.03,1262309.74
1303.75,1290066.52
1513.76,1417528.54
1008.96,1094769.11

LIGO_300_523.xml
1552.33,1491400.72
1493.15,1451157.3
1379.85,1378509.18
1107.81,1199575.29

LIGO_300_524.xml
1291.79,1278935.84
1431.45,1376076.79
1338.85,1315097.78
1037.33,1111247.03

LIGO_300_525.xml
1480.52,1408721.61
1375.74,1341232.43
1376.06,1335424.75
1033.92,1119078.95

LIGO_300_526.xml
1395.87,1386276.94
1513.02,1463323.53
1081.88,1175603.2
1076.08,1170824.32

LIGO_300_527.xml
1381.01,1377896.35
1356.39,1360071.93
1494.95,1448202.99
1065.18,1170217.57

LIGO_300_528.xml
1341.77,1331609.5
1466.64,1415428.45
1514.29,1444163.74
1073.68,1154924.23

LIGO_300_529.xml
1303.19,1312906.01
1354.34,1346511.82
1597.22,1506688.33
1156.48,1221033.1

LIGO_300_530.xml
1434.82,1362326.22
1303.2,1268588.41
1494.62,1395215.11
939.88,1031788.48

LIGO_300_531.xml
1229.17,1242180.8
1471.51,1409584.2
1691.55,1543231.09
1007.63,1096844.75

LIGO_300_532.xml
1364.87,1353583.75
1439.79,1404167.56
1502.82,1444343.98
1094.8,1176266.12

LIGO_300_533.xml
1350.16,1359506.53
1595.5,1526872.84
1328.76,1347858.92
1105.69,1195441.06

LIGO_300_534.xml
1503.17,1438874.31
1405.39,1374261.63
1336.04,1330991.06
1073.51,1159180.45

LIGO_300_535.xml
1437.49,1395392.83
1267.01,1279836.19
1725.86,1582306.86
1046.64,1138155.87

LIGO_300_536.xml
1294.56,1301869.18
1425.25,1386454.46
1427.6,1381052.52
1042.78,1134819.69

LIGO_300_537.xml
1301.57,1300131.3
1356.48,1338277.17
1689.44,1559693.93
1017.06,1113763.59

LIGO_300_538.xml
1569.52,1495845.84
1614.23,1525454.17
1550.33,1476984.06
1122.09,1200807.11

LIGO_300_539.xml
1473.4,1445583.54
1616.46,1536669.26
1159.88,1235918.02
1147.76,1231489.27

LIGO_300_540.xml
1600.61,1532122.25
1416.9,1405040.5
1531.29,1476207.24
1059.89,1171840.91

LIGO_300_541.xml
1280.88,1264215.29
1425.27,1358099.34
1412.72,1346781.71
1004.76,1083256.55

LIGO_300_542.xml
1417.48,1375757.76
1313.43,1304775.81
1614.02,1496603.48
1065.67,1142023.57

LIGO_300_543.xml
1664.16,1576947.64
1551.47,1501737.69
1366.65,1375350.33
1058.17,1175148.88

LIGO_300_544.xml
1365.02,1359010.54
1332.79,1335316.48
1507.71,1453328.38
1118.7,1200981.15

LIGO_300_545.xml
1679.88,1570963.57
1292.8,1313549.76
1603.06,1510913.1
1103.98,1191449.99

LIGO_300_546.xml
1368.52,1365146.39
1437.79,1416459.92
1547.39,1480241.02
1112.57,1198351.32

LIGO_300_547.xml
1299.48,1310660.8
1552.96,1483105.48
1366.75,1359266.11
1112.71,1194486.13

LIGO_300_548.xml
1457.21,1413176.46
1535.85,1461038.88
1454.56,1401998.66
1082.65,1162389.33

LIGO_300_549.xml
1373.01,1354823.39
1297.63,1303269.02
1412.13,1372822.52
1072.39,1159155.56

LIGO_300_550.xml
1341.14,1337901.3
1331.46,1332430.74
1728.73,1593883.05
1085.06,1165149.01

LIGO_300_551.xml
1415.42,1385965.19
1290.33,1296909.6
1445.45,1397801.55
1057.04,1145770.87

LIGO_300_552.xml
1253,1273773.7
1268.98,1281856.78
1650.61,1532527.27
1053.77,1143282.28

LIGO_300_553.xml
1388.94,1378659.83
1329.18,1338206.34
1393.86,1381417.9
1110.4,1197789.69

LIGO_300_554.xml
1340.62,1336053.56
1522.01,1460242.61
1436.49,1396286.46
1085.74,1168236.29

LIGO_300_555.xml
1334.92,1345003.92
1348.8,1352040.68
1448.79,1412770.85
1099.62,1190328.83

LIGO_300_556.xml
1786.47,1653110.08
1404.32,1398723.81
1397.35,1398955.56
1070.2,1181750.83

LIGO_300_557.xml
1390.79,1378784.49
1445.14,1415779.01
1420.03,1392030.45
1038.8,1144599.95

LIGO_300_558.xml
1554.4,1484660.21
1513.7,1458403.32
1053.68,1150462.59
1039.82,1145858.28

LIGO_300_559.xml
1271.5,1256697.13
1274.26,1258595.79
1372.05,1318808.61
984,1068980.76

LIGO_300_560.xml
1346.09,1345606.81
1570.6,1496197.46
1459.81,1415540.38
1091.59,1179640.24

LIGO_300_561.xml
1224.42,1249959.21
1378.86,1353407.65
1639.95,1518061.54
1036.69,1127806.68

LIGO_300_562.xml
1425.98,1404294.03
1521.84,1463700.35
1594.65,1500036.67
1090.8,1177601.31

LIGO_300_563.xml
1406.14,1387424.85
1418.16,1389814.27
1664.24,1550942.79
1124.58,1199058.99

LIGO_300_564.xml
1370.58,1368794.97
1335.42,1337850.75
1522.62,1461467.9
1054.53,1157808.28

LIGO_300_565.xml
1283.48,1288520.92
1252.4,1271239.72
1267.13,1274529.46
1054.38,1138546.15

LIGO_300_566.xml
1464.39,1433444.97
1636.96,1551920.59
1446.79,1418626.48
1142.21,1221458.05

LIGO_300_567.xml
1494.84,1463455.43
1638.09,1560688.79
1299.46,1337737.96
1228.26,1294491.83

LIGO_300_568.xml
1254.22,1247086.83
1254.28,1248783.85
1377.57,1324298.08
938.55,1039714.71

LIGO_300_569.xml
1290.71,1311721.76
1493.81,1453166.55
1729.46,1602204.67
1106.75,1190449.85

LIGO_300_570.xml
1339.2,1339757.2
1347.13,1344330.87
1679.99,1563236.94
1073.85,1167675.44

LIGO_300_571.xml
1287.89,1295920.11
1521.95,1451466.3
1252.07,1277141.41
1067.59,1155900.82

LIGO_300_572.xml
1394.15,1356233.91
1306.52,1297396.51
1592.35,1486251.98
1034.22,1121610.07

LIGO_300_573.xml
1301.4,1288044.44
1410.5,1362023.15
1264.87,1258303.95
1043.75,1114187.89

LIGO_300_574.xml
1351.62,1345252.26
1472.68,1421904.24
1350.41,1339373.87
1088.41,1170952.69

LIGO_300_575.xml
1305.45,1311707.33
1238.43,1262548.08
1432.78,1383127.13
1060.93,1150168.19

LIGO_300_576.xml
1413.87,1365973.77
1406.04,1364065.35
1602.47,1481310.24
1001.26,1094697.25

LIGO_300_577.xml
1499.03,1456292.21
1322.17,1333930.42
1520.13,1456440.51
1077.64,1174742.8

LIGO_300_578.xml
1421.89,1415646.73
1443.05,1425428.83
1064.26,1176072.24
1099.62,1198058.11

LIGO_300_579.xml
1368.55,1353364.22
1363.17,1348217.41
1707.61,1570338.84
1088.8,1170021.38

LIGO_300_580.xml
1677.41,1579851.89
1574.33,1513137.84
1078.52,1188962.35
1091.12,1193756.29

LIGO_300_581.xml
1386.75,1352586.02
1398.59,1363092.87
1622.89,1500409.3
1046.82,1124872.95

LIGO_300_582.xml
1694.28,1591471.65
1404.61,1394456.45
1080.77,1186904.59
1246.81,1296033.13

LIGO_300_583.xml
1338.25,1328666.08
1458.65,1405794.92
1517.79,1443528.42
1047.21,1133749.93

LIGO_300_584.xml
1608.66,1540430.05
1525.08,1483610.22
1647.9,1566268.08
1131.94,1230147.61

LIGO_300_585.xml
1343.73,1321359.1
1398.43,1360230.75
1327.05,1308496.71
1009.08,1099485.41

LIGO_300_586.xml
1530.74,1488907.03
1601.71,1535958.17
1049.35,1171998.43
1176.63,1256237.16

LIGO_300_587.xml
1371.87,1350860.13
1356.94,1345072.73
1766.83,1614071.73
1050.99,1140684.99

LIGO_300_588.xml
1315.11,1285329.64
1237.95,1238697.69
1562.87,1448136.29
1012.3,1086929.12

LIGO_300_589.xml
1508.57,1463683.4
1410.28,1398886.72
1053.53,1162399.95
1131.57,1216646.76

LIGO_300_590.xml
1403.45,1385590.95
1515.74,1459460.02
1424.12,1398378.43
1115.61,1202135.33

LIGO_300_591.xml
1415.31,1380980.72
1417.66,1381945.5
1703.47,1568472.46
1057.54,1144875.11

LIGO_300_592.xml
1603.04,1552540.06
1634.39,1565463.61
1102.36,1218826.74
1160.11,1253207.29

LIGO_300_593.xml
1663.42,1565948.64
1615.5,1536469.9
1279.11,1310593.52
1037.62,1151575.64

LIGO_300_594.xml
1556.78,1459152.75
1268.34,1265845.3
1719.65,1566700.9
1064.64,1129186.56

LIGO_300_595.xml
1349.84,1337920.21
1486.37,1423678.72
1455.82,1404667.13
1063.95,1148436.34

LIGO_300_596.xml
1528.39,1480422.09
1576.36,1511239.88
1513.64,1460659.06
1097.7,1193821.84

LIGO_300_597.xml
1687.13,1595759.51
1559.25,1511821.88
1602.34,1530372.45
1158.56,1244892

LIGO_300_598.xml
1393.5,1378235.81
1390.4,1374891.47
1109.16,1191617.38
1128.16,1204667.5

LIGO_300_599.xml
1437.75,1417506.93
1331.47,1345959.04
1406.56,1395880.4
1113.84,1200953.73

LIGO_300_600.xml
1540.4,1472272.39
1311.03,1316805.97
1366.68,1348752.89
1163.36,1223080.93

LIGO_300_601.xml
1579.14,1491158.38
1469.09,1416360.93
1427.78,1380188.74
1039.01,1134149.5

LIGO_300_602.xml
1320.86,1310066.25
1267.03,1271650.74
1672.93,1539743.98
1078.02,1151367.93

LIGO_300_603.xml
1317.57,1302740.73
1384.96,1350537.88
1276.69,1271992.78
1008.37,1096942.33

LIGO_300_604.xml
1463.86,1408366.3
1289.61,1295722.45
1477.6,1410824.02
1025.12,1119918.56

LIGO_300_605.xml
1372.14,1372967.74
1589.44,1525658.83
1427.35,1407061.35
1096.02,1193956.42

LIGO_300_606.xml
1559.05,1490600.37
1401.27,1379092.19
1350.98,1348154.93
1097.34,1179948.28

LIGO_300_607.xml
1390.32,1364107.58
1301.49,1297903.98
1568.85,1469851.03
1078.13,1155365.55

LIGO_300_608.xml
1365.82,1359533.51
1579.81,1505080.52
1638.59,1529546.26
1063.58,1160705.43

LIGO_300_609.xml
1312.25,1292198.57
1520.94,1430030.26
1304.56,1281819.56
1011.96,1091766.9

LIGO_300_610.xml
1369.39,1357674.67
1578.51,1499777.44
1374.46,1361485.34
1085.91,1169155.9

LIGO_300_611.xml
1291.01,1288140
1327.99,1309248.91
1632.4,1511667.29
1048.08,1124299.33

LIGO_300_612.xml
1458.49,1419229.48
1390.75,1376393.16
1267.37,1300949.56
1053.1,1157329.98

LIGO_300_613.xml
1465.73,1420564.42
1501.4,1442415.88
1368.32,1347821.7
1089.57,1169961.54

LIGO_300_614.xml
1363.67,1363725.75
1511.63,1466458.15
1429.87,1405805.22
1116.43,1197871.09

LIGO_300_615.xml
1316.56,1318156.62
1366.58,1349731.27
1566.69,1485429.73
1051.36,1141622.42

LIGO_300_616.xml
1465.8,1425697.93
1380.53,1367175.37
1496.71,1439779.3
1102.93,1184581.37

LIGO_300_617.xml
1402.13,1387721.11
1540.27,1486696.87
1725.55,1598381.85
1064,1165360.74

LIGO_300_618.xml
1341.69,1329835.54
1456.2,1405139.09
1512.24,1430210.62
1047.82,1135816.7

LIGO_300_619.xml
1490.29,1458121.46
1324.85,1347867.75
1505.22,1464211.73
1119.41,1211563.2

LIGO_300_620.xml
1389.57,1396598.14
1681.18,1591925.29
1402.5,1397390.07
1144.97,1233813.09

LIGO_300_621.xml
1556.96,1491103.91
1358.95,1356220.43
1514.18,1458160.28
1080.63,1170327.16

LIGO_300_622.xml
1425.83,1414494.98
1721.26,1613973.9
1491.22,1460900.29
1235.36,1291173.95

LIGO_300_623.xml
1450.41,1433595.9
1338.6,1357226.86
1510.27,1467283.39
1149.47,1235077.25

LIGO_300_624.xml
1247.74,1256172.69
1277.88,1276604.14
1202.65,1224473.72
1029.08,1112994.39

LIGO_300_625.xml
1402.04,1381105.49
1366.8,1355697.55
1375.8,1355837.35
1050.16,1145187.95

LIGO_300_626.xml
1482.84,1445316.1
1472.86,1435886.28
1554.54,1480712.81
1136.15,1213032.58

LIGO_300_627.xml
1653.43,1549034.15
1314.22,1318947.1
1494.34,1433271.16
1067.17,1160482.3

LIGO_300_628.xml
1641.4,1543919.6
1545.33,1484786.36
1253.71,1284956.13
1095.87,1181583.6

LIGO_300_629.xml
1285.25,1299089.23
1439.15,1407007.8
1555.61,1469314.93
1135.75,1200571.69

LIGO_300_630.xml
1331.26,1315467.76
1308.48,1303281.97
1410.65,1364444.87
1075.14,1149236.31

LIGO_300_631.xml
1299,1299094.7
1343.11,1329532.2
1707.57,1559133.49
1080.33,1150173.85

LIGO_300_632.xml
1416.88,1373359.41
1436.34,1384235.27
1367.96,1341320.96
1060.73,1137300.19

LIGO_300_633.xml
1342.02,1309207.35
1254.21,1248851.94
1248.86,1240311.86
1005.74,1086882

LIGO_300_634.xml
1214.94,1214646.54
1317.79,1288277.51
1311.53,1275021.69
971.96,1053919.46

LIGO_300_635.xml
1358.02,1344036.02
1348.66,1337979.98
1478.27,1415535.68
1072.09,1152627.76

LIGO_300_636.xml
1386.6,1355879.42
1444.65,1397563.75
1680.1,1544357.93
1059.83,1138665.7

LIGO_300_637.xml
1374.9,1354437.44
1299.72,1304346.67
1395.16,1363273.16
1017.45,1116758.86

LIGO_300_638.xml
1511.6,1453970.15
1316.62,1320335.92
1393.83,1367048.99
1187.12,1246157.63

LIGO_300_639.xml
1321.14,1321797.13
1487.46,1432854.68
1408.97,1375423.17
1054.34,1144588.33

LIGO_300_640.xml
1351.8,1335763.14
1418.91,1382726.39
1578.99,1478104.6
1073.65,1153093.13

LIGO_300_641.xml
1279.71,1300109.02
1429.58,1398102.95
1651,1541056.51
1066.75,1156855.42

LIGO_300_642.xml
1533.3,1488564.78
1550.64,1501964.55
1499.47,1460294.81
1162.91,1243671.29

LIGO_300_643.xml
1373.91,1384567.93
1349.16,1369857.6
1182.45,1256951.87
1073.78,1188709.76

LIGO_300_644.xml
1547.96,1488526.99
1414.46,1399733.59
1500.91,1456429.21
1080.66,1183358.68

LIGO_300_645.xml
1260.73,1264520.12
1303.61,1293835.07
1412.2,1360260.17
1082.41,1143281.73

LIGO_300_646.xml
1337.07,1326747.43
1501.69,1433980.93
1647.02,1530853.55
1102.45,1168059.89

LIGO_300_647.xml
1405.21,1398102.61
1378.04,1383061.23
1641.86,1554032.55
1119.02,1211734.47

LIGO_300_648.xml
1480.64,1430020.1
1328.31,1330169.84
1422.14,1393766.45
1063.42,1156359.86

LIGO_300_649.xml
1545,1495920.99
1552.56,1502629.73
1312.73,1346731.95
1114.42,1214264.42

LIGO_300_650.xml
1471.88,1429443.21
1337.17,1335151.97
1504.48,1443527.15
1145.8,1208118.16

LIGO_300_651.xml
1462.21,1430104.33
1554.01,1494608.54
1104.05,1192703.76
1052.01,1160483.02

LIGO_300_652.xml
1382.52,1345458.11
1317.65,1302496.99
1554.13,1448645.64
1015.24,1100833.47

LIGO_300_653.xml
1487.4,1453352.22
1336.37,1352334.95
1395.98,1393473.64
1154.78,1231331.58

LIGO_300_654.xml
1623.04,1540803.81
1566.14,1503486.52
1300.46,1325613.61
1157.48,1230144.82

LIGO_300_655.xml
1343.15,1338526.59
1427.84,1399308.45
1269.43,1285488.72
1036.25,1134919.45

LIGO_300_656.xml
1348.03,1355363.57
1469.21,1441681.36
1388.37,1379679.39
1096.7,1191570.02

LIGO_300_657.xml
1332.26,1311376.46
1517.26,1430454.03
1579.77,1470546.83
1042.89,1120323.97

LIGO_300_658.xml
1441.2,1428918.58
1629.15,1557783.96
1373.87,1387903.12
1068.97,1183299.8

LIGO_300_659.xml
1501.15,1459317.86
1651.09,1555031.66
1458.42,1428669.98
1115.32,1204479.13

LIGO_300_660.xml
1307.71,1290228.17
1251.17,1254968.07
1456.75,1380361.13
996.35,1083001.54

LIGO_300_661.xml
1472.59,1427213.19
1413.39,1393142.95
1666.85,1547148.12
1075.54,1163923.44

LIGO_300_662.xml
1303.51,1285563.78
1307.93,1285759.01
1353.28,1314838.36
1004.57,1088396.68

LIGO_300_663.xml
1592.15,1502615.91
1325.25,1327251.85
1502,1434114.04
1074.25,1160041.21

LIGO_300_664.xml
1299.47,1289337.22
1441.12,1383814.2
1331.26,1304515.2
1016.67,1101608.37

LIGO_300_665.xml
1372.99,1351569.44
1535.03,1462365.69
1452.76,1394776.01
1086.04,1167493.73

LIGO_300_666.xml
1544.89,1490585.2
1461.17,1442447.46
1344.35,1362854.38
1090.16,1195811.29

LIGO_300_667.xml
1541.94,1489539.1
1632.18,1549265.02
1167.89,1240377.36
1059.33,1172851.22

LIGO_300_668.xml
1294.06,1299540.83
1289.53,1297206.09
1373.2,1346685.76
1079.23,1155023.26

LIGO_300_669.xml
1339.28,1314270.71
1269.37,1270461.11
1556.87,1451372.58
1022.49,1103577.07

LIGO_300_670.xml
1346.97,1343984.18
1546.97,1481069.69
1121.93,1198628.26
1022.62,1134900.03

LIGO_300_671.xml
1286.79,1292957.63
1269.77,1278413.07
1631.69,1512489.41
1088.87,1160165.82

LIGO_300_672.xml
1345.15,1350236.5
1309.32,1326541.96
1486.78,1439577.16
1128.69,1204694.63

LIGO_300_673.xml
1244.65,1243865.37
1419.93,1362060.54
1373.42,1325080.21
1021.31,1096302.7

LIGO_300_674.xml
1372.1,1378447.79
1354.56,1371115.12
1474.1,1447269.45
1169.09,1244281.83

LIGO_300_675.xml
1298.85,1313914.37
1267.41,1296131
1428.26,1396506.92
1051.35,1149278.83

LIGO_300_676.xml
1279.5,1295679.3
1424.08,1394251.1
1585.2,1494904.79
1089.93,1170872.82

LIGO_300_677.xml
1385.9,1374956.12
1585.94,1515314.57
1358.2,1364244.64
1066.85,1170408.08

LIGO_300_678.xml
1359.92,1342147.73
1478.45,1426974.81
1485.58,1425123.01
1068.38,1151846.05

LIGO_300_679.xml
1288.76,1280348.38
1313.23,1297746.48
1597.19,1476276.01
1042.1,1114726.45

LIGO_300_680.xml
1454.14,1417810.91
1563.72,1494908.36
1385.24,1371329.46
1053.07,1154849.48

LIGO_300_681.xml
1528.26,1468514.5
1577.93,1495790.65
1444.03,1410778.66
1041.03,1144825.77

LIGO_300_682.xml
1493.39,1450564.77
1492.48,1444423.71
1468.81,1420294.96
1061.84,1160117.91

LIGO_300_683.xml
1574.5,1502250.7
1598.26,1518197.64
1545.31,1475066.76
1078.91,1173059.48

LIGO_300_684.xml
1460.66,1417837.64
1396.5,1373960.06
1472.88,1420149.63
1094.48,1177026.41

LIGO_300_685.xml
1385.73,1379302.22
1345.98,1355427.94
1363.09,1368235.15
1092.01,1189766.02

LIGO_300_686.xml
1519.35,1477655.98
1326.26,1346428.16
1418.14,1405771.54
1088.63,1191868.6

LIGO_300_687.xml
1300.53,1298763.51
1272.62,1278083.26
1682.88,1547387.85
1027.71,1120844.32

LIGO_300_688.xml
1334.49,1324221.44
1430.89,1389934.59
1621.22,1507117.68
1090.06,1158967.93

LIGO_300_689.xml
1318.73,1318943.14
1389.84,1366436.2
1399.6,1366366.82
1075.26,1159565.33

LIGO_300_690.xml
1423.43,1364029.18
1234.43,1232995.05
1678.8,1523892.03
949.04,1047084.48

LIGO_300_691.xml
1326.91,1301959.2
1256.71,1257803.55
1565.82,1456094.59
1001.59,1088645

LIGO_300_692.xml
1410.49,1394991.31
1376.7,1369452.72
1247.87,1285458.8
1198.7,1260923.99

LIGO_300_693.xml
1546.73,1483560.49
1465.37,1422900.62
1476.99,1427701.36
1129.14,1201985.42

LIGO_300_694.xml
1346.77,1344096.93
1316.54,1321670.34
1726.9,1584390.2
1123.79,1194159.33

LIGO_300_695.xml
1397.55,1395046.84
1559.81,1501361.85
1394.62,1390062.23
1086.45,1189771.33

LIGO_300_696.xml
1326.6,1340153.19
1314.47,1328892.09
1574.61,1507202.7
1135.06,1217698.55

LIGO_300_697.xml
1737.45,1615929.94
1330.71,1346609.28
1437.46,1412214.34
1186.99,1258624.46

LIGO_300_698.xml
1552.02,1477461.39
1482.97,1425456.46
1481.6,1418712.54
1083.95,1164187.42

LIGO_300_699.xml
1385.79,1394063.44
1372.66,1384128.69
1585.9,1519301.04
1183.81,1258092.52

LIGO_300_700.xml
1319.13,1313983.4
1463.95,1404979.8
1375.11,1338216.26
1036.73,1121554.12

LIGO_300_701.xml
1612.64,1540260.75
1381.74,1382866.57
1164,1239477.2
1050.58,1164567.09

LIGO_300_702.xml
1380.15,1332282.9
1231.38,1234515.33
1375.53,1321300.58
1018.58,1090568.37

LIGO_300_703.xml
1367.08,1350153.33
1300.09,1304198.37
1371.68,1347495.08
1051.86,1143608.71

LIGO_300_704.xml
1328.29,1309682.97
1366.01,1335289.16
1348.76,1318367.01
1143.86,1187975.01

LIGO_300_705.xml
1337.03,1327437.16
1505.35,1439159.73
1540.88,1456270.19
1056.72,1145201.31

LIGO_300_706.xml
1360.6,1359289.39
1448.34,1420124.13
1350.32,1352170.2
1095.63,1185523.99

LIGO_300_707.xml
1466.8,1405774.82
1292.45,1285927.95
1564.77,1468163.31
1055.02,1131462.1

LIGO_300_708.xml
1406.34,1390815.42
1607.94,1528554.79
1354.79,1356956.83
1127.63,1208862.57

LIGO_300_709.xml
1495.81,1471045.23
1620.32,1553599.26
1380.93,1390984.62
1095.09,1203966.69

LIGO_300_710.xml
1339.22,1324714.68
1247.27,1257387.49
1354.16,1326697.34
1062.87,1137581.7

LIGO_300_711.xml
1547.96,1503320.12
1557.34,1511966.57
1168.57,1255228.99
1126.83,1232258.08

LIGO_300_712.xml
1247.59,1258110.85
1352.62,1328924.43
1612.35,1492125.84
987.34,1087554.91

LIGO_300_713.xml
1353.05,1345288.98
1610.87,1522518.67
1646.92,1544459.07
1063.01,1155388.48

LIGO_300_714.xml
1372.92,1354289.9
1564.13,1483582.42
1430.71,1381789.56
1067.05,1149819.06

LIGO_300_715.xml
1560.43,1519369.22
1646.74,1578696.19
1642.04,1572124.99
1142.92,1246347.47

LIGO_300_716.xml
1268.37,1270249.23
1272.17,1271154.24
1400.74,1354048.68
1050.22,1126114.88

LIGO_300_717.xml
1548.21,1506417.31
1633.86,1563799.6
1547.43,1499986.9
1153.77,1245083.04

LIGO_300_718.xml
1363.28,1318800.94
1379.11,1328328.77
1296.07,1265729.52
989.44,1073584.1

LIGO_300_719.xml
1265.95,1257110.79
1236.08,1240497.91
1326.6,1294430.7
1017.66,1092064.45

LIGO_300_720.xml
1551.33,1491837.59
1504.9,1459755.27
1584.86,1516088.23
1163.12,1235777.05

LIGO_300_721.xml
1353.82,1335102.91
1338.62,1329141.97
1550.64,1463990.83
1075.56,1154508.29

LIGO_300_722.xml
1426.63,1386193.28
1470.43,1416247.56
1475.32,1413658.38
1027.9,1123020.23

LIGO_300_723.xml
1378.41,1367142.64
1591.59,1505808.72
1391.64,1371891.09
1094.74,1177757.43

LIGO_300_724.xml
1362.12,1362812.53
1454.78,1422897.94
1572.03,1495707.27
1098.39,1188023.75

LIGO_300_725.xml
1601.71,1499739.8
1480.38,1417284.75
1411.34,1368756.76
1076.18,1150971.86

LIGO_300_726.xml
1281.98,1294661.62
1503.68,1447162.67
1456.24,1407536.41
1072.16,1158099.09

LIGO_300_727.xml
1357.17,1339867.54
1426.26,1388844.31
1366.94,1342985.37
995.5,1103154.85

LIGO_300_728.xml
1589.28,1518987.98
1425.81,1413144.31
1519.78,1469971.18
1128.05,1213069.45

LIGO_300_729.xml
1616.72,1532953.04
1513.67,1464110.61
1454.26,1422292.43
1071.53,1172258.99

LIGO_300_730.xml
1266.71,1260444.62
1306.61,1287609.86
1629.31,1493776.98
1019.53,1096345.73

LIGO_300_731.xml
1390.36,1358054.14
1376.47,1355129.95
1359.32,1338963.4
1024.45,1121152.6

LIGO_300_732.xml
1514.99,1455599.14
1583.75,1501795.41
1380.19,1364236.31
1108.93,1187273.76

LIGO_300_733.xml
1436.3,1407407.78
1476.91,1436832.5
1454.98,1414153.47
1094.41,1180155.61

LIGO_300_734.xml
1396.82,1363661.15
1534.47,1457616.5
1493.95,1420142.22
1073.8,1148869.43

LIGO_300_735.xml
1403.53,1350851.22
1271.25,1262336.34
1324.82,1296128.3
1044.27,1112957.27

LIGO_300_736.xml
1527.85,1466371.71
1539.82,1477368.28
1476.22,1432593.29
1093.44,1182255.47

LIGO_300_737.xml
1396.05,1373607.46
1302.03,1311807.54
1565.82,1476352.55
1042.8,1139533

LIGO_300_738.xml
1310.49,1325928.94
1434.7,1409536.59
1726.44,1599311.43
1063.52,1162525.67

LIGO_300_739.xml
1496.98,1456479.16
1580.48,1516170.63
1404.37,1396742.04
1154.23,1227988.11

LIGO_300_740.xml
1486.9,1415649.09
1499.02,1426112.35
1268.68,1271431.92
985.14,1083527.79

LIGO_300_741.xml
1304.71,1299646.15
1313.26,1304423.98
1652.87,1527182.06
1028.85,1118598.4

LIGO_300_742.xml
1513.93,1463357.03
1441.97,1411893.7
1405.25,1391665.31
1103.16,1194710.14

LIGO_300_743.xml
1474.18,1423886.81
1511.37,1444409.02
1412.53,1374130.99
1048.97,1140449.69

LIGO_300_744.xml
1478.17,1444157.35
1554.84,1494049.61
1396.2,1391689.81
1130.53,1213845.7

LIGO_300_745.xml
1541.41,1478263.65
1612.41,1523859.75
1222.72,1270207.23
1066.94,1167269.34

LIGO_300_746.xml
1406.04,1360227.65
1311.88,1295569.09
1336.32,1309252.79
983.92,1081698.59

LIGO_300_747.xml
1510.45,1440703.08
1444.52,1392691.67
1579.84,1472748.38
1016.32,1109925.71

LIGO_300_748.xml
1585.45,1512442.62
1558.3,1489517.21
1425.7,1398885.87
1101.83,1192400.91

LIGO_300_749.xml
1359.38,1347252.4
1231.69,1261076.44
1710.82,1569442.67
1069.43,1151190.13

LIGO_300_750.xml
1608.39,1514217.45
1575.54,1494568.99
1457.81,1410405.98
1022.79,1127520.49

LIGO_300_751.xml
1783.14,1666901.55
1563.94,1518980.84
1479.22,1465883.25
1085.99,1204165.61

LIGO_300_752.xml
1329.22,1309056.45
1307.03,1298292.46
1310.94,1295364.75
998.76,1095491.36

LIGO_300_753.xml
1396.75,1387671.9
1380.47,1376612.09
1247.86,1289035.55
1090.31,1186300.41

LIGO_300_754.xml
1379.13,1348025.65
1280.48,1278494.25
1802.67,1630757.62
1028.97,1117242.75

LIGO_300_755.xml
1334.27,1349901.85
1475.88,1445395.2
1085.64,1184532.02
1088.64,1188209.74

LIGO_300_756.xml
1239.8,1259296.05
1279.51,1290091.35
1438.08,1384784.32
1072.84,1150617

LIGO_300_757.xml
1615.4,1572389.1
1653.57,1597863.68
1183.73,1284944.45
1169.69,1277272.26

LIGO_300_758.xml
1557.1,1498608.61
1599.3,1526069.1
1100.44,1192874.58
1078.58,1181597.17

LIGO_300_759.xml
1472.67,1436040.22
1526.68,1466369.12
1513.26,1457262.14
1091.45,1181704.25

LIGO_300_760.xml
1593.69,1540681.62
1632.96,1561630.74
1094.46,1208921.13
1316.99,1359795.41

LIGO_300_761.xml
1422.09,1408597.31
1607.8,1532123.73
1301.95,1326312.86
1089.52,1188058.98

LIGO_300_762.xml
1554.41,1490037.43
1576.92,1506748.39
1365.27,1358923.53
1070.36,1168896.59

LIGO_300_763.xml
1649.33,1565084.2
1351.96,1365168.51
1499.01,1458351.7
1167.44,1245887.59

LIGO_300_764.xml
1436.39,1409389.27
1427.63,1404643.79
1441.1,1400322.14
1050.79,1153713.98

LIGO_300_765.xml
1577.89,1517677.8
1588.28,1524643.38
1385.52,1387596.11
1099.42,1202208.33

LIGO_300_766.xml
1329.85,1329753.57
1332.86,1335922.32
1392.64,1375827.73
1066.49,1158025.1

LIGO_300_767.xml
1344.55,1353684.72
1585.35,1516953.85
1515.45,1464988.93
1154.45,1231714.25

LIGO_300_768.xml
1338.82,1330072.97
1371.38,1351328.14
1379.97,1354937
1042.58,1137188.2

LIGO_300_769.xml
1404,1392629.25
1536.91,1481543.39
1427.6,1401842.1
1078.97,1179174.62

LIGO_300_770.xml
1349.18,1340430.7
1530.92,1461928.25
1363.5,1344989.79
1042.08,1140791.24

LIGO_300_771.xml
1341.36,1336102.26
1334.9,1332035.63
1557.75,1475710.1
1072.66,1160333.67

LIGO_300_772.xml
1500.49,1465113.67
1336.53,1353685.59
1408.3,1398141.59
1139.7,1223505.01

LIGO_300_773.xml
1379.1,1378795.43
1542.15,1489556.62
1352.65,1361254.8
1061.22,1168382.18

LIGO_300_774.xml
1571.24,1501641.71
1495.38,1447744.05
1438.56,1401159.84
1086.34,1178248.46

LIGO_300_775.xml
1358.17,1371153.19
1357.44,1371849.7
1583.12,1521081.14
1105.24,1205885.26

LIGO_300_776.xml
1561.46,1481500.29
1334.95,1325801.02
1371.13,1339514.23
1014.52,1111584.69

LIGO_300_777.xml
1450.9,1411067.38
1440.81,1406534.46
1475.94,1420679.56
1068.35,1157107.4

LIGO_300_778.xml
1442.02,1407755.98
1392.76,1374976.8
1852.34,1671703.37
1061.14,1157218.83

LIGO_300_779.xml
1361.27,1341985.06
1547.72,1474507.78
1393.67,1359522.73
1033.85,1129628.84

LIGO_300_780.xml
1373.73,1374681.21
1452.43,1425248.5
1545.11,1479120.57
1085.15,1184281.55

LIGO_300_781.xml
1450.16,1389863.56
1323.89,1305037.8
1325.37,1302884.71
1008.88,1100652.72

LIGO_300_782.xml
1467.55,1434306.2
1577.61,1507869.83
1203.97,1261384.31
1109.39,1196315.79

LIGO_300_783.xml
1353.34,1330979.68
1320.75,1300736.88
1514.76,1430066.33
1069.05,1141001.93

LIGO_300_784.xml
1276.41,1295153.82
1506.45,1444365.1
1423.63,1379854.99
1077.17,1158447.97

LIGO_300_785.xml
1553.31,1494860.12
1458.87,1428681.14
1398.4,1396393.58
1077.35,1182527.93

LIGO_300_786.xml
1481.91,1427269.62
1353.64,1343294.66
1401.89,1371228.01
1101.06,1173671.62

LIGO_300_787.xml
1362.84,1345924.63
1472.41,1421321.64
1755.42,1604955.64
1070.73,1156730.79

LIGO_300_788.xml
1538.19,1485091.71
1413.09,1394806.91
1361.53,1358779.07
1162.21,1232254.3

LIGO_300_789.xml
1291.58,1288152.55
1383.7,1349536.26
1675.07,1537663.51
1024.01,1112715.87

LIGO_300_790.xml
1433.71,1400629.07
1512.84,1451548.1
1035.69,1139556.35
1074.35,1167338.69

LIGO_300_791.xml
1418.63,1407227.72
1602.97,1532592.72
1690.82,1577673.51
1051.3,1165357.96

LIGO_300_792.xml
1611.05,1532713.97
1401.51,1394501.47
1441.91,1412818.22
1068.6,1178336.76

LIGO_300_793.xml
1385.22,1369068.81
1588.73,1510252.36
1720.28,1589413.66
1123.48,1201788.64

LIGO_300_794.xml
1359.39,1354366.58
1324.06,1329824.4
1696.41,1576520.34
1078.71,1171960.72

LIGO_300_795.xml
1554.15,1470131.46
1366.17,1343039.19
1412.78,1375271.14
1096.39,1171812.57

LIGO_300_796.xml
1392.48,1390648.33
1556.93,1496293.91
1687.57,1576169.57
1086.24,1187250.26

LIGO_300_797.xml
1370.84,1369471.56
1391.71,1383322.82
1460.04,1421208
1142.44,1221526.85

LIGO_300_798.xml
1380.6,1360856.54
1380.44,1357280.58
1605.71,1504401.94
1110.01,1181661.42

LIGO_300_799.xml
1479,1431046.87
1526.81,1460146.29
1412.18,1387048.74
993.88,1110896.16

LIGO_300_800.xml
1503,1460856.79
1390.58,1380933.95
1070.77,1173976.18
1146.61,1221483.28

LIGO_300_801.xml
1582.91,1516940.28
1361.45,1368778.27
1493.37,1451958.85
1123.81,1213435.86

LIGO_300_802.xml
1371.38,1352079.03
1550.87,1470530.87
1616.6,1509767.69
1048.94,1139051.07

LIGO_300_803.xml
1454.09,1415406.66
1557.48,1484401.68
1320.2,1326599.18
1081.94,1169500.83

LIGO_300_804.xml
1374.37,1356101.81
1533.33,1463454.85
1689.11,1557328.44
1067.9,1153262.6

LIGO_300_805.xml
1668.98,1571604.85
1451.64,1429081.25
1524.08,1476299.44
1058.27,1168349

LIGO_300_806.xml
1192.5,1232919.81
1313.17,1313831.05
1414.44,1374242.05
1033.24,1130799.65

LIGO_300_807.xml
1317.91,1327314.96
1485.52,1445652.79
1376.12,1363236.99
1069.66,1165021.84

LIGO_300_808.xml
1378.24,1353989.31
1428.42,1389347.43
1512.14,1439349.1
1027.75,1126851.84

LIGO_300_809.xml
1309.08,1301625.22
1307.69,1303071.42
1481.6,1414488.53
1049.09,1130922.99

LIGO_300_810.xml
1352.68,1347281.49
1280.62,1297347.18
1396.91,1369776.29
1115.89,1189252.97

LIGO_300_811.xml
1180.5,1212106.12
1323.47,1298264.75
1708.81,1556668.27
996.02,1089994.49

LIGO_300_812.xml
1404.44,1377706.68
1570.29,1489086.77
1511.05,1437676.16
1061.23,1154103.26

LIGO_300_813.xml
1293.33,1288998.69
1445.64,1396111.19
1367.53,1331277.72
1061.41,1141104.05

LIGO_300_814.xml
1445.85,1414754.28
1483.9,1436324.63
1375.16,1365464.33
1037.26,1139784.17

LIGO_300_815.xml
1473.32,1440007.17
1526.13,1472330.02
1449.77,1414253.44
1145.88,1227078.34

LIGO_300_816.xml
1248.56,1270885.63
1386.46,1363385.97
1648.38,1532158.95
1060.32,1142820.47

LIGO_300_817.xml
1391.19,1363658.24
1302.24,1297169.09
1434.81,1378905.44
1017.52,1113349.35

LIGO_300_818.xml
1531.57,1455254.06
1544.66,1467142.03
1546.61,1464633.79
1120.02,1187929.85

LIGO_300_819.xml
1547.76,1479832.36
1591.58,1510766.79
1493.83,1451099.04
1028.22,1142668.54

LIGO_300_820.xml
1818.91,1670623.38
1586.59,1516659.4
1452.33,1423649.71
1133.21,1216218.79

LIGO_300_821.xml
1533.56,1473684.2
1520.89,1460016.94
1465.26,1419537.92
1066.84,1160346.28

LIGO_300_822.xml
1494.58,1460871.82
1436.45,1428766.47
1358.82,1372338.89
1240.83,1297619.75

LIGO_300_823.xml
1323.12,1299576.72
1273.91,1267059.48
1482.67,1395588.37
1034.84,1108100.18

LIGO_300_824.xml
1491.38,1455515.61
1534.87,1484279.77
1405.03,1392303.88
1145.93,1228914.98

LIGO_300_825.xml
1353.97,1325594.62
1264.78,1264161.79
1799.19,1613808.58
1035.8,1114837.67

LIGO_300_826.xml
1280.79,1283280.43
1387.16,1356258.17
1486.58,1415668.61
1049.74,1131351.64

LIGO_300_827.xml
1533.01,1462482.37
1359.47,1343896.06
1321.36,1311705.64
1056.01,1146424.42

LIGO_300_828.xml
1423.25,1399829.83
1370.48,1364116.56
1438.2,1416808.87
1138.55,1214633.19

LIGO_300_829.xml
1399.77,1382452.61
1503.37,1455320.63
1458.16,1424486.98
1058.22,1160795.66

LIGO_300_830.xml
1564.44,1505191.97
1583.71,1512579.58
1073.05,1182291.84
1092.16,1194195.22

LIGO_300_831.xml
1429.45,1405289.77
1372.8,1360898.44
1741.47,1600875.47
1043.45,1147458.81

LIGO_300_832.xml
1379.43,1356446.63
1370.37,1347988.3
1596.32,1492278.42
1066.67,1147113.54

LIGO_300_833.xml
1239.09,1254589.34
1479.27,1416411.1
1629.23,1508751.69
1046.87,1131678.15

LIGO_300_834.xml
1340.96,1355449.32
1351.6,1363820.07
1365.03,1376258.02
1172.63,1246740.31

LIGO_300_835.xml
1276.86,1280411.15
1340.91,1322642.32
1614.67,1497357.12
1051.85,1130658.17

LIGO_300_836.xml
1579.29,1503092.26
1591.92,1509061.57
1447.94,1408973.53
1102.87,1185920.13

LIGO_300_837.xml
1343.51,1329995.67
1419.14,1383853.37
1706.96,1561626.95
1018.22,1112043.83

LIGO_300_838.xml
1512.74,1444871.77
1290.58,1293866.96
1360.1,1341986.07
1093.5,1167105.98

LIGO_300_839.xml
1507.64,1457605.92
1560.91,1494195.12
1326.06,1337660.61
1132.93,1210820.72

LIGO_300_840.xml
1407.99,1376271.69
1544.25,1471834.95
1460.29,1413391.98
1038.82,1138058.7

LIGO_300_841.xml
1355.9,1316327.66
1485.06,1398725.2
1609.83,1480692.29
1005.88,1081840.68

LIGO_300_842.xml
1397.85,1377490.55
1317.96,1324453.91
1483.53,1427438
1103.69,1183476.66

LIGO_300_843.xml
1342.18,1338281.54
1355.86,1347528.33
1352.14,1342588.49
1044.48,1145272.63

LIGO_300_844.xml
1515.69,1460322.75
1578.58,1506119.22
1329.45,1335814.49
1068.95,1167577.41

LIGO_300_845.xml
1393.11,1373767.44
1367.85,1358564.28
1444.99,1403807.14
1079.86,1168835.8

LIGO_300_846.xml
1407.63,1384409.16
1327.58,1331943.1
1674.19,1552476.46
1093.28,1175825.89

LIGO_300_847.xml
1305.4,1290681.51
1249.92,1254736.87
1592.43,1471439.55
1034.98,1109793.18

LIGO_300_848.xml
1292.87,1286762.19
1285.32,1282393.91
1751.68,1586337.97
990.98,1086605.19

LIGO_300_849.xml
1399.9,1365842.36
1275.77,1288898.64
1677.68,1545294.83
1048.35,1138393.65

LIGO_300_850.xml
1627.67,1534455.59
1692.65,1573717.12
1194.64,1242982.61
1084.67,1166879.24

LIGO_300_851.xml
1523.34,1467058.87
1485.54,1445559.2
1430.44,1398133.63
1097.69,1188997.82

LIGO_300_852.xml
1304.25,1290286.32
1273.26,1262665.12
1740.19,1574155.01
982.13,1073944.8

LIGO_300_853.xml
1578.25,1521503.05
1639.64,1558537.57
1417.81,1416594.97
1091.62,1199052.28

LIGO_300_854.xml
1551.81,1471077
1323.77,1318293.03
1597.53,1489461.54
1059.51,1145290.93

LIGO_300_855.xml
1316.81,1325532.41
1318.48,1326132.75
1533.42,1459355.58
1093.17,1177729.01

LIGO_300_856.xml
1309.58,1297363.57
1279.62,1274608.37
1356.89,1323912.31
1028.67,1110843.49

LIGO_300_857.xml
1460.71,1424616.69
1330.23,1338769.49
1356.3,1355434.14
1197.54,1251135.98

LIGO_300_858.xml
1368.8,1354542.65
1506.4,1442463.38
1460,1411379.21
1064.6,1152035.31

LIGO_300_859.xml
1496.83,1442864.62
1408.55,1383401.1
1347.68,1342213.87
1080.07,1165863.56

LIGO_300_860.xml
1290.15,1276271.84
1227.1,1235997.62
1262.57,1252894.16
960.63,1061129.24

LIGO_300_861.xml
1362.89,1359653.72
1331.84,1343532.24
1403.36,1388008.55
1106.2,1192850.15

LIGO_300_862.xml
1462.5,1430202.56
1561.82,1494790.31
1512.57,1454804.62
1132.3,1215184.71

LIGO_300_863.xml
1327.63,1302590.01
1287.64,1279023.24
1631.96,1502864.53
1013.17,1100665.26

LIGO_300_864.xml
1489.83,1438108.37
1604.71,1519274.45
1622.1,1524062.28
1079.83,1168012.3

LIGO_300_865.xml
1372.11,1346267.49
1499.2,1431283.6
1402.64,1357895.26
1049.22,1132404.22

LIGO_300_866.xml
1425.66,1398154.2
1355.73,1354416.68
1359.42,1358701.77
1113.98,1196496.84

LIGO_300_867.xml
1290.86,1292124.21
1340.22,1322946.84
1549.89,1451105.08
1052.29,1130925.1

LIGO_300_868.xml
1399.11,1353249.18
1401.72,1355753.05
1511.71,1425352.77
993.52,1088051.69

LIGO_300_869.xml
1262.04,1250953.71
1391.26,1338712.88
1605.37,1470061.75
1008.75,1082283.7

LIGO_300_870.xml
1267.94,1275344.49
1329.44,1313525.52
1492.43,1417961.21
1033.08,1123178.65

LIGO_300_871.xml
1376.67,1371876.19
1585.62,1514300.48
1073.51,1172249.98
1175.13,1246158.55

LIGO_300_872.xml
1282.92,1287214.6
1248.24,1264554.75
1353.74,1329323.61
1041.44,1125743.79

LIGO_300_873.xml
1220.51,1251127.16
1313.82,1313018.43
1616.4,1510901.48
1191.53,1235409.77

LIGO_300_874.xml
1498.19,1434403.68
1534.41,1457992.64
1476.97,1414090.92
1058.78,1141351.23

LIGO_300_875.xml
1502.71,1461723.89
1343.63,1356447.8
1686,1578396.26
1104.11,1198351.36

LIGO_300_876.xml
1298.87,1296105.5
1323.62,1314791.27
1509.58,1427716.99
987.39,1091646.64

LIGO_300_877.xml
1480.75,1414554.09
1262.66,1267519.35
1370.4,1336001.74
1034.08,1118740.49

LIGO_300_878.xml
1549.63,1495211.37
1364.33,1376826.31
1629.18,1538628.73
1117.34,1212617.7

LIGO_300_879.xml
1395.06,1360986.5
1515.17,1439524.77
1301.76,1293022.18
1064.01,1138867.56

LIGO_300_880.xml
1467.27,1432108.99
1539.82,1481160.43
1438.85,1412161.83
1085.6,1178101.9

LIGO_300_881.xml
1255.58,1264051.07
1299.88,1291615.37
1494.1,1412987.06
1029.46,1113492.36

LIGO_300_882.xml
1591.76,1510772.61
1302.59,1316121.97
1737.07,1597630.89
1215.93,1258438.09

LIGO_300_883.xml
1540.15,1466667.21
1446.56,1400623.27
1266.14,1282497.94
1077.81,1156066.86

LIGO_300_884.xml
1559.58,1477479.28
1274.18,1285084.48
1635.22,1520411.87
1050.99,1140345.19

LIGO_300_885.xml
1521.45,1475180.13
1492.08,1452616.05
1334.24,1352004.81
1075.29,1182178.94

LIGO_300_886.xml
1446.52,1397411.01
1354.1,1336549.41
1356.86,1337249.46
1092.07,1165459.25

LIGO_300_887.xml
1437.48,1410919.67
1309.91,1332087.32
1180.71,1244915.16
1077.14,1177806.33

LIGO_300_888.xml
1432.91,1406537.64
1388.65,1379215.71
1047.96,1155173.53
1101.48,1191684.55

LIGO_300_889.xml
1441.24,1408354.36
1535.59,1468398.05
1809.38,1647403.3
1111.75,1190407.76

LIGO_300_890.xml
1326.01,1310644.99
1384.11,1344680.85
1555.17,1456572.6
1005.46,1097834.79

LIGO_300_891.xml
1378.75,1352135.12
1383.95,1354320.79
1599.45,1489301.12
1022.98,1111913.69

LIGO_300_892.xml
1333.02,1338747.14
1468.3,1434103.89
1459.87,1419838.16
1061.81,1164892.12

LIGO_300_893.xml
1232.07,1233593.2
1431.37,1369105.52
1231.77,1227880.08
1023.36,1095436.45

LIGO_300_894.xml
1357.67,1338003.66
1424.2,1379370.51
1612.04,1502534.8
1041.93,1128358.79

LIGO_300_895.xml
1247.21,1264527.93
1496.59,1428844.98
1375.2,1344490.7
1069.97,1145532.98

LIGO_300_896.xml
1584.97,1512734.87
1396.56,1386009.09
1211.67,1267475.1
1108.66,1200548.56

LIGO_300_897.xml
1414.45,1379826.92
1313.2,1311019.65
1522.93,1444583.94
1066.23,1150768.16

LIGO_300_898.xml
1399.69,1390628.01
1605,1526765.76
1769.13,1633571.73
1118.67,1208707.7

LIGO_300_899.xml
1165.59,1182723.55
1317.96,1284545.18
1559.66,1439317.36
976.4,1058153.88

LIGO_300_900.xml
1453.25,1410988.58
1270.36,1281744.97
1387.24,1359140.01
1077.67,1155637.22

LIGO_300_901.xml
1380.26,1370020.39
1360.54,1357921.57
1025.6,1136967.25
1195.7,1250552.03

LIGO_300_902.xml
1487.31,1419981.6
1500.46,1429732.46
1586.29,1482387.08
1038.81,1123193.77

LIGO_300_903.xml
1563.34,1484484.06
1595.85,1501934.23
1604.29,1513501.64
1070.7,1159369.56

LIGO_300_904.xml
1363.16,1337700.54
1463.15,1401598.78
1545.29,1453342.45
1050.81,1126406.87

LIGO_300_905.xml
1396.55,1387261.43
1542.91,1485951.01
1293.57,1316252.88
1118.25,1206294.32

LIGO_300_906.xml
1386.58,1365243.68
1434.99,1398259.5
1415.02,1380424.18
1028.73,1130516.47

LIGO_300_907.xml
1391,1373408.27
1349.54,1344191.21
1386.67,1364905.91
1036.49,1141644.64

LIGO_300_908.xml
1377.91,1348379.33
1504.9,1433410.67
1683.21,1550304.65
1006.28,1101792.05

LIGO_300_909.xml
1314.48,1303222.32
1478.42,1415327.33
1632.45,1508846.1
1022.76,1109714.3

LIGO_300_910.xml
1489.61,1401270.99
1484.93,1399870.7
1442.82,1369248.53
1008.41,1085285.95

LIGO_300_911.xml
1301.58,1311610.74
1404.28,1376286.6
1514.02,1442496.02
1098.93,1178217.14

LIGO_300_912.xml
1327.79,1329203.5
1345.1,1343671.27
1387.67,1365449.81
1039.16,1140415.08

LIGO_300_913.xml
1523.68,1474494.3
1475.81,1445626.05
1546.37,1483775.49
1147.57,1225285.9

LIGO_300_914.xml
1560.5,1490962.97
1547.97,1479369.39
1364.51,1347188.12
1077.7,1163251.42

LIGO_300_915.xml
1767.65,1640026.89
1547.61,1491397.95
1460.77,1435513.03
1127.21,1213460.51

LIGO_300_916.xml
1360.92,1346391.67
1429.34,1391505.64
1544.4,1464945.43
1040.6,1135848.34

LIGO_300_917.xml
1368.01,1348345.05
1270.18,1278230.95
1389.8,1346529.35
1085.87,1157265.88

LIGO_300_918.xml
1327.9,1318803.8
1381.96,1354884.29
1494.71,1425239.55
1001.47,1102749.64

LIGO_300_919.xml
1433.24,1414758.88
1644.38,1550865.01
1450.25,1421158.19
1122.89,1212466.26

LIGO_300_920.xml
1520.07,1469779.9
1612.2,1531255.25
1116.27,1203134.42
1137.31,1217894.14

LIGO_300_921.xml
1504.19,1445726.03
1515.82,1454865.53
1573.88,1482416
1092.73,1170454.39

LIGO_300_922.xml
1277.02,1296298.98
1450.4,1406576.79
1436.62,1401233.23
1040.33,1137171.79

LIGO_300_923.xml
1499.03,1447949.41
1330.03,1333680.3
1499.67,1446291.35
1069.69,1164469.52

LIGO_300_924.xml
1432.81,1397722.69
1353.69,1342176.88
1712.53,1572672.82
1052.22,1145528.47

LIGO_300_925.xml
1434.22,1405205.66
1443.77,1410754.1
1443.87,1411361.34
1080.26,1171731.53

LIGO_300_926.xml
1528.45,1486563.27
1643.96,1564016.9
1257.38,1304012.87
1217.19,1282391.43

LIGO_300_927.xml
1360.54,1356663.64
1439.18,1411378.56
1541.67,1472245.12
1145.67,1217569.33

LIGO_300_928.xml
1390.77,1394295.79
1414.33,1408652.95
1369.03,1382181.87
1131.87,1223641.46

LIGO_300_929.xml
1400.18,1400343.67
1648.41,1565931.13
1402.87,1392649.81
1126.18,1221423.33

LIGO_300_930.xml
1257.23,1253065.27
1227.97,1235654.46
1572.74,1454980.91
1034.19,1100103.8

LIGO_300_931.xml
1642.32,1565570.19
1630.92,1560144.87
1116.36,1217092.32
1085.2,1195332.91

LIGO_300_932.xml
1271.64,1296589.1
1474.97,1433758.74
1642.69,1531916.78
1111.13,1189215.44

LIGO_300_933.xml
1610.76,1504357.9
1255.62,1263075.79
1375.27,1336986.13
1078.5,1147528.56

LIGO_300_934.xml
1395.18,1370404.95
1334.58,1329107.61
1445.53,1394088.54
1083.5,1164076

LIGO_300_935.xml
1359.71,1330643.98
1446.04,1391096.5
1616.7,1492636.06
1036.24,1115201.4

LIGO_300_936.xml
1354.73,1355288.74
1356.2,1361290.4
1648.87,1547103.61
1086.11,1182425.61

LIGO_300_937.xml
1808.57,1663329.42
1402.73,1393198.15
1550.59,1492627.5
1097.29,1192678.98

LIGO_300_938.xml
1316.18,1328460.3
1594.64,1518378.45
1413.98,1390512.42
1069.68,1167400.03

LIGO_300_939.xml
1361.45,1369871.8
1521.4,1475704.71
1332.67,1353280.81
1172.98,1248420.39

LIGO_300_940.xml
1317.15,1312990.45
1403.38,1368116.68
1266.42,1282844.26
1091.85,1166756.49

LIGO_300_941.xml
1451.18,1398913.29
1562.29,1474943.95
1355.34,1333092.08
1015.54,1115431.95

LIGO_300_942.xml
1363.87,1348322.82
1507.79,1446121.01
1642.13,1526805.94
1044.98,1136588.43

LIGO_300_943.xml
1378.67,1345957.38
1321.29,1302913.29
1310.79,1291467.23
1029.16,1117651.38

LIGO_300_944.xml
1333.42,1325352.87
1391.15,1364240.32
1505.77,1437344.88
1140.66,1203157.37

LIGO_300_945.xml
1330.71,1309956.4
1377.1,1341716.42
1586.63,1470224.08
1008.34,1098288.67

LIGO_300_946.xml
1365.81,1359475.99
1356.68,1352684.1
1096.06,1177696.23
1041.98,1143430.34

LIGO_300_947.xml
1339.99,1327235.11
1488.39,1426379.2
1377.72,1354662.14
1052.55,1139957.08

LIGO_300_948.xml
1470.51,1430229.51
1339.69,1342092.26
1344.38,1341912.39
1108.78,1191507.77

LIGO_300_949.xml
1392.87,1397766.89
1458.67,1439913.88
1505.12,1467416.14
1141.5,1234881.51

LIGO_300_950.xml
1301.9,1285808.31
1213.53,1221026.51
1398.51,1341574.15
1005.67,1086659.1

LIGO_300_951.xml
1680.17,1582254.9
1365.81,1369322.69
1498.85,1466582.66
1079.58,1184204.27

LIGO_300_952.xml
1241.84,1244937.42
1486.23,1407122.11
1544.02,1446266.29
1032.7,1105827

LIGO_300_953.xml
1569.04,1495568.32
1332.99,1337621.64
1569.01,1488193.63
1090.36,1175561.26

LIGO_300_954.xml
1295.5,1292701.05
1497.7,1425656.38
1421.94,1371333.48
993.53,1096424.03

LIGO_300_955.xml
1673.62,1591119.65
1584.46,1535263.2
1390.25,1400248.96
1159.94,1249730.06

LIGO_300_956.xml
1207.86,1251398.77
1310.21,1315770.69
1362.25,1345758.88
1074.55,1163479.13

LIGO_300_957.xml
1567.12,1490195.32
1359.13,1345453.53
1591.21,1494245.61
1060.01,1148552.12

LIGO_300_958.xml
1308.78,1298575.88
1539.98,1453844.75
1308.27,1292699.89
1048.39,1127002.74

LIGO_300_959.xml
1595.66,1534014.49
1620.7,1550340.93
1329.62,1354733.05
1142.95,1232260.34

LIGO_300_960.xml
1522.05,1471340.09
1354.29,1358701.45
1640.53,1543697.6
1099.41,1193767.86

LIGO_300_961.xml
1345.99,1308722.05
1366.34,1320650.66
1539.01,1424638.17
1037.28,1101677.41

LIGO_300_962.xml
1591.82,1514355.8
1401.22,1382975.96
1424.48,1396858.77
1093.07,1182999.43

LIGO_300_963.xml
1434.33,1402160.5
1553.84,1480311.1
1684.9,1554210.79
1077.73,1165996.86

LIGO_300_964.xml
1374.18,1373952.03
1572.85,1510534.17
1045.59,1160332.21
1066.84,1173882.02

LIGO_300_965.xml
1446.9,1407053.15
1443.69,1403049.49
1589.81,1498073.98
1082.46,1166084.48

LIGO_300_966.xml
1542.74,1479483.5
1315,1326429.73
1412.48,1389813.17
1190.74,1246769.8

LIGO_300_967.xml
1571.58,1492739.24
1547.55,1475924.9
1390.84,1361650.04
1035.21,1137057.5

LIGO_300_968.xml
1473.74,1449265.58
1644.4,1558482.78
1206.04,1269028.83
1055.81,1172296.55

LIGO_300_969.xml
1270.19,1274953.03
1416.9,1376601.53
1389.31,1348856.21
1008.08,1101025.72

LIGO_300_970.xml
1562.36,1494966.38
1607.99,1519494.22
1490.49,1442254
1098.15,1182329.12

LIGO_300_971.xml
1324.41,1311795.25
1331.66,1318113.21
1717.93,1565363.01
1042.61,1123248.54

LIGO_300_972.xml
1310.09,1325903.34
1368.53,1366916.75
1480.86,1441865.37
1065.71,1167653.39

LIGO_300_973.xml
1515.37,1467893.3
1564.11,1500774.37
1156.57,1225825.23
1254.84,1294863.49

LIGO_300_974.xml
1419.22,1402426.2
1621.2,1540063.7
1495.32,1447101.33
1089.63,1183786.74

LIGO_300_975.xml
1393.34,1358690.54
1511.11,1435553.24
1435.86,1381527.09
1064.17,1143546.06

LIGO_300_976.xml
1562.43,1511312.25
1417.16,1412106.09
1507.46,1465098.83
1081.36,1194155.66

LIGO_300_977.xml
1359.09,1345981.07
1311.09,1309590.03
1380.1,1354282.65
1054.57,1141839.98

LIGO_300_978.xml
1322.95,1316420.34
1318.4,1315083.07
1407.14,1369999.87
1018.49,1117505.29

LIGO_300_979.xml
1433.55,1399915.66
1404,1377651.32
1752.38,1609039.91
1080.92,1166177.76

LIGO_300_980.xml
1654.74,1579382.29
1667.46,1596658.41
1132.9,1236428.28
1159.03,1258949.36

LIGO_300_981.xml
1488.84,1439204.08
1495.92,1445294.72
1466.52,1417374.99
1080.27,1166118.93

LIGO_300_982.xml
1624.45,1533692.77
1327.56,1336433.57
1485.24,1443610.86
1128.67,1207859.75

LIGO_300_983.xml
1267.77,1271744.42
1409.89,1368416.49
1394.69,1345925.88
1047.81,1129400.6

LIGO_300_984.xml
1262.59,1273520.21
1298.91,1297105.51
1596.78,1486553.78
1054.74,1136603.6

LIGO_300_985.xml
1368.35,1325770.44
1312.11,1290307.88
1334.6,1301688.24
1003.95,1086522.18

LIGO_300_986.xml
1398.43,1364532.31
1328.38,1315197.58
1459.43,1407031.56
1057.6,1135696.29

LIGO_300_987.xml
1458.09,1410612.62
1415.57,1384472.97
1551.68,1462465.92
1064.27,1153438.73

LIGO_300_988.xml
1441.35,1407473.21
1479.62,1429869.07
1384.7,1366339.19
1073.26,1161317.55

LIGO_300_989.xml
1375.15,1371073.53
1495.78,1450338.56
1395.65,1382833.2
1102.55,1187299.65

LIGO_300_990.xml
1346.63,1309451.06
1178.12,1194880.44
1497.62,1406244.11
1054.97,1116560.84

LIGO_300_991.xml
1537.21,1471471.98
1569.23,1487297.93
1594.8,1508695.51
1047.16,1144539.64

LIGO_300_992.xml
1519.51,1499961.01
1663.59,1593920.62
1669.98,1596497.97
1097.56,1221053.71

LIGO_300_993.xml
1542.46,1465695.68
1502.38,1443466.71
1645.6,1521961.7
1073.06,1156126.05

LIGO_300_994.xml
1383.54,1377394.07
1527.68,1472771.3
1490.9,1438935.76
1109.85,1196073.29

LIGO_300_995.xml
1296.41,1300027.65
1345.15,1332367.63
1475.52,1417563.37
1034,1126389.57

LIGO_300_996.xml
1386.51,1371707.79
1359.88,1345123.89
1525.04,1459906.1
1091.19,1172805.97

LIGO_300_997.xml
1411.55,1396886.54
1320.78,1337629.96
1060.59,1166124.09
1069.38,1173257.51

LIGO_300_998.xml
1439.29,1378941.62
1493.31,1418311.31
1520.7,1431617.12
1015.08,1102660.12

LIGO_300_999.xml
1326.4,1313568.5
1334.26,1318690.24
1581.44,1483095.2
1055.93,1135348.19

LIGO_300_1000.xml
1535.16,1483241.93
1350.29,1356459.14
1057.85,1164437.11
1146.72,1221976.01

