LIGO_700_1.xml
2499.75,2749598.3
2486.61,2743353.88
3079.84,3123352.56
2121.87,2498729.38

LIGO_700_2.xml
2901,3048157.55
2641.74,2877782.15
2866.7,3028255.71
2223.74,2597560.34

LIGO_700_3.xml
2624.78,2840659.37
2786.13,2948860.78
2512.44,2767238.83
2154.7,2530669.71

LIGO_700_4.xml
2427.59,2657626.55
2318.61,2590989.51
2403.19,2643968.52
2015.36,2387965.02

LIGO_700_5.xml
2350.91,2595069.81
2409.26,2633090.61
2827.06,2910750.26
2011.64,2370615.48

LIGO_700_6.xml
2092.23,2371922.21
2248.58,2475706.32
2449.68,2601416.69
1872.79,2229543.21

LIGO_700_7.xml
2437.28,2691302.12
2460.62,2711435.9
2672.31,2844897.74
2056,2442043.23

LIGO_700_8.xml
2336.25,2580903.52
2150.92,2458526.03
2561.05,2724621.59
1989.8,2354283.8

LIGO_700_9.xml
2595.97,2809151.32
2866.35,2987840.86
2468.1,2722792.37
2235.99,2567917

LIGO_700_10.xml
2309.43,2557706.19
2419.29,2636825.21
2551.42,2712452.58
1982.72,2344801.03

LIGO_700_11.xml
2220.99,2506115.96
2381.98,2616731.59
2646.41,2784815.29
2028.02,2383580.05

LIGO_700_12.xml
2308.15,2581008.33
2446.33,2665543.45
2656.58,2805107.46
2012.56,2386072.78

LIGO_700_13.xml
2393.25,2612775.83
2411.65,2627617.69
2406.59,2619954.15
1960.61,2330574.93

LIGO_700_14.xml
2140.76,2400845.55
2276.2,2493134.06
2326.46,2528396.62
1938.61,2273486.15

LIGO_700_15.xml
2574.7,2810262.53
2879.74,3017579.73
2298.26,2628189.42
2289.01,2624456.31

LIGO_700_16.xml
2217.34,2519450.02
2422.48,2658414.12
2509.51,2708530.4
2015.41,2388326.35

LIGO_700_17.xml
2513.11,2742025
2400.86,2668495.71
2580.94,2778684.58
2056.92,2439539.43

LIGO_700_18.xml
2440.64,2673692.86
2726.92,2861000.37
2754.94,2872903.82
2079.83,2436013.73

LIGO_700_19.xml
2424.97,2639661.84
2496.8,2686541.16
2497.68,2680657.97
1970.32,2336252.2

LIGO_700_20.xml
2293,2541465.64
2471.89,2661317.68
2767.35,2856505.02
2007.37,2356779.47

LIGO_700_21.xml
2239.1,2488088.94
2430.66,2615747.8
2913.04,2938001.33
1957.6,2303811.77

LIGO_700_22.xml
2379.58,2637098.77
2470.92,2697826.23
2869.28,2957152.84
2054.07,2420054.08

LIGO_700_23.xml
2514.75,2758068.54
2635.27,2841184.49
2666.86,2860574.18
2110.99,2494055.1

LIGO_700_24.xml
2523.62,2747493.74
2531.41,2749378.26
2656.68,2832573.57
2066.38,2445266.52

LIGO_700_25.xml
2536.21,2766766.61
2525.59,2762404.57
2575.54,2793186.56
2138.54,2504851.74

LIGO_700_26.xml
2210.7,2481598
2353.83,2578793.4
2513.41,2681522.11
1959.41,2318707.05

LIGO_700_27.xml
2396.74,2642122.88
2350.14,2615061.87
2942.7,3003601.39
2039.24,2409423.84

LIGO_700_28.xml
2258.5,2509064.08
2327.29,2559850.65
2464.77,2645836.77
1950.32,2311041.82

LIGO_700_29.xml
2717,2872237.84
2845.58,2953386.98
2218.39,2540183.06
2206.6,2531240.67

LIGO_700_30.xml
2370.2,2644379.17
2511.09,2742679.39
2696.78,2858768.78
2057.94,2440266.61

LIGO_700_31.xml
2339.76,2582274.93
2395.71,2620923.31
2451.51,2650872
2005.57,2359241.45

LIGO_700_32.xml
2694.03,2902320.15
2761.1,2947074.12
2632.5,2862664.14
2292.65,2635364.82

LIGO_700_33.xml
2803.22,3001899.93
3022.38,3145682.96
2742.94,2966091.65
2278.74,2654432.71

LIGO_700_34.xml
2382.56,2646326.82
2733.37,2885111.93
2580.97,2782276.62
2070.01,2444011.34

LIGO_700_35.xml
2696.74,2887084.46
2724.4,2904897.01
2279.82,2614786.2
2135.14,2517225.95

LIGO_700_36.xml
2257.61,2521796.3
2416.57,2633095
2911.63,2953153.31
1953.28,2326211.72

LIGO_700_37.xml
2723.73,2899293.6
2987.12,3075376.81
2232.5,2575515.58
2282.42,2609508.05

LIGO_700_38.xml
2782.92,2974544.39
3113.26,3191534.25
2324.64,2673148.54
2324.64,2671658.56

LIGO_700_39.xml
2439.5,2660196.47
2477.8,2684472.28
2411.43,2638952.95
2040.36,2396861.8

LIGO_700_40.xml
2228.96,2525845.16
2336.26,2594908.15
2789.4,2892039.2
2007.83,2377079.27

LIGO_700_41.xml
2396.62,2660288.64
2878.35,2983232.57
2616.31,2804614.13
2144.64,2497874.7

LIGO_700_42.xml
2357.01,2638779.79
2509.52,2742319.65
2555.49,2773522.72
2064.11,2448792.05

LIGO_700_43.xml
2553.04,2774169.52
2442.36,2702590.26
2577.84,2792098.7
2121.94,2488642.77

LIGO_700_44.xml
2290.04,2563785.51
2480.05,2688821.18
2446.01,2666692.33
2059.81,2415186.76

LIGO_700_45.xml
2516.41,2766581.85
2544.37,2790379.54
2479.87,2742881.9
2128.11,2513684.82

LIGO_700_46.xml
2373.9,2634372.97
2518.26,2730522.97
2498.56,2714705.24
2075.75,2441645.55

LIGO_700_47.xml
2266.24,2553697.96
2492.49,2709521.49
2548.68,2737573.59
2050.59,2413871.67

LIGO_700_48.xml
2811.23,2988271.41
2864.9,3023088.89
2304.98,2653955.8
2298.79,2653189.46

LIGO_700_49.xml
2644.26,2853261.69
2601.58,2825746.89
2697.9,2891067.48
2132.67,2518840.51

LIGO_700_50.xml
2590.26,2822898.99
2736.58,2922405.08
2621.21,2848750.19
2170.14,2549518.34

LIGO_700_51.xml
2312.36,2554094.73
2481.73,2666722.15
2552.46,2709498.37
1988.29,2341620.7

LIGO_700_52.xml
2347.5,2588402.36
2348.21,2589933.44
2518.96,2703958.44
2036.53,2387712.54

LIGO_700_53.xml
2382.83,2637320.24
2411.91,2658508.24
2615.42,2793078.13
2049.92,2416218.74

LIGO_700_54.xml
2448,2707705.99
2685.04,2864910.9
2677.3,2854837.04
2114.84,2491051.96

LIGO_700_55.xml
2344.06,2602978.52
2512.8,2719237.92
2770.57,2895882.13
2076.15,2433300.63

LIGO_700_56.xml
2506.41,2747569.61
2574.5,2794593.18
2522.98,2761155.77
2148.68,2513377.58

LIGO_700_57.xml
2429.34,2684698.38
2454.94,2702555.03
2491.03,2725256.1
2058.75,2440243.77

LIGO_700_58.xml
2320.02,2563945.89
2345.06,2581417.21
2423.12,2626286.45
1980.79,2338723.35

LIGO_700_59.xml
2273.68,2542875.43
2464.93,2676799.08
2634.48,2777142.02
1994.65,2365329.26

LIGO_700_60.xml
2352.51,2641902.46
2634.36,2830207.72
2466.29,2716749.79
2091.74,2473671.43

LIGO_700_61.xml
2264,2521688.86
2449.81,2648976.11
2621.48,2757782.03
1949.41,2317886.95

LIGO_700_62.xml
2353.29,2607521.03
2377.2,2630101.93
2549.16,2739464.14
2045.65,2409566.94

LIGO_700_63.xml
2246.12,2564158.59
2683.43,2848146.41
2908.04,2997024.01
2095.05,2464963.32

LIGO_700_64.xml
2596.37,2846918.6
3005.95,3122027.22
2308.98,2659798.73
2325.49,2665835.58

LIGO_700_65.xml
2380.43,2640012.04
2480.28,2708924.67
2864.79,2959800.87
2093.56,2451973.57

LIGO_700_66.xml
2463.65,2732727.3
2686.59,2883836.12
2341.95,2654279.94
2184.06,2550887.79

LIGO_700_67.xml
2567.99,2811360.6
2823.95,2977059.59
2807.14,2963948.22
2137.1,2525109.7

LIGO_700_68.xml
2428.57,2638252.5
2358.61,2592562.43
2530.18,2700583.47
2010.2,2367539.32

LIGO_700_69.xml
2342.8,2602140.36
2768.84,2886471.38
2627.27,2785551.55
2003.63,2380111.63

LIGO_700_70.xml
2370.32,2626200.91
2464.23,2693290.49
2487.73,2701077.17
2055.7,2420515.86

LIGO_700_71.xml
2486.32,2728816.15
2624.08,2826589.29
2867.29,2984437.04
2109.63,2485774.28

LIGO_700_72.xml
2320.66,2616369.16
2478.31,2718229.15
2730.45,2883862.43
2115.94,2480727.42

LIGO_700_73.xml
2478.55,2726170.74
2530.29,2763010.48
2492.77,2733353.36
2101.3,2475093.45

LIGO_700_74.xml
2579.7,2820095.29
2767.59,2938793.17
2280.43,2618300.23
2297.46,2629100.31

LIGO_700_75.xml
2237.76,2526676.05
2196.5,2503112.75
2308.77,2577156.94
1998.02,2371451.42

LIGO_700_76.xml
2409.89,2625467.36
2236.75,2512260.25
2837.93,2903805.24
2015.2,2364544.42

LIGO_700_77.xml
2332.42,2611933
2424.49,2670509.18
2689.38,2849949.68
2040.13,2418609.38

LIGO_700_78.xml
2186.85,2459362.7
2327.81,2556064.98
2735.18,2819482.3
1962.58,2313840.8

LIGO_700_79.xml
2431.61,2651616.57
2700.76,2834236.17
2534.1,2714984.82
2036.41,2391364.72

LIGO_700_80.xml
2800.22,2986172.94
3054.5,3146961.47
2378.05,2703394.93
2347.43,2678770.22

LIGO_700_81.xml
2325.94,2547943.87
2408.34,2603783.23
2550.99,2696816.31
1930.01,2290021.11

LIGO_700_82.xml
2697.58,2870102.7
2642.53,2831733.61
2542.36,2759323.45
2100.12,2470139.21

LIGO_700_83.xml
2546.53,2775480.55
3012.74,3081686.86
2250.17,2580093.74
2225,2564526.72

LIGO_700_84.xml
2422.28,2693491.03
2384.37,2672402.07
2650.15,2842447.43
2062.45,2459418.09

LIGO_700_85.xml
2609.61,2809150.1
2645.78,2830741.04
2552.07,2775692.59
2101.78,2476201.71

LIGO_700_86.xml
2721.27,2912252.36
2613.07,2845685.59
2689.15,2887634.62
2165.49,2547343.38

LIGO_700_87.xml
2539.05,2784234.55
2807.5,2966792.29
2941.73,3051377.07
2131.33,2513287.23

LIGO_700_88.xml
2301.16,2580013.71
2495.38,2703153.96
2773.22,2894873.48
2019.3,2395042.35

LIGO_700_89.xml
2686.09,2893624.96
2600.38,2833933.39
2694.29,2900698.5
2248.44,2602000.71

LIGO_700_90.xml
2530.23,2765506.93
2574.12,2795068.18
2236.14,2571664.7
2175.44,2530005.71

LIGO_700_91.xml
2434.93,2699883.17
2627.4,2827880.49
2711.17,2877598.95
2104.79,2487340.67

LIGO_700_92.xml
2418.07,2663871.86
2524.04,2735510.79
3263.52,3223818.58
2076.15,2436641.28

LIGO_700_93.xml
2862.67,2984998.39
2856.29,2977478.97
2219.09,2558630.23
2217.77,2556164.17

LIGO_700_94.xml
2466.59,2683361.31
2345.98,2600519.51
2487.03,2691054.3
2004.41,2376412.26

LIGO_700_95.xml
2367.55,2642881.76
2482.44,2720615.27
2896.98,2989093.2
2064.97,2440916.49

LIGO_700_96.xml
2389.32,2631260.97
2364.65,2617740.6
2462.31,2679909.27
2011.29,2382165.06

LIGO_700_97.xml
2429.53,2702069.67
2514.97,2758625.37
2668.66,2855587.3
2103.32,2486474.11

LIGO_700_98.xml
2535.84,2786516.99
2562.7,2810489.7
2535.49,2789581.84
2144.46,2533058.64

LIGO_700_99.xml
2582.82,2819005.09
2529.64,2779422.68
2458.19,2736116.81
2221.51,2580719.86

LIGO_700_100.xml
2251.81,2512577.63
2150.1,2443974.86
2530.93,2692004.4
1962.11,2324498.06

LIGO_700_101.xml
2183.56,2445929.45
2482.64,2639746.53
2228.54,2474322.86
1927.17,2279065.75

LIGO_700_102.xml
2295.68,2545046.11
2275.57,2531055.36
2453.12,2643246.56
2006.3,2354392.47

LIGO_700_103.xml
2831.96,3002004.28
3034.28,3127847.51
2291.65,2643034.32
2352.91,2682342.73

LIGO_700_104.xml
2649.07,2851385.21
2566.54,2795471.19
2576.96,2799442.99
2119.58,2499913.48

LIGO_700_105.xml
2284.79,2528352.99
2282.22,2528869.32
2834.95,2882666.2
1947.42,2308575.65

LIGO_700_106.xml
2385.77,2635179.38
2455.09,2678269.96
2545.69,2738898.16
2063.54,2425657.04

LIGO_700_107.xml
2414.94,2654096.19
2404.03,2647852.13
2880.99,2963503.78
2013.17,2388562.31

LIGO_700_108.xml
2399.14,2631193.53
2372.54,2613228.4
2323.7,2574680.02
2041.35,2393759.2

LIGO_700_109.xml
2348.89,2650263.2
2653.8,2855279.9
3044.06,3106705.78
2153.56,2524167.08

LIGO_700_110.xml
2449.09,2701500.72
2589.17,2792755.3
2727.17,2882449.5
2068.2,2450858.52

LIGO_700_111.xml
2355.72,2586578.93
2398.27,2612862.17
2731.2,2838414.87
1949.74,2316662.63

LIGO_700_112.xml
2410.29,2655211.64
2530.3,2738245.45
2516.58,2727665.18
2045.54,2415006.17

LIGO_700_113.xml
2318.77,2612046.21
2467.23,2716026.48
2603.69,2800036.53
2105.38,2472329.98

LIGO_700_114.xml
2274.87,2525022.44
2287.93,2533871.73
2572.12,2723424.52
1950.43,2316181.7

LIGO_700_115.xml
2297.15,2591402.9
2553.62,2756685.83
2536.22,2748636.66
2060.89,2433518.08

LIGO_700_116.xml
2600.95,2821780.12
2649.27,2853161.59
2791.93,2945084.46
2155,2528891.83

LIGO_700_117.xml
2316.18,2551106.2
2360.5,2581096.67
2433.04,2632216.35
1936.23,2299544.03

LIGO_700_118.xml
2275.36,2545597.1
2454.47,2665015.72
2562.48,2730761.53
1980.24,2350466.12

LIGO_700_119.xml
2355.36,2605714.92
2443.07,2668708.05
2639.3,2793963.05
2024.56,2390587.31

LIGO_700_120.xml
2552.83,2781660.1
2790.05,2937904.44
2744.77,2905739.17
2166.95,2524355.87

LIGO_700_121.xml
2486.94,2729139.41
2474.64,2718327.85
2670.98,2851806.41
2118.45,2484387.65

LIGO_700_122.xml
2486.18,2696575.99
2363.66,2620817.64
2795.46,2910502.14
2077.36,2430027.76

LIGO_700_123.xml
2548.46,2792367.25
2923.23,3031567.87
2899.48,3018117.7
2220.63,2576006.11

LIGO_700_124.xml
2406.98,2661542.98
2450.46,2688444.14
2544.31,2751131.69
2026.16,2410574.44

LIGO_700_125.xml
2826.12,2998446.32
2985.08,3109341.28
2332.35,2677179.37
2329.09,2671993.94

LIGO_700_126.xml
2238.05,2526687.39
2453.41,2669240.46
2503.57,2697511.08
2052.76,2403468.9

LIGO_700_127.xml
2721.44,2920971.86
2965.07,3082909.33
2269.16,2619972.48
2289.01,2632009.82

LIGO_700_128.xml
2744.86,2917692.75
2986.04,3071789.82
2251.3,2586681.29
2200.72,2554568.64

LIGO_700_129.xml
2518.83,2764288.77
2530.85,2773053.55
2432.9,2711187.37
2159.76,2528534.32

LIGO_700_130.xml
2428.38,2655226.49
2475.72,2691825.79
2450.75,2671541.72
2028.91,2394059.81

LIGO_700_131.xml
2118.82,2423057.68
2326.62,2564330.51
2519.58,2690068.96
1966.48,2325423.61

LIGO_700_132.xml
2280.97,2559055.63
2417.11,2654962.71
2579.56,2750356.13
2051.12,2409589.89

LIGO_700_133.xml
2218.54,2453251.96
2150.19,2410170.35
2633.19,2728830.61
1941.8,2276375.08

LIGO_700_134.xml
2348.37,2617506.01
2423.32,2669868.04
2526.41,2731877.37
2052.33,2423152.55

LIGO_700_135.xml
2352.06,2601707.04
2427.33,2650562.5
2451.76,2659932.56
1980.16,2355050.25

LIGO_700_136.xml
2474.44,2733726.67
2822.56,2964765.73
2642.33,2848210.53
2206.99,2558154.23

LIGO_700_137.xml
2453.73,2714389.33
2786.74,2931624.13
2738.67,2896812.44
2099.71,2481225.73

LIGO_700_138.xml
2273.88,2493617.71
2085.25,2370410.98
2530.33,2664906.69
1867.44,2227990.71

LIGO_700_139.xml
2286.99,2578172.36
2419.43,2675256.83
2559.84,2755917.22
2029.14,2413238.98

LIGO_700_140.xml
2542.59,2783061.97
2677.88,2874905.79
2657.46,2864266.66
2156.83,2534548.7

LIGO_700_141.xml
2472.04,2736956.99
2518.32,2767794.76
2672.86,2865631.16
2151.27,2523024.48

LIGO_700_142.xml
2369.81,2631509.88
2501.52,2714802.34
2591.19,2776139.3
2033.74,2411302.54

LIGO_700_143.xml
2435.96,2682856.83
2379.83,2644922.27
2803.21,2927108.35
2069.68,2438694.27

LIGO_700_144.xml
2468.21,2696804.7
2457.54,2694116.51
2560.29,2763418
2036.72,2416802.76

LIGO_700_145.xml
2827.5,3013403.37
2943.14,3089621.54
2392.03,2725632.43
2320.42,2675747.84

LIGO_700_146.xml
2536.14,2786893.33
2685.55,2885923.31
2855.27,2994825.49
2158.37,2535576.33

LIGO_700_147.xml
2609.2,2848464.4
2948.69,3071649.89
2300.48,2644048.26
2264.27,2619600.58

LIGO_700_148.xml
2451.5,2711827.69
2457.83,2714293.59
2818.29,2954308.45
2096.51,2476786.27

LIGO_700_149.xml
2313.18,2578173.54
2444.5,2666369.84
2594.29,2759371.56
2065.21,2417901

LIGO_700_150.xml
2556.26,2781243.82
2581.2,2794099.57
2783.53,2928135.04
2122.76,2496402.12

LIGO_700_151.xml
2450.2,2715785.86
2520.22,2765920.09
2682.59,2867501.8
2134.15,2507947.05

LIGO_700_152.xml
2402.2,2627990.9
2387.78,2616399.17
2434.76,2644823.73
2019.23,2374372.57

LIGO_700_153.xml
2786.09,2977997.65
3005.78,3124094.58
2307.24,2661799.52
2343.26,2681797.64

LIGO_700_154.xml
2427.56,2654920.97
2356.84,2608662.33
2520.3,2715302.82
2007.81,2378243.78

LIGO_700_155.xml
2435.66,2693803.42
2462.26,2718184.77
2613.53,2812150.17
2056.36,2447682.04

LIGO_700_156.xml
2442.43,2682450.96
2458.32,2699140.45
2827.15,2942162.96
2106.07,2465930.23

LIGO_700_157.xml
2328.77,2552471.37
2337.99,2563995.1
2482.97,2647131.04
1937.16,2295856.32

LIGO_700_158.xml
2525.15,2776118.98
2898.72,3030483.52
2746.3,2924001.69
2165.66,2542080.39

LIGO_700_159.xml
2375.94,2620552.17
2572.03,2747869.03
2511.23,2706855.54
2035.58,2396424.25

LIGO_700_160.xml
2223.51,2487105.54
2253.36,2507719.45
2509.92,2677513.81
1934.12,2297083.62

LIGO_700_161.xml
2365.13,2615278.62
2482.83,2687886.75
2720.38,2846740.61
2021.4,2389180.4

LIGO_700_162.xml
2289.77,2573466.78
2388.12,2644395.19
2726.54,2853455.09
2072.82,2432634.93

LIGO_700_163.xml
2406.92,2690462.77
2723.14,2898996.57
2634.34,2837320.32
2243.69,2585104.4

LIGO_700_164.xml
2586.92,2791599.87
2711.45,2880139.8
3088.54,3113955.44
2194.02,2532152.9

LIGO_700_165.xml
2470.51,2728218.68
2495.56,2744645.61
2593.79,2806645.75
2098.09,2481957.17

LIGO_700_166.xml
2793.95,2944017.07
3051.59,3108998.79
2256.53,2587128.44
2233.2,2572076.87

LIGO_700_167.xml
2362.69,2622123.28
2381.47,2633434.9
2661.28,2817987.84
2049.49,2416716.55

LIGO_700_168.xml
2689.71,2900632.58
2964.33,3087516.04
2288.95,2639006.84
2273.16,2628180.2

LIGO_700_169.xml
2485.73,2707277.09
2538.05,2741076.98
2675.95,2827297.01
2099.07,2454425.46

LIGO_700_170.xml
2861.23,3008416.65
3020.35,3106159.77
2286.04,2622673.53
2312.41,2640449.77

LIGO_700_171.xml
2288.07,2549234.73
2492.94,2690272.98
2584.49,2745147.24
1986.38,2352192.15

LIGO_700_172.xml
2772.12,2892661.5
2860.83,2955428.63
2196.94,2517752.6
2160.84,2489108.05

LIGO_700_173.xml
2382.76,2622816.79
2534.68,2714822.26
2739.2,2854100.98
2023.73,2385184.72

LIGO_700_174.xml
2688.99,2918290.48
3019.82,3144590.32
2338.88,2685624.88
2302.67,2661601.73

LIGO_700_175.xml
2293.09,2586077.54
2464.79,2702098.64
2903.58,2990148.82
2063.03,2434902.6

LIGO_700_176.xml
2473.04,2728157.91
2671.84,2853199.41
2581.29,2795778.29
2140.59,2507680.86

LIGO_700_177.xml
2894.58,3017570.63
2882.75,3008159.33
2241.21,2584385.63
2353.97,2657538.32

LIGO_700_178.xml
2485.14,2705256.84
2499.63,2713812.45
2695.46,2846018.49
2073.64,2435893.22

LIGO_700_179.xml
2302.87,2549759.19
2355.09,2583810.7
2811.86,2886059.63
1982.67,2338477.87

LIGO_700_180.xml
2789.68,2958355.11
2936.05,3048155.35
2687.6,2880408.78
2252.76,2599037.46

LIGO_700_181.xml
2517.93,2799014.52
2669.38,2897488.19
2309.24,2661898.99
2194.66,2585770

LIGO_700_182.xml
2428.42,2693150.08
2533.28,2759626.66
2621.96,2817046.9
2101.38,2477829.62

LIGO_700_183.xml
2301.63,2545528.54
2328.3,2566376.75
2536.47,2694424.13
2004.69,2349855.16

LIGO_700_184.xml
2515.29,2739513.99
2531.42,2753041.69
2747.25,2883499
2071.8,2447025.24

LIGO_700_185.xml
2314.53,2563376.19
2353,2587539.17
2495.87,2683314.54
1971.58,2338949.53

LIGO_700_186.xml
2292.54,2555490.1
2315.38,2573916.08
2689.89,2814927.66
1995.85,2363331.41

LIGO_700_187.xml
2528.15,2770583.92
2537.96,2780334.78
2687.23,2877564.58
2143.05,2520144.17

LIGO_700_188.xml
2470.7,2711070.46
2427.34,2679895.82
2596.45,2792151.28
2086.04,2454638.9

LIGO_700_189.xml
2156.93,2425810.57
2444.32,2618028.06
2538.44,2678337.86
1890.51,2255463.63

LIGO_700_190.xml
2312.33,2555161.12
2151.07,2451649.03
2762.68,2855104.39
1989.69,2342994.36

LIGO_700_191.xml
2330.24,2583914.09
2383.2,2619478.64
2490.92,2686653.05
1980.79,2350981.61

LIGO_700_192.xml
2542.29,2759806.63
2527.74,2751882.45
2570.1,2781555.73
2092.17,2462104.63

LIGO_700_193.xml
2448.4,2708885.98
2503.02,2746166.04
2615.31,2819315.32
2075.74,2461204.3

LIGO_700_194.xml
2438.73,2684737.15
2512.51,2732218.83
2994.72,3051760.31
2084.31,2450016.23

LIGO_700_195.xml
2350.28,2593169.9
2425.01,2652325.49
2441.68,2656736.46
1998.81,2366683.93

LIGO_700_196.xml
2791.6,2970136.69
2829.91,2991381.84
2292.87,2639344.47
2337.61,2673333.81

LIGO_700_197.xml
2400.61,2660882.06
2502.29,2725896.97
2566.39,2773962.7
2095.67,2461568.84

LIGO_700_198.xml
2254.57,2518636.42
2378.58,2602183.47
2655.1,2777258.29
1972.77,2333112.14

LIGO_700_199.xml
2308.3,2555235.42
2154.11,2454089.91
2823.99,2896813.3
1955.69,2325076.56

LIGO_700_200.xml
2329.7,2592794.87
2422.73,2658307.41
2672.69,2810995.86
2038.73,2402930.76

LIGO_700_201.xml
2476.11,2712434.01
2502.24,2734320.15
2349.17,2628013.27
2126.21,2484319.91

LIGO_700_202.xml
2578.16,2820268.75
2800.66,2964399.89
2513,2772266.21
2216.05,2581403.65

LIGO_700_203.xml
2309.81,2540984.44
2321.45,2550077.61
2629.91,2739104.32
1917.52,2281257.4

LIGO_700_204.xml
2291.57,2574377.01
2529.46,2729584.78
2450.91,2680350.17
2038.84,2408639.04

LIGO_700_205.xml
2573.23,2819145.22
2523.77,2783088.78
2768.26,2947442.59
2192.73,2564490.61

LIGO_700_206.xml
2719.4,2907410.03
2772.12,2942442.18
2421.65,2711658.86
2219.46,2578309.35

LIGO_700_207.xml
2503.77,2732948.75
2890.53,3000174
2765.79,2908746.02
2122.01,2483563.5

LIGO_700_208.xml
2741.27,2945228.54
2967.23,3093589.81
2275.74,2636681.82
2252.91,2621902.9

LIGO_700_209.xml
2633.07,2840315.67
2852.27,2978423.47
2242.03,2576535.77
2212.35,2555861.41

LIGO_700_210.xml
2440.8,2675289.29
2298.25,2581692.68
2616.85,2781448.71
2053.34,2420622.44

LIGO_700_211.xml
2428.59,2690330.68
2658.8,2838798.22
2935.42,3016135.57
2209.77,2545798.38

LIGO_700_212.xml
2494.39,2715366.3
2465.03,2696991.33
2765.44,2886294.39
2073.89,2437093.94

LIGO_700_213.xml
2305.68,2560174.58
2447.51,2656508.48
2611.57,2759289.08
2025.84,2381850.87

LIGO_700_214.xml
2312.12,2556861.5
2223.76,2497993.21
2453.11,2648654.68
2013.89,2365442.57

LIGO_700_215.xml
2358.99,2642711.54
2622.45,2818479.01
2534.08,2754492.93
2114.8,2480490.58

LIGO_700_216.xml
2490.4,2763836.58
2603.87,2843963.09
2773.71,2954495.97
2186.99,2567953.31

LIGO_700_217.xml
2672.34,2845646.79
2566.04,2772560.97
2189.43,2524587.17
2188.64,2522862.26

LIGO_700_218.xml
2222.61,2478699.5
2321.18,2547864.32
2495.72,2656747.5
1939.22,2295348.48

LIGO_700_219.xml
2376.19,2648242.1
2415.29,2675999.82
2861.14,2968763.71
2107.23,2473839.47

LIGO_700_220.xml
2517.65,2759209.39
2470.36,2733218.33
2884.22,2991636.02
2097.1,2480331.83

LIGO_700_221.xml
2376.96,2642500.1
2498.26,2727115.75
2710.07,2862591.39
2085.65,2451297.73

LIGO_700_222.xml
2365.91,2623297.09
2592.47,2768059.07
2628.29,2789194.19
2006.62,2384861.01

LIGO_700_223.xml
2556.55,2763723.99
2570.69,2774242.38
2599.98,2794996.14
2068.83,2443901.04

LIGO_700_224.xml
2260.25,2518345.92
2465.86,2651028.47
2529.29,2692442.65
1974.94,2330510.59

LIGO_700_225.xml
2387.45,2647093.18
2574.93,2769227.43
2505.91,2728182.68
2051.37,2429009.13

LIGO_700_226.xml
2384.14,2658084.82
2425.24,2687737.63
2423.1,2686436.07
2106,2473781.9

LIGO_700_227.xml
2398.46,2635576.33
2411.6,2640382.71
2500.06,2702154.04
2010.63,2377328.86

LIGO_700_228.xml
2197.23,2464129.45
2173.15,2447360.47
2467.69,2641408.92
1926.22,2288573.92

LIGO_700_229.xml
2378.99,2654902.92
2446.32,2702788.71
2640.74,2825632.18
2062.56,2445117.79

LIGO_700_230.xml
2746.53,2894844.67
2550.17,2765723.11
2526.64,2748093.21
2120,2479106.3

LIGO_700_231.xml
2745.3,2956060.67
2976.82,3115080.36
2308.18,2666198.21
2346.48,2691261.25

LIGO_700_232.xml
2373.84,2609380.52
2402.39,2633136.63
2562.83,2730626.81
1976.06,2348333.4

LIGO_700_233.xml
2338.62,2558602.6
2286.12,2521784.62
2513.68,2671985.82
1942.51,2298292.18

LIGO_700_234.xml
2739.97,2941217.43
3010.78,3114139.09
2299.13,2649003.93
2310,2658143.31

LIGO_700_235.xml
2444.15,2675783.86
2557.31,2751099.33
2477.49,2696429.76
2040.98,2413339.05

LIGO_700_236.xml
2526.82,2746744.86
2478.15,2714385.41
2551.11,2760185.31
2096.4,2462584.71

LIGO_700_237.xml
2183.44,2445554.89
2312.52,2532610.47
2666.18,2760950.95
1906.5,2266344.36

LIGO_700_238.xml
2485.14,2724629.18
2677.4,2858148.54
3054.33,3101638.66
2134.38,2499545.31

LIGO_700_239.xml
2370.45,2623226.89
2398.29,2643437.89
2683.46,2832472.41
2051.92,2417133.27

LIGO_700_240.xml
2491.45,2742640.72
2566.58,2799219.93
2589.31,2808281.3
2150.18,2518929.11

LIGO_700_241.xml
2364.46,2643683.13
2495.83,2734070.82
2549.46,2763397.56
2085.4,2460878.81

LIGO_700_242.xml
2672.01,2858259.19
2710.81,2888573.4
2243.96,2575962.61
2140.8,2511367.05

LIGO_700_243.xml
2251.09,2537566.51
2435.45,2658287.86
2527.05,2713183.39
2018.67,2384496.14

LIGO_700_244.xml
2318.81,2557603.34
2397.39,2610119.36
2501.47,2674233.55
1939.66,2308704.41

LIGO_700_245.xml
2505.44,2743237.96
2797.14,2931153.7
2214.09,2549290.79
2244.18,2567448.1

LIGO_700_246.xml
2725.19,2904869.17
2921.16,3039401.35
2234.59,2581955.13
2270.93,2605358.32

LIGO_700_247.xml
2245.06,2537020.19
2463.57,2684477.81
2568.26,2750532.96
1997.3,2375457.17

LIGO_700_248.xml
2578.98,2806240.96
2886,3015402.47
2518.48,2773788.26
2225.21,2576604.21

LIGO_700_249.xml
2575.45,2805711.55
2568.6,2802498.1
2502,2755350.14
2136.07,2515243.56

LIGO_700_250.xml
2309.97,2541181.48
2351.4,2566442.73
2542.94,2693285.53
1928.08,2287718.35

LIGO_700_251.xml
2564.67,2783876.18
2571.22,2785287.46
2684.01,2853285.62
2198.24,2537103.93

LIGO_700_252.xml
2543.4,2773448.43
2742.9,2906362.19
2662.39,2852910.79
2126.97,2499691.4

LIGO_700_253.xml
2344.02,2644366.65
2601.18,2813164.66
2675.31,2862390.87
2143.64,2512770.02

LIGO_700_254.xml
2760.82,2953886.75
2977.44,3095306.28
2284.5,2639424.54
2241.23,2611187.03

LIGO_700_255.xml
2430.82,2725043.42
2559.44,2809952.29
2631.96,2856998.91
2172.69,2555232.95

LIGO_700_256.xml
2305.8,2589510.99
2411.76,2663545.39
2548.17,2750039.94
2048.8,2424416.14

LIGO_700_257.xml
2400.66,2654844.54
2420.37,2675347.31
2927.23,3006004.57
2055.31,2430401.35

LIGO_700_258.xml
2530.36,2761088.17
2866.82,2982480.09
2617.62,2819651.88
2187.76,2537445.46

LIGO_700_259.xml
2831.73,2993526.05
2951.17,3071023.62
2276.84,2624334.77
2292.29,2638961.96

LIGO_700_260.xml
2276.68,2561763.3
2322.01,2594395.85
2969.74,3003064.05
2048.82,2412514.5

LIGO_700_261.xml
2490.21,2744637.94
2515.34,2759349.84
2433.45,2703191.07
2105.19,2489756

LIGO_700_262.xml
2316.37,2545541.77
2168.08,2445722.32
2752.13,2836310.07
1924.81,2290261.25

LIGO_700_263.xml
2400.74,2656308.53
2491.6,2718437.96
2902.81,2986916.75
2057.61,2432500.59

LIGO_700_264.xml
2702.83,2900278.72
2794.15,2961205.49
2267.87,2612218.91
2315.51,2643640.16

LIGO_700_265.xml
2399.41,2677897.37
2492.53,2740277.45
2732.1,2899311.16
2108.62,2486262.32

LIGO_700_266.xml
2372.46,2643703.31
2404.39,2668388.13
2935.93,3018889.2
2109.16,2469942.29

LIGO_700_267.xml
2688.51,2910124.74
3008.41,3121507.85
2313.83,2665933.94
2279.36,2644190.06

LIGO_700_268.xml
2380.83,2665334.07
2703.72,2882662.6
2437.58,2698692.47
2106.72,2484449.54

LIGO_700_269.xml
2390.93,2618988.5
2379.29,2610088.47
2479.89,2672375.74
2013.2,2369964.61

LIGO_700_270.xml
2465.96,2695973.95
2590.99,2780235
2507.28,2720419.89
2036.93,2410467.52

LIGO_700_271.xml
2388.38,2660625.15
2440.57,2700776.86
2685.8,2858418.34
2092.34,2467238.16

LIGO_700_272.xml
2368.91,2617694.44
2377.7,2624177.53
2607.57,2764559.11
2026.85,2392152.97

LIGO_700_273.xml
2546.16,2748161.88
2461.75,2689224.57
2679.72,2837130.16
2073.85,2436527.49

LIGO_700_274.xml
2490.74,2739138.62
2594.73,2809041.69
2574.03,2790826.09
2120.71,2490675.61

LIGO_700_275.xml
2330.21,2606118.49
2515.38,2727739.21
2768.86,2897497.09
2083.78,2442094.77

LIGO_700_276.xml
2282.21,2523593.23
2320.96,2551414.74
2663.3,2771026.55
1967.58,2318775.1

LIGO_700_277.xml
2334.77,2552510.22
2136.68,2420323.41
2563.33,2702203.9
1937.12,2286995.7

LIGO_700_278.xml
2291.01,2546316.46
2366.74,2600271.47
2492.91,2681612.15
2016.59,2366990.2

LIGO_700_279.xml
2549.61,2764753.91
2457.05,2702458.24
2900.08,2991512.87
2104.88,2470671.9

LIGO_700_280.xml
2666.43,2870302.87
2771.66,2936871.15
2245.19,2586996.88
2273.95,2607587.88

LIGO_700_281.xml
2509.85,2726015.09
2527.36,2734127.89
2365.6,2629946.64
2039.19,2417288.72

LIGO_700_282.xml
2348.34,2579838.83
2363.39,2587250.43
2527.75,2696962.18
1968.54,2325537.03

LIGO_700_283.xml
2669.18,2890198.28
2920.26,3054875.51
2280.17,2634068.23
2374.75,2696058.15

LIGO_700_284.xml
2231.09,2523400.99
2321.18,2585622.05
2563.97,2741168.49
2036.77,2396030.14

LIGO_700_285.xml
2275.06,2538446.9
2284.97,2548311.54
2530.97,2708123.74
1991.27,2352777.86

LIGO_700_286.xml
2426.14,2695812.14
2779.79,2919570.8
2519.41,2759680.8
2192.68,2540881.24

LIGO_700_287.xml
2850.67,3003699.04
2971.7,3081724.46
2824.7,2977917
2263.45,2611814.3

LIGO_700_288.xml
2316.25,2539499.15
2252.39,2497519.37
2757.44,2823837.38
1919.65,2278578.95

LIGO_700_289.xml
2497.91,2720436.33
2536.34,2740358.55
2502.73,2720266.19
2051.78,2424611.45

LIGO_700_290.xml
2423.27,2684067.32
2476.68,2728241.31
2641.45,2831548.24
2084.57,2462714.54

LIGO_700_291.xml
2629.25,2803837.6
2755.47,2887441.75
2646.56,2813940.86
2074.08,2441425.03

LIGO_700_292.xml
2524.19,2779767.62
2503.83,2770930.72
2643.16,2863280.84
2158.59,2543290.52

LIGO_700_293.xml
2349.32,2585651.94
2395.44,2618421.85
2805.5,2889423.5
2024.97,2374165.87

LIGO_700_294.xml
2263.23,2540154.18
2523.65,2711218.83
2621.2,2776173.82
2028.73,2388690.36

LIGO_700_295.xml
2559.97,2808640.98
2973.95,3088026.2
2281.2,2626284.46
2282.66,2626859.37

LIGO_700_296.xml
2275.37,2549062.55
2279.16,2553563.63
2562.78,2731715.56
1985.77,2360006.38

LIGO_700_297.xml
2432.69,2668625.15
2366.89,2625554.61
2788.74,2911500.57
2032.23,2405924.59

LIGO_700_298.xml
2234.91,2518726.57
2374.48,2611812.85
2801.33,2888220.43
2026.27,2383040.66

LIGO_700_299.xml
2341.44,2588366.23
2411.79,2640211.64
2869.02,2941120.04
1997.06,2367060.26

LIGO_700_300.xml
2353.25,2617296.31
2459.14,2685525.19
2794.44,2902727.6
2080.97,2436276.86

LIGO_700_301.xml
2482.91,2748912.99
2530.46,2781183.95
2424.51,2712534.13
2139.46,2522813.12

LIGO_700_302.xml
2600.7,2829315.76
2686.76,2888995.32
2597.65,2826757.62
2229.48,2583023.65

LIGO_700_303.xml
2211.22,2508468.84
2479.49,2684360.13
2878.86,2950850.81
1986.66,2361695.8

LIGO_700_304.xml
2434.12,2688249.56
2684.95,2857500.62
2468.4,2710522.14
2063.5,2437634.59

LIGO_700_305.xml
2438.48,2705053.96
2611.43,2820832.52
2693.97,2879452.18
2149.44,2515102.35

LIGO_700_306.xml
2319.74,2572721.52
2280.92,2547838.42
2527.6,2711583.82
1986.83,2353707.62

LIGO_700_307.xml
2422.33,2664874.62
2447.87,2684525.89
2849.19,2951249.21
2056.3,2425457.05

LIGO_700_308.xml
2320.19,2579895.17
2403.96,2637269.11
2463.14,2671606.71
1986.86,2361614.88

LIGO_700_309.xml
2317.07,2585647.38
2454.6,2682787.93
2633.02,2798360.78
2069.51,2425670.1

LIGO_700_310.xml
2357.34,2594704.85
2440.63,2647938.17
2441.06,2641447.98
1980.07,2343743.4

LIGO_700_311.xml
2518.23,2751303.18
2590.23,2797956.03
2590,2798931.37
2108.45,2480226.34

LIGO_700_312.xml
2180.65,2490925.55
2373.06,2622028.6
2630.55,2788928.08
2008.82,2380829.06

LIGO_700_313.xml
2389.17,2652541.25
2463.92,2704258.12
2917.23,2999500.16
2089.18,2455193.81

LIGO_700_314.xml
2309.36,2581212.06
2330.04,2594263.3
3086.75,3098803.53
2058.92,2415870.39

LIGO_700_315.xml
2094.89,2404126.81
2372.7,2592105.07
2783.05,2857177.7
1975.02,2329304.62

LIGO_700_316.xml
2681.19,2882811.39
2933.05,3059415.69
2261.14,2606895.55
2270.32,2614665.97

LIGO_700_317.xml
2323.62,2558474.29
2302.76,2549783.92
2714.13,2810943.87
1991.99,2344297.95

LIGO_700_318.xml
2250.45,2535614.9
2369.93,2616569.55
2553.51,2731037.36
2011.82,2378979.21

LIGO_700_319.xml
2540.6,2772830.01
2481.45,2739380.15
2809.11,2952380.23
2189.79,2542762.77

LIGO_700_320.xml
2334.06,2576398.84
2474.46,2667543.47
3146.6,3109651.68
2030.42,2375749.64

LIGO_700_321.xml
2441.34,2703943.29
2640.16,2835471.99
2619.78,2821805.03
2072.17,2461661.55

LIGO_700_322.xml
2445.27,2707381.38
2646.47,2837170.34
2584.29,2793287.77
2126.37,2496331.64

LIGO_700_323.xml
2328.77,2564628.87
2355.07,2577763.84
2943.04,2968919.74
1959.21,2320505.52

LIGO_700_324.xml
2419.38,2627619.01
2404.39,2618484.11
2449.96,2647291.76
2009.64,2355769.6

LIGO_700_325.xml
2596.76,2800108.47
2793.83,2933400.19
2534.3,2762103.65
2214.68,2550575.81

LIGO_700_326.xml
2411.6,2648862.19
2456.96,2677050.54
2626.89,2789207.99
2060.04,2415903.88

LIGO_700_327.xml
2733.8,2893251
2925.18,3018195.03
2266.27,2586784.98
2210.57,2548448.36

LIGO_700_328.xml
2137.73,2428275.13
2312.81,2547527.74
2802.9,2868296.09
1973.03,2321021.58

LIGO_700_329.xml
2275.92,2515873.43
2371.16,2583133.74
2659.04,2764087.98
1931.82,2290613.66

LIGO_700_330.xml
2612.12,2829184.33
2589.1,2815960.74
2805.35,2950440.12
2124.45,2506545.48

LIGO_700_331.xml
2618.44,2832636.16
2790.03,2943039.73
2672.44,2865558.23
2151.76,2529848.55

LIGO_700_332.xml
2365.23,2609240.47
2347.42,2598073.89
2606.55,2766869.35
2062.16,2412167.85

LIGO_700_333.xml
2292.17,2547092.42
2472.72,2662715.13
2734.94,2827030.68
1953.71,2322916.66

LIGO_700_334.xml
2317.95,2573459.13
2314.6,2575229.73
2851.01,2924629.35
2008.72,2373564.85

LIGO_700_335.xml
2550.58,2779326.07
2579.86,2795105.74
2227.65,2566457.74
2164.92,2525354.89

LIGO_700_336.xml
2340.6,2574644.43
2188.94,2473339.42
2949.12,2977735.04
1972.25,2333725.72

LIGO_700_337.xml
2623.45,2850796.44
3021.76,3113220.02
2570.18,2817977.64
2228.74,2588007.58

LIGO_700_338.xml
2347.2,2611022.21
2429.25,2666908.65
2553.54,2745021.64
2019.71,2393164.69

LIGO_700_339.xml
2440.86,2707906.64
2527.68,2760764.42
2586.43,2796061.04
2087.75,2473059.06

LIGO_700_340.xml
2535.58,2739222.8
2589.86,2772180.08
2645.44,2810738.16
2131.43,2473548.92

LIGO_700_341.xml
2437.7,2670726.88
2493.54,2710073.23
2737.76,2866284.47
2023.41,2398321.01

LIGO_700_342.xml
2281.31,2595268.01
2355.68,2645897.46
2482.51,2729313.9
2120.89,2492582.32

LIGO_700_343.xml
2257.06,2549807.96
2447.9,2679563.48
2927.12,2994119.12
2064.17,2424173.2

LIGO_700_344.xml
2604.2,2797781.37
2735.83,2880830.28
2629.54,2808588.7
2127.69,2483432.74

LIGO_700_345.xml
2223.1,2519118.77
2394.09,2636368.32
2554.67,2737202.18
2053.17,2409752.48

LIGO_700_346.xml
2309.91,2570809.58
2351.91,2605939.22
2289.52,2555829.75
2010.62,2374932.56

LIGO_700_347.xml
2509.33,2749725.06
2742.22,2905894.94
2882.5,2991799.09
2169.13,2528694.41

LIGO_700_348.xml
2207.17,2464294.42
2335.5,2550948.11
2480.44,2641882.89
1912.39,2271728.96

LIGO_700_349.xml
2306.11,2594820.41
2550.82,2755401.59
2576.5,2775208.06
2049.4,2427365.93

LIGO_700_350.xml
2742.67,2928797.6
3005.14,3102280.31
2263.24,2612566.9
2283.35,2623126.33

LIGO_700_351.xml
2119.33,2403146.94
2270.62,2505505.64
2638.4,2746476.34
1914.24,2271446.54

LIGO_700_352.xml
2590.31,2820732.22
2535.13,2786652.37
2785.69,2946163.3
2118.39,2510963.52

LIGO_700_353.xml
2566.56,2789961.03
2531.83,2768869.94
2808.83,2950946.85
2103.18,2483302.43

LIGO_700_354.xml
2398.78,2615396.21
2308.07,2559466.68
2610.45,2749385.9
1952.14,2321220.34

LIGO_700_355.xml
2485.24,2728554.49
2517.68,2751454
2662.79,2846618.34
2095.57,2477161.33

LIGO_700_356.xml
2699.1,2887978.7
2988.93,3081610.67
2240.25,2587074.75
2251.11,2595798.91

LIGO_700_357.xml
2432.32,2677697.17
2471.06,2707501.03
2724.2,2862249.22
2073.15,2440057.85

LIGO_700_358.xml
2615.04,2817625.79
2531.42,2766963.67
2399.32,2675991.68
2097.57,2482225.36

LIGO_700_359.xml
2649.93,2883599.84
3072.96,3158464.34
2341.72,2676992.07
2339.32,2675517.29

LIGO_700_360.xml
2561.79,2796826.72
2759.38,2933747.05
2821.41,2963585.77
2125.61,2516260.44

LIGO_700_361.xml
2575.36,2823203.4
2823.98,2992565.8
2707.72,2911820.31
2213.74,2585227.28

LIGO_700_362.xml
2343.24,2601400.45
2471.31,2683166.03
2711.64,2850095.81
2085.01,2431367.04

LIGO_700_363.xml
2384.25,2643268.3
2480.57,2707284.08
2765.01,2898924.63
2044.54,2420271.06

LIGO_700_364.xml
2418.83,2671536.19
2462.62,2704406.49
2699.46,2861001.86
2042.15,2427068.78

LIGO_700_365.xml
2452.4,2667455.36
2382.29,2624388.23
2673.61,2812560.6
1991,2364001.72

LIGO_700_366.xml
2568.31,2811397.04
2544.28,2799934.36
2724.88,2914208.05
2168.42,2551293.12

LIGO_700_367.xml
2626.84,2825466.2
2627.87,2826030.96
2683.9,2868335.92
2171.13,2524988.34

LIGO_700_368.xml
2519.36,2777377.73
2756.8,2929261.64
2466.34,2743014
2270.03,2611073.83

LIGO_700_369.xml
2247.98,2477914.57
2235,2471831.93
2560.22,2686109.29
1923.24,2269212.91

LIGO_700_370.xml
2223.96,2485387.2
2365.75,2583010.24
2518.75,2679622.06
1923.82,2289405.33

LIGO_700_371.xml
2711.39,2903818.74
2604.59,2835562.7
2261.54,2607265.02
2214.26,2576074.56

LIGO_700_372.xml
2397.32,2666777.42
2522.82,2754408.93
2617.85,2813119.02
2097.77,2472148.95

LIGO_700_373.xml
2287.76,2561264.29
2474.53,2688799.9
2700.99,2838409.54
2028.63,2394235.03

LIGO_700_374.xml
2394.55,2663652.82
2482.79,2721390.68
2413.12,2673777.73
2108.06,2474663.9

LIGO_700_375.xml
2674.99,2846865.78
2886.02,2983591.66
2183.46,2519901.12
2211.96,2539113.66

LIGO_700_376.xml
2422.47,2651756.74
2413.87,2647108.11
2952.41,3004484.3
2023.46,2389937.08

LIGO_700_377.xml
2359.75,2602366.35
2363.94,2605765.15
2912.76,2962106.61
1981,2352871.13

LIGO_700_378.xml
2337,2583086.95
2298.7,2558445.05
2519.76,2701415.51
1978,2347268

LIGO_700_379.xml
2345.85,2626065.7
2451.85,2698978.02
2603.67,2799035.27
2061.84,2443077.87

LIGO_700_380.xml
2289.12,2559374.05
2351.85,2603921.51
2598.84,2761114.83
1997.65,2370182.5

LIGO_700_381.xml
2553.25,2803548.05
2569.3,2815420.73
2720.1,2906894.31
2215.98,2577121.71

LIGO_700_382.xml
2510.12,2749805.16
2512.56,2751936.08
2606.57,2812197.89
2150.76,2515253.37

LIGO_700_383.xml
2114.33,2423493.08
2369.12,2598659.86
2663.22,2787031.68
1965.81,2329890.38

LIGO_700_384.xml
2441.01,2665882.48
2456.96,2682109.94
2613.52,2781933.44
2044.3,2405044.86

LIGO_700_385.xml
2709.41,2892241.67
2926.04,3039235.94
2681.77,2872435.5
2250.47,2586137.78

LIGO_700_386.xml
2446.59,2715869.08
2541.54,2781478.97
2706.74,2887728.47
2170.82,2535025.69

LIGO_700_387.xml
2254.06,2538896.66
2498.22,2701888.63
2536.02,2724843.03
2001.21,2377772.44

LIGO_700_388.xml
2298.45,2539968.06
2221.59,2492082.38
2696.3,2792007.33
1977.68,2329222.74

LIGO_700_389.xml
2521.48,2738030.88
2542.49,2750893.11
2806.74,2917920.61
2066.76,2439977.76

LIGO_700_390.xml
2254.07,2528857.88
2401.88,2630265.18
2446.17,2655720.94
1972.92,2346454.23

LIGO_700_391.xml
2216.4,2475776.45
2547.92,2697051.07
2444.92,2620243.35
1933.19,2289285.15

LIGO_700_392.xml
2294.03,2592234.32
2493.64,2731695.26
2622.98,2811384.86
2094.51,2466649.16

LIGO_700_393.xml
2536.46,2746632.57
2755.51,2887624.41
2499.48,2724424.42
2050.71,2428682.26

LIGO_700_394.xml
2753.93,2961978.61
3095.28,3184755.76
2300.88,2657084.2
2253.57,2626508.42

LIGO_700_395.xml
2727.92,2905989.56
2938.05,3041678.82
2239.29,2580882.67
2170.61,2535217.15

LIGO_700_396.xml
2367.39,2583806.13
2479.06,2661112.02
2665.65,2781016.19
1944.6,2306820.07

LIGO_700_397.xml
2314.33,2590688.08
2476.33,2700921.65
2442.67,2678599.15
2069.06,2429704.65

LIGO_700_398.xml
2565.53,2784680.75
2615.88,2815106.5
2659.04,2841789.24
2080.7,2464738.13

LIGO_700_399.xml
2423.53,2668037.3
2533.75,2743003.54
2928.91,2999707.9
2053.32,2422830.14

LIGO_700_400.xml
2310.01,2581142.38
2421.1,2659485.49
2504.77,2709476.61
2037.85,2405473.92

LIGO_700_401.xml
2767.32,2957312.2
2880.4,3025810.59
2294.63,2643328.37
2293.48,2643174.89

LIGO_700_402.xml
2428.36,2693164.23
2472.18,2727479.1
2434.56,2695040.14
2091.11,2470045.2

LIGO_700_403.xml
2284.34,2565969.26
2405.48,2647133.44
2558.63,2746361.63
1997.47,2381575.99

LIGO_700_404.xml
2225.3,2483412.92
2344.87,2566860.09
2633.55,2748921.78
1948.32,2302120.67

LIGO_700_405.xml
2453.4,2700072.3
2463.02,2708219.97
2570.84,2772643.84
2053.49,2437373.73

LIGO_700_406.xml
2342.42,2580078.42
2519.52,2691298.19
2646.21,2776828.95
2009.76,2359822.24

LIGO_700_407.xml
2586.24,2817876.45
2898.45,3025127.76
2274.09,2612421.62
2319.71,2643692.97

LIGO_700_408.xml
2549.86,2787713.63
2784.55,2946507.37
2538.53,2782330.65
2129.64,2517336

LIGO_700_409.xml
2578.08,2802804.87
2771.71,2933376.88
2673.03,2868050.63
2207.91,2565222.2

LIGO_700_410.xml
2567.43,2780210.94
2568.81,2783200.31
2726.9,2886503.38
2118.39,2486536.13

LIGO_700_411.xml
2445.85,2693990.83
2560.33,2770471.31
2808.19,2928221.46
2115.85,2474189.66

LIGO_700_412.xml
2339.06,2595886.13
2405.71,2645883.05
2551.42,2737009.68
2003.21,2378553.81

LIGO_700_413.xml
2474.25,2715468.39
2465.73,2711818.85
2613,2810855.03
2087.95,2462020.16

LIGO_700_414.xml
2847.14,3033589.53
2825.78,3013681.69
2356.78,2706862.91
2342.31,2696634.8

LIGO_700_415.xml
2418.92,2657616.55
2445.02,2679396.09
2653.33,2815718.28
2065.11,2426869.63

LIGO_700_416.xml
2493.41,2734386.09
2696.03,2861741.36
2570.58,2783590.46
2115.25,2484268.78

LIGO_700_417.xml
2187.49,2479211.94
2378.76,2605629.32
2290.04,2548256.51
1981.3,2344046.13

LIGO_700_418.xml
2202.52,2458036.44
2272.21,2502763.12
2489.85,2641733
1934.1,2280885.16

LIGO_700_419.xml
2611.64,2844200.4
3005.37,3107156.55
2272.62,2623624.01
2206.58,2581243.64

LIGO_700_420.xml
2395.13,2633869.45
2383.23,2628941.4
2540.24,2727755.2
1990.61,2368254.97

LIGO_700_421.xml
2690.59,2913127.68
2941.9,3078993.12
2713.77,2927653.63
2201.38,2591225.55

LIGO_700_422.xml
2264.7,2558401.81
2445.69,2683242.63
2876.05,2963193.46
2037.29,2412884.55

LIGO_700_423.xml
2211.76,2481587.67
2268.21,2516123.73
2424.76,2618581.8
1987.9,2334173.53

LIGO_700_424.xml
2446.84,2674687.32
2406.63,2652221.82
2854.3,2943537.58
2076.04,2432494.87

LIGO_700_425.xml
2522.91,2758881.25
2543.42,2771911.8
2658.18,2847572.03
2091.85,2474585.71

LIGO_700_426.xml
2455.67,2695427.6
2433.33,2680434.8
2404.16,2657276.88
2091.45,2452820.9

LIGO_700_427.xml
2435.62,2677906.43
2468.31,2702235.23
2677.59,2835249.62
2075.3,2442544.06

LIGO_700_428.xml
2381.98,2643248.07
2815.05,2928856.06
2467.35,2701205.66
2157.31,2494132.38

LIGO_700_429.xml
2294.19,2582312.08
2422.17,2669335.73
2924.41,3004294.77
2075.15,2442585.26

LIGO_700_430.xml
2590.61,2815659.63
2518.73,2770826.01
2734.73,2913736.09
2149.23,2526117.34

LIGO_700_431.xml
2371.93,2610390.99
2388.53,2624374.58
2792.12,2882147.64
2036.51,2389850.95

LIGO_700_432.xml
2513.01,2715747.45
2443.86,2671955.68
2628.6,2793306.14
2064.56,2422281.04

LIGO_700_433.xml
2589.01,2838934.66
2644.58,2868779.93
2801.6,2973022.37
2173.41,2562907.18

LIGO_700_434.xml
2275.67,2549777.51
2387.39,2626301.57
2684.58,2819642.56
2011.26,2379267.98

LIGO_700_435.xml
2407.57,2668267.57
2514.73,2746650.29
2869.79,2975377.67
2106.6,2472112.9

LIGO_700_436.xml
2290.74,2500167.61
2094.01,2370800.53
2450.34,2604500.12
1892.05,2240321.02

LIGO_700_437.xml
2386.62,2614394.81
2336.17,2583898.35
2654.57,2787661.51
1958.27,2333649.39

LIGO_700_438.xml
2314.26,2535909.91
2380.32,2578601.84
2301.82,2528286.8
1913.64,2268733.27

LIGO_700_439.xml
2476.44,2737262.24
2549.58,2786328.38
2888.34,3011398.93
2174.67,2540078.32

LIGO_700_440.xml
2528.57,2764371.89
2581.49,2801895.45
3131,3154170
2145.48,2511773.46

LIGO_700_441.xml
2412.55,2659218.48
2578.5,2769418.45
2645.15,2802482.6
2063.62,2429298.86

LIGO_700_442.xml
2563.12,2810121.54
2513.27,2778433.98
2604.36,2837702.69
2284.73,2630021.16

LIGO_700_443.xml
2566.24,2794204.95
2794.71,2953139.4
2461.99,2729082.66
2150.38,2520336.48

LIGO_700_444.xml
2687.6,2908887.17
3022.06,3129590.92
2317.9,2667092.23
2321.27,2667550.47

LIGO_700_445.xml
2328.33,2595493.1
2379.91,2632765.72
2515.63,2719717.17
2013.48,2389414.1

LIGO_700_446.xml
2371.68,2606193.41
2347.74,2594405.59
2278.07,2547311.58
1976.41,2347561.27

LIGO_700_447.xml
2280.8,2497356.48
2269.06,2493113
2695.41,2768634.1
1947.94,2283075.95

LIGO_700_448.xml
2313.27,2575669.71
2411.13,2642951.56
2464.54,2670901.6
1984.68,2358193.4

LIGO_700_449.xml
2699.82,2906741.09
2846.94,3001959.46
2692.84,2896616.24
2283.98,2631633.32

LIGO_700_450.xml
2245.28,2509665.27
2122.1,2426953.09
2794.8,2867234.91
1951.35,2316349.27

LIGO_700_451.xml
2778.76,2951403.2
2997.83,3094941.8
2834.21,2992097.8
2265.23,2610372.2

LIGO_700_452.xml
2613.3,2815367.24
2494.38,2740697.58
2902.52,3004118.35
2104.17,2480132.92

LIGO_700_453.xml
2486.99,2726993.04
2500.43,2733413.94
2743.97,2891389.44
2097.67,2468060.27

LIGO_700_454.xml
2498.09,2726352.33
2494.73,2730596.9
2662.87,2840684.71
2111.15,2470293.47

LIGO_700_455.xml
2409.99,2668727.78
2413.29,2669655.42
2782.87,2911945.82
2058.69,2436321.17

LIGO_700_456.xml
2306.5,2567187.12
2429.27,2653195.7
2564.83,2736645.79
1989.94,2362650.57

LIGO_700_457.xml
2493.64,2729153.78
2420.29,2683804.41
2571.31,2778620.02
2049.08,2434402.96

LIGO_700_458.xml
2268.02,2520015.99
2243.63,2509274.01
2440.71,2631693.09
1969.15,2324313.45

LIGO_700_459.xml
2130.31,2445684.24
2374.03,2611000.63
2861.21,2922772.56
2003.68,2364541.64

LIGO_700_460.xml
2440.8,2694453.06
2496.75,2738315.86
2864.42,2980506.1
2125.8,2491057.48

LIGO_700_461.xml
2306.73,2569690.89
2404.64,2636044.65
2433,2657840.67
2003.33,2371883.45

LIGO_700_462.xml
2325.81,2588965.25
2366.01,2618748.82
2720.87,2846284.42
2010.42,2383240.38

LIGO_700_463.xml
2416.17,2679935.16
2473.98,2715921.38
2530.26,2753206.06
2059.73,2444031.59

LIGO_700_464.xml
2402.75,2639183.8
2636.12,2792324.45
2518.46,2709161.4
2016.81,2386793.05

LIGO_700_465.xml
2348.31,2602911.62
2582.27,2757910.2
2487.78,2701315.7
1973.3,2359981.42

LIGO_700_466.xml
2331.48,2564503.64
2309.92,2558416.69
2802.45,2872951.68
2012.03,2358075.8

LIGO_700_467.xml
2382.64,2611947.72
2396.13,2620014.75
2509.12,2694388.9
2043.24,2385137.2

LIGO_700_468.xml
2312.36,2563783.28
2439.94,2653709.12
2394.37,2619208.23
1980.15,2347325.72

LIGO_700_469.xml
2715.21,2937707.26
3020.42,3135564.12
2764.77,2974380.3
2319.22,2676537.75

LIGO_700_470.xml
2736.22,2959111.7
2828.67,3015311.97
2450,2766319.17
2371.3,2715999.34

LIGO_700_471.xml
2664.52,2858930.48
2934.46,3034939.3
2245.8,2584486.8
2153.78,2526492.9

LIGO_700_472.xml
2139.07,2443061.13
2298.62,2550557.63
2426.93,2633254.7
1968.42,2332716.68

LIGO_700_473.xml
2712.65,2904768.58
2975.07,3072692.17
2251.13,2597789.31
2196.25,2561476.62

LIGO_700_474.xml
2711.19,2890251.32
2949.15,3052233.61
2220.46,2567353.2
2267.62,2599400.62

LIGO_700_475.xml
2244.16,2512884.51
2330.71,2573620.05
2399.52,2617045.13
1955.94,2323011.9

LIGO_700_476.xml
2403.9,2644331.36
2400.55,2643750.8
2576.49,2755390.86
1993.94,2372976.66

LIGO_700_477.xml
2523.73,2776106.56
2589.05,2818834.72
2538.8,2782970.97
2205.35,2563507.93

LIGO_700_478.xml
2261.04,2539724.62
2330.52,2589006.39
2810.85,2891181.79
2000.14,2370283.83

LIGO_700_479.xml
2349.49,2618631.74
2380.54,2641838.21
2667.92,2829473.54
2028.59,2411963.81

LIGO_700_480.xml
2375.47,2643270.36
2441.93,2689865.94
2550.32,2753063.83
2066.58,2441227.18

LIGO_700_481.xml
2213.52,2460875.14
2247.44,2485092.46
2571.62,2693716.45
1921.73,2267794.08

LIGO_700_482.xml
2630.21,2824022.75
2596.7,2801532.82
2759.63,2904864.54
2093.61,2470141.24

LIGO_700_483.xml
2315.96,2601538.62
2471.58,2706899.48
2599.05,2789779.37
2072.13,2441751.25

LIGO_700_484.xml
2488.1,2751837.71
2530.92,2781950.86
2615.33,2836006.03
2190.06,2556332.67

LIGO_700_485.xml
2575.52,2816679.93
2605.1,2833149.42
2623.71,2845805.4
2174.4,2552700.41

LIGO_700_486.xml
2281.33,2534745.42
2362.78,2590682.67
2533.02,2697251.67
1943.91,2312271.9

LIGO_700_487.xml
2441.94,2695504.92
2490.31,2732172.99
2717.85,2879331.89
2091.27,2467838.41

LIGO_700_488.xml
2360.03,2584042.88
2311.56,2557134.98
2315.54,2557740.95
2011.66,2358717.73

LIGO_700_489.xml
2139.11,2392515.46
2417.12,2578733.85
2793.8,2832895.12
1869.46,2218443.37

LIGO_700_490.xml
2580.14,2827527.37
2952.64,3069348.27
2273.62,2624754.34
2202.94,2577164.72

LIGO_700_491.xml
2762.86,2911177.64
2910.54,3013062.54
2230.53,2560857.26
2247.33,2569908.23

LIGO_700_492.xml
2405.84,2682669.84
2557.93,2786781.88
2603.54,2814951.53
2114.92,2493040.74

LIGO_700_493.xml
2570.29,2787534.75
2846.36,2971693.05
2209.95,2551246.67
2164.88,2516302.03

LIGO_700_494.xml
2349.03,2606080.19
2338.76,2601719.56
2666.9,2811055.51
2025.76,2394198.98

LIGO_700_495.xml
2403.88,2673422.2
2486.78,2727874.66
2537.46,2760969.14
2079.31,2459970.24

LIGO_700_496.xml
2420.81,2678677.62
2488.68,2720389.41
2771.66,2902871.95
2075.76,2447921.65

LIGO_700_497.xml
2137.43,2432434.69
2257.96,2513792.56
2436.81,2631408.06
1983.49,2334847.71

LIGO_700_498.xml
2267.81,2551922.71
2380.87,2631625.25
2472.82,2689943.84
2054.42,2411193.61

LIGO_700_499.xml
2299.19,2581841.74
2453.8,2693137.04
2823.83,2935660.81
2057.43,2428514.97

LIGO_700_500.xml
2315.96,2545954.62
2266.3,2515404.81
2440.19,2628893.16
1955.92,2312690.37

LIGO_700_501.xml
2277.07,2536574.66
2300.78,2555015.08
2458.59,2657484.62
1971.27,2335140.04

LIGO_700_502.xml
2228.99,2472636.66
2100.82,2388572.68
2256.87,2492847.38
1934.92,2283236.8

LIGO_700_503.xml
2157.85,2418842.7
2135.97,2405611.57
2594.22,2707695.7
1897.13,2246443.15

LIGO_700_504.xml
2436.94,2695579.49
2513.85,2748254.36
2826.35,2950963.59
2125.14,2489771.16

LIGO_700_505.xml
2313.98,2547272.72
2361.2,2581389.79
2678.25,2785438.91
1923.1,2291939.08

LIGO_700_506.xml
2294.13,2535186.52
2343.4,2569697.38
2489.79,2665649.09
1984.76,2333882.96

LIGO_700_507.xml
2246.53,2518598.69
2392.21,2619358.37
2454.61,2659589.8
1988.56,2352747.13

LIGO_700_508.xml
2270.51,2555231.8
2434.79,2666207.04
2358.15,2616447.48
2065.03,2421611.2

LIGO_700_509.xml
2327.47,2546644.39
2331.78,2548624.46
2703.07,2791554.32
1937.29,2289320.16

LIGO_700_510.xml
2244.79,2494168.95
2310.9,2540621.74
2432.32,2616762.69
1958.61,2307191.25

LIGO_700_511.xml
2333.8,2591195.56
2396.77,2633696.67
2552.78,2735309.02
2012.13,2378788.31

LIGO_700_512.xml
2308.78,2580450.67
2486.69,2703637.39
2614.07,2779585.54
2010.13,2386721.41

LIGO_700_513.xml
2340.48,2572845.64
2334.99,2572659.74
2600.88,2742435.04
1971.14,2330898.98

LIGO_700_514.xml
2454.35,2695353.32
2463.31,2705689.54
3089.4,3114060.5
2101.57,2465377.8

LIGO_700_515.xml
2235.47,2519646.82
2503.35,2694275.02
2686.64,2812763.45
2035.96,2389881.51

LIGO_700_516.xml
2216.65,2512929.23
2375.14,2617425.91
2566.99,2746808.46
2040.63,2396251.24

LIGO_700_517.xml
2733.12,2914084.3
2895.13,3023694.23
2606.97,2834448.23
2190.49,2552777.94

LIGO_700_518.xml
2332.28,2591038.38
2382.14,2623018.36
2481.26,2688481.3
2002.43,2375799.02

LIGO_700_519.xml
2307.28,2556492.27
2481.35,2672182.38
2833.9,2905198.64
1986.42,2345888.6

LIGO_700_520.xml
2778.46,2939702.42
2861.07,3001590.53
2687.44,2880613.35
2221.71,2572952.48

LIGO_700_521.xml
2580.38,2802881.59
2575.88,2798073.21
2581.31,2804352.79
2097.09,2485014.94

LIGO_700_522.xml
2328.9,2572160.2
2514.87,2695144.82
2460.81,2655137.84
2031.56,2377769.2

LIGO_700_523.xml
2595.15,2822468.57
2887.7,3016516.6
2257.15,2602330.82
2196.31,2559345.77

LIGO_700_524.xml
2298.63,2558701.21
2562.13,2728797.26
2616.73,2760483.42
1995.83,2359435.73

LIGO_700_525.xml
2306.52,2549375.32
2381.34,2602192.12
2809.7,2878217.65
1962.75,2322683.81

LIGO_700_526.xml
2238.43,2550826.12
2473.16,2709506.44
2883.98,2974716.05
2098.42,2459186.69

LIGO_700_527.xml
2254.71,2515370.78
2381.22,2601849.43
2731.06,2828692.7
1955.87,2320518.23

LIGO_700_528.xml
2248.73,2503477.69
2437.57,2627675.2
2695.59,2800994.79
1914.54,2282683.99

LIGO_700_529.xml
2322.92,2584330.13
2388.53,2639891.77
2524.54,2721390.25
2064.63,2414714.97

LIGO_700_530.xml
2363.62,2606680.73
2299.77,2569344.22
2694.51,2816548.08
2007.64,2371854.17

LIGO_700_531.xml
2648.65,2867489.68
2629.42,2858943.92
2483.38,2757535.37
2152.65,2538758.77

LIGO_700_532.xml
2494.51,2755808.33
2523.93,2779295.46
2575.11,2806147.5
2162.99,2538386.62

LIGO_700_533.xml
2534.98,2783198.28
2628.44,2846432.45
2742.41,2923034.49
2153.55,2534763.67

LIGO_700_534.xml
2478.32,2730885.86
2811.45,2948420.76
2537.5,2767588.34
2136.41,2506203.49

LIGO_700_535.xml
2638.48,2830854.28
2718.06,2882708.85
2859.53,2974118.91
2127.95,2491636.11

LIGO_700_536.xml
2345.63,2635966.14
2578.21,2793211.51
2624.14,2822449.69
2109.94,2484135.01

LIGO_700_537.xml
2445.58,2714210.48
2871.25,2997130.3
2242.09,2584023.15
2214.97,2560747.13

LIGO_700_538.xml
2617.22,2823991.63
2727.93,2897423.23
2755.03,2907413.49
2163.86,2524338.73

LIGO_700_539.xml
2672.92,2874400.6
3072.56,3137079.21
2289.49,2622619.08
2250.35,2595596.74

LIGO_700_540.xml
2217.52,2531774.77
2465.78,2698407.53
2783.77,2907838.22
2086.62,2450611.47

LIGO_700_541.xml
2261.65,2505930.18
2161.87,2441950.26
2541.76,2689154.78
1912.46,2280179.26

LIGO_700_542.xml
2412.71,2653392.45
2434.87,2672136.82
3186.91,3157766.07
2094.46,2445587.34

LIGO_700_543.xml
2490.77,2736797.9
2506.2,2748378.72
2737.58,2898135.43
2124.85,2496875.7

LIGO_700_544.xml
2326.28,2571860.16
2333.51,2584671.5
2617.38,2771479.61
2042.25,2389547.86

LIGO_700_545.xml
2436.56,2689690.25
2593.79,2791953.55
2896.4,2995342.09
2084.19,2454716.5

LIGO_700_546.xml
2270.11,2512843.47
2275.73,2515977.52
2892.61,2920779.2
1911.81,2274234.34

LIGO_700_547.xml
2372.03,2627173.9
2443.06,2673923.11
2591.18,2765639.7
2051.28,2411640.36

LIGO_700_548.xml
2380.71,2622794.43
2400.64,2638523.56
2597.36,2760597.76
2007.8,2379203.43

LIGO_700_549.xml
2789.32,2966249.68
3017.79,3114860.36
2663.86,2888002.56
2299.41,2639500.93

LIGO_700_550.xml
2349.18,2597984.66
2446.39,2658996.18
2889.09,2949145.56
1982.91,2356757.96

LIGO_700_551.xml
2768.57,2930459.26
2827.82,2968867.04
2672.36,2866817.77
2202.72,2558120

LIGO_700_552.xml
2374.98,2618834.15
2411.5,2647414.25
2605.47,2765207.02
1991.97,2366511.83

LIGO_700_553.xml
2389.77,2628592.47
2438.54,2669185.43
2499.65,2701109.45
2035.8,2403022.62

LIGO_700_554.xml
2602.46,2844424.68
2575.79,2825493.44
2736.32,2925521.05
2220.4,2592909.31

LIGO_700_555.xml
2261.42,2506790.66
2415.2,2610286.23
2609.15,2734193.41
1914.1,2277818.53

LIGO_700_556.xml
2204.6,2505811.44
2420.5,2651046.73
2301.03,2568295
1993.07,2367429.17

LIGO_700_557.xml
2281.82,2553048.91
2392.45,2626326.37
2708.05,2834145.85
2010.63,2373826.01

LIGO_700_558.xml
2507.86,2748119.32
2492.2,2739125.95
2609.3,2812424.54
2106.41,2485028.76

LIGO_700_559.xml
2416.82,2667552.81
2415.42,2667126.19
2683.72,2846604.85
2057.73,2434113.1

LIGO_700_560.xml
2720.14,2912972.85
2643.97,2860280.09
2377.03,2686712.05
2207.63,2573168.95

LIGO_700_561.xml
2800.4,2953297.56
2953.61,3050857.52
2230.3,2578474.89
2272.22,2604672.46

LIGO_700_562.xml
2271.79,2507277.35
2170.14,2444910.48
2849.82,2887252.95
1912.37,2273295.15

LIGO_700_563.xml
2362.1,2630119.72
2242.7,2553753.88
2571.82,2771458.6
2045.98,2422648.34

LIGO_700_564.xml
2599.13,2802711.89
2917.12,3008773.4
2201.24,2536888.14
2168.12,2515850.93

LIGO_700_565.xml
2349.6,2632341.44
2387,2662803.66
2727.13,2885313.42
2096.09,2469397.35

LIGO_700_566.xml
2554.96,2762335.66
2757.86,2893615.39
2616.1,2801222.24
2143.29,2488462.54

LIGO_700_567.xml
2230.11,2478739.65
2138.99,2414809.27
2659.81,2759542.97
1882.14,2249666.69

LIGO_700_568.xml
2390.44,2651744.58
2485.54,2714789.56
2883.26,2967554.62
2052.86,2428888.53

LIGO_700_569.xml
2443.2,2639355.13
2288.76,2540656.17
2623.67,2755189.25
1930.42,2299829.8

LIGO_700_570.xml
2431.01,2674042.28
2584.76,2776215.5
2630.38,2807193.72
2019.19,2403221.54

LIGO_700_571.xml
2542.88,2797289.71
2683.34,2892962.17
2752.45,2940609.78
2179.98,2563712.72

LIGO_700_572.xml
2486.42,2763520.02
2551.41,2807109.13
2974.69,3087759.03
2169.01,2554826.63

LIGO_700_573.xml
2603.48,2810910.99
2622.29,2824359.92
3138.65,3158725.56
2118.41,2495652.53

LIGO_700_574.xml
2436.31,2652785.9
2351.11,2597413.53
2975.45,3007800.95
2026.09,2381067.45

LIGO_700_575.xml
2397.94,2669382.37
2511.72,2747790.28
2475.47,2720143.63
2080.38,2460641.29

LIGO_700_576.xml
2794.16,2960092.77
2923.34,3041684.43
2835.73,2987693.19
2284.14,2620759.75

LIGO_700_577.xml
2586.68,2818214.65
2910.52,3034811.65
2250.05,2593710.45
2223.84,2575849.13

LIGO_700_578.xml
2455.63,2697392.54
2502.89,2726106.51
2533.53,2746136.83
2080.15,2449321.74

LIGO_700_579.xml
2457.94,2695776.06
2579.28,2776663.62
2596.67,2786933.19
2071.86,2439737.01

LIGO_700_580.xml
2273.68,2495927.69
2294.58,2509915.37
2417.65,2587113.07
1920.65,2264323.3

LIGO_700_581.xml
2358.31,2601604.75
2614.13,2772434.96
2852.94,2929299.2
1994.44,2363973.46

LIGO_700_582.xml
2328.93,2584939.71
2300.87,2568163.4
2873.64,2935417.58
2042.81,2397990.33

LIGO_700_583.xml
2563.86,2821031.02
2887.08,3040103.11
2300.85,2653212.54
2242.82,2614701.39

LIGO_700_584.xml
2390.21,2643030.39
2396.31,2651923.27
2658.77,2815333.73
2024.32,2403297.77

LIGO_700_585.xml
2391.45,2618835.54
2483.55,2682226.74
2574.64,2739622.94
1992.77,2358693.77

LIGO_700_586.xml
2383.07,2652178.4
2470.58,2711559.34
2884.65,2986701.67
2111.56,2473434.13

LIGO_700_587.xml
2343.99,2571261.17
2379.91,2596613.46
2467.87,2647348.33
1972.72,2325756.6

LIGO_700_588.xml
2424.11,2680720.17
2458.42,2707697.11
2593.1,2795671.69
2071.83,2449711.8

LIGO_700_589.xml
2483.1,2712785.35
2463.1,2708139.95
2638.08,2819626.48
2051.97,2429721.73

LIGO_700_590.xml
2429.76,2682703.3
2268.19,2579449.81
2910.3,2996491.28
2101.71,2467562.39

LIGO_700_591.xml
2335.95,2601663.15
2466.89,2687067.92
2806.9,2914325.93
2054.28,2412794.3

LIGO_700_592.xml
2333.52,2558227.21
2141.79,2431918.07
2553.07,2705490.14
1951.54,2307635.48

LIGO_700_593.xml
2322.88,2564235.66
2216.08,2495268.3
2664.41,2786426.13
1983.73,2340552.6

LIGO_700_594.xml
2191.65,2455793.77
2160.7,2434062.24
2704.77,2798857.58
1947.92,2295461.25

LIGO_700_595.xml
2657.94,2859265.45
2989.3,3074867.97
2256.25,2594673.26
2285.02,2616590.19

LIGO_700_596.xml
2492.72,2716954.72
2548.06,2753646.17
3103.25,3118981.21
2096.83,2459797.61

LIGO_700_597.xml
2699.58,2895408.92
2787.72,2953649.01
2501.27,2765577.21
2262.52,2606585.15

LIGO_700_598.xml
2265.24,2527797.77
2280.03,2537597.63
2674.65,2789461.14
1938.25,2307864.68

LIGO_700_599.xml
2422.02,2694134.73
2578.95,2793126.71
2822.38,2954882.38
2102.4,2481979.83

LIGO_700_600.xml
2513.19,2750336.13
2523.97,2760111.85
2669.52,2854569.2
2095.29,2475230.05

LIGO_700_601.xml
2389.52,2655956.31
2404.42,2670188.44
2622.98,2811223.56
2106.37,2473930.29

LIGO_700_602.xml
2246.43,2536214.45
2447.04,2663926.49
2650.7,2796707.97
2000.44,2373345.24

LIGO_700_603.xml
2290.83,2586729.17
2485.4,2719477.89
2468.26,2705028.87
2082.39,2451607.14

LIGO_700_604.xml
2455.07,2688268.8
2459.98,2690563.57
2450.3,2684139.58
2053.11,2421779.45

LIGO_700_605.xml
2382.18,2608926.51
2516.88,2698492.56
2743.29,2839102.15
1996.76,2357076.53

LIGO_700_606.xml
2390.5,2629551.97
2411.24,2644613.38
2518.79,2713718.01
2044.1,2400397.69

LIGO_700_607.xml
2556.15,2797317.61
2592.26,2818146.42
2746.09,2922252.17
2193.76,2561191.96

LIGO_700_608.xml
2297.55,2547250.59
2338.76,2575545.58
2609.66,2757078.34
1940.88,2312623.9

LIGO_700_609.xml
2646.95,2857617.59
2658.94,2864189.98
2670.61,2871298.38
2166.56,2541570.24

LIGO_700_610.xml
2461.85,2694049.8
2386.76,2650287.72
2919.65,2998503.49
2061.18,2432184.01

LIGO_700_611.xml
2744.73,2917859.91
3030.9,3105806.88
2470.25,2737285.24
2245.12,2585319.6

LIGO_700_612.xml
2307.49,2548811.24
2321.65,2554794.66
2787.97,2852014.3
1943.64,2306988.1

LIGO_700_613.xml
2451.95,2660591.8
2603.9,2759834.39
2639.43,2785704.13
2039.7,2391789.2

LIGO_700_614.xml
2417.3,2633108.66
2399.62,2622317.24
2584.49,2739521.42
1982.86,2349053.39

LIGO_700_615.xml
2738.49,2918774.19
2863.25,2996628.15
2245.95,2593970.23
2264.28,2602928.6

LIGO_700_616.xml
2258.02,2532312.22
2338.55,2586562.33
2952.68,2990259.9
1978.94,2347467.86

LIGO_700_617.xml
2451.25,2689908.34
2546.74,2750621.84
2563.9,2765018.72
2097.88,2453207.25

LIGO_700_618.xml
2391.11,2613175.5
2183.18,2473104.46
2582.02,2737468.09
1940.33,2315149.58

LIGO_700_619.xml
2434.87,2681966.48
2442.85,2690726
2629.53,2805532.14
2090.13,2456514.29

LIGO_700_620.xml
2411.26,2688353.95
2554.01,2789242.63
2530.04,2763816.21
2167.54,2526983.31

LIGO_700_621.xml
2326.88,2617716.76
2542.82,2764363.45
2698.03,2865323.37
2070.42,2448590.05

LIGO_700_622.xml
2172.61,2443183.39
2288.01,2520082.21
2561.1,2700528.68
1893.38,2260415.12

LIGO_700_623.xml
2437.13,2712373.09
2564.15,2792925.99
2877.92,2999865.08
2178.06,2539470.33

LIGO_700_624.xml
2657.33,2846981.27
2647.47,2847048.05
2615.8,2823102.64
2183.68,2541633.42

LIGO_700_625.xml
2509.77,2777308.13
2823.81,2988227.54
2907.76,3036478.52
2256.46,2612186.66

LIGO_700_626.xml
2592.53,2827952.54
2602.65,2829387.77
2569.07,2808389.45
2157.71,2533427.04

LIGO_700_627.xml
2858.33,3014485.04
2958.03,3081041.84
2972.7,3079990.04
2320.52,2653967.38

LIGO_700_628.xml
2784.79,2945994.79
3022.35,3102551.67
2262.33,2602220.73
2281.62,2613442.52

LIGO_700_629.xml
2309.73,2545849.09
2435.77,2629830.22
2809.12,2862522.77
1986.23,2331678.56

LIGO_700_630.xml
2581.68,2783934.43
2488.78,2721159.52
2739.94,2884251.62
2104.5,2467449.65

LIGO_700_631.xml
2605.93,2820162.75
2535.99,2772278.58
2882.1,3000985.88
2132.38,2506928.54

LIGO_700_632.xml
2726.76,2913824.58
2878.99,3015903.71
2704.51,2901538.97
2254.1,2601727.12

LIGO_700_633.xml
2277.9,2529486.44
2466.5,2659195.83
2555.56,2715426.45
1961.52,2326540

LIGO_700_634.xml
2291.78,2585999.31
2617.15,2799449.7
2509.9,2734273.8
2039.82,2424475.16

LIGO_700_635.xml
2195.79,2467201.7
2264.87,2517075.35
2424.56,2624438.37
1931.72,2297372.29

LIGO_700_636.xml
2300.91,2577919.09
2520.73,2722066.98
2509.77,2714843.54
2025.58,2393415.86

LIGO_700_637.xml
2508.8,2764521.52
2732.76,2909791.09
3187.83,3202666.24
2138.54,2518984.96

LIGO_700_638.xml
2414,2631017.73
2309.23,2557819.09
2525.36,2704412.84
2041.83,2383645.87

LIGO_700_639.xml
2458.29,2680418.57
2354.99,2612238.48
2467.26,2684690.66
2033.45,2401993.54

LIGO_700_640.xml
2244.38,2503365.78
2328.62,2561967.56
2503.79,2668732.76
1931.82,2298483.09

LIGO_700_641.xml
2366.94,2591958.18
2303.93,2550517.83
2625.54,2754406.07
1958.31,2323531.37

LIGO_700_642.xml
2528.65,2757357.86
2514.33,2749698.02
2896.5,2991086.03
2119.46,2485715.49

LIGO_700_643.xml
2367.88,2631493.73
2416.13,2666318.9
2656.28,2819024.72
2065.63,2434849.36

LIGO_700_644.xml
2224.77,2533480.3
2464.54,2690229.32
2569.71,2760146.32
2039.39,2414678.81

LIGO_700_645.xml
2573.75,2797946.54
2495.73,2753279.44
2798.26,2941345.68
2130.42,2506780.28

LIGO_700_646.xml
2340.11,2566677.81
2323.73,2560082.92
2481.63,2657745.85
1967.79,2322507.24

LIGO_700_647.xml
2292.71,2589493.09
2480,2713558.02
2545.02,2748428.72
2047.44,2424273.3

LIGO_700_648.xml
2332.74,2600948.47
2323.68,2595334.6
2809.86,2913377.79
1997.86,2381038.44

LIGO_700_649.xml
2212.36,2492040.56
2560.82,2724199.71
2431.09,2641926.34
2030.07,2374625.71

LIGO_700_650.xml
2379.67,2659578.95
2480.8,2726681.36
2666.73,2851070.11
2081.08,2461326.93

LIGO_700_651.xml
2276.91,2561632.15
2432.36,2665215.33
2565.69,2755238.09
2053.18,2414339.13

LIGO_700_652.xml
2168.87,2491902.91
2414.22,2658029.5
2874.63,2955449.77
2023.85,2399634.74

LIGO_700_653.xml
2722,2936430.68
2927.1,3071743.62
2305.66,2659801.89
2303.19,2655826.19

LIGO_700_654.xml
2274.47,2563697.72
2337.5,2607023.8
2671.73,2809521.44
2035.29,2407690.54

LIGO_700_655.xml
2286.39,2524701.23
2334.37,2558421.1
2589.76,2718865.4
1923.32,2287338.74

LIGO_700_656.xml
2302.28,2552591.79
2492.88,2676104.71
2350.32,2581241.47
1991.96,2347280.25

LIGO_700_657.xml
2303.85,2587649.77
2435.35,2673522.52
2587.51,2770067.52
2082.3,2443321.23

LIGO_700_658.xml
2843.12,2989335.8
2847.76,2995167.95
2828,2979118.75
2235.16,2588876.41

LIGO_700_659.xml
2235.26,2481519.88
2167.37,2436557.52
2375.79,2569848.27
1908.27,2267065.97

LIGO_700_660.xml
2512.38,2757827.89
2532.96,2776433.33
2653.53,2851775.07
2114.52,2497522.6

LIGO_700_661.xml
2350.88,2631257.84
2460.98,2707580.19
2700.63,2860116.44
2088.58,2459914.37

LIGO_700_662.xml
2436.12,2661687.8
2346.23,2601898.33
2634.91,2794107.5
1993.28,2368436.7

LIGO_700_663.xml
2223.72,2487252.07
2312.8,2551132.88
2758.43,2840291.03
1983.09,2331064.8

LIGO_700_664.xml
2793.82,2951057.15
2607.35,2831642.72
2225.13,2577031.47
2256.79,2594959.88

LIGO_700_665.xml
2392.94,2636211.6
2410.25,2653342.27
2881.07,2966050.29
2007.57,2387391.55

LIGO_700_666.xml
2344.67,2632165.26
2396.6,2669746.24
2752.91,2901691.64
2064.9,2449556.52

LIGO_700_667.xml
2616.74,2850299.94
2823.12,2993938.23
2695.86,2911130.02
2345.64,2673923.91

LIGO_700_668.xml
2656.82,2861006.55
2471.4,2736237.62
2526.42,2769366.34
2245.38,2584853.81

LIGO_700_669.xml
2395.82,2655091.23
2656.83,2831695.54
2404.44,2670031.8
2064.89,2444234.84

LIGO_700_670.xml
2517.62,2762216.77
2601.04,2816673.85
2566.18,2790208.26
2157.14,2525163.58

LIGO_700_671.xml
2208.68,2481846.65
2754.45,2843758.81
2725.01,2827242.96
1947.14,2312758.62

LIGO_700_672.xml
2440.5,2686356.61
2739.88,2885413.2
2782.77,2909982.6
2162.41,2498444.52

LIGO_700_673.xml
2516.2,2779891.04
2849.77,3004726.79
2386.25,2695498.03
2212.97,2578841.61

LIGO_700_674.xml
2642.02,2864345.56
2706.97,2908289.55
2526.18,2790199.25
2310.69,2642003.65

LIGO_700_675.xml
2311.87,2579787.05
2203.3,2508442.65
2743.18,2859905.31
2031.5,2396924.12

LIGO_700_676.xml
2430.18,2671641.97
2424.58,2671682.13
2357.98,2624989.82
2101.06,2456893.63

LIGO_700_677.xml
2483.77,2699874.7
2432.63,2669531.95
2588.97,2766861.48
2057.58,2417443.1

LIGO_700_678.xml
2518.42,2739149.37
2525.15,2746830.69
2707.42,2862156.96
2092.46,2459569.67

LIGO_700_679.xml
2780.3,2963464.85
2982.79,3096656.38
2298.8,2646419.33
2338.53,2672850.17

LIGO_700_680.xml
2318.45,2619167.24
2435.67,2703505.21
2571.18,2786576.02
2076.52,2462197.48

LIGO_700_681.xml
2247.7,2480876.89
2227.45,2466531.49
2603.25,2710344.61
1943.86,2280488.09

LIGO_700_682.xml
2278.24,2547300.92
2382.75,2616623.06
2341.77,2587773.68
1993.2,2360888.5

LIGO_700_683.xml
2391.44,2657404.28
2420.17,2683212.51
2708.43,2865608.23
2106.51,2471346.79

LIGO_700_684.xml
2458.18,2699911.77
2444.67,2691797.46
2867.84,2961658.87
2093.76,2458210.25

LIGO_700_685.xml
2370.36,2610831.44
2401.41,2635668.31
2780.86,2877519.61
1992.1,2358500.76

LIGO_700_686.xml
2363.51,2597536.66
2410.96,2635165.61
2724.39,2836478.25
2017.7,2371070.78

LIGO_700_687.xml
2740.13,2927085.2
2966.67,3076919.16
3067.16,3144128.46
2227.07,2587025.88

LIGO_700_688.xml
2196.12,2450488.44
2275.18,2505301.86
2544.53,2684381.32
1935.39,2285001.44

LIGO_700_689.xml
2336.38,2616285.3
2508.6,2732507.11
2416.94,2672429.53
2089.28,2453844.79

LIGO_700_690.xml
2285.17,2528488.99
2369.54,2585796.85
2570.35,2713354.69
1967.08,2317563.97

LIGO_700_691.xml
2430.52,2682449.89
2461.77,2706003.8
2575.71,2774823.38
2093.96,2462377.47

LIGO_700_692.xml
2461.84,2681805.06
2508.22,2704356.44
2552.33,2740605.95
2061.68,2416454.51

LIGO_700_693.xml
2309.88,2558521.52
2437.71,2646101.9
2654.98,2787362.1
1973.66,2339405.02

LIGO_700_694.xml
2381.95,2619049.13
2396.01,2632366.84
2373.71,2614932.02
1990.15,2363492.67

LIGO_700_695.xml
2656.35,2842165.85
2878.34,2991935.87
2207.24,2545190.76
2276.1,2590999.43

LIGO_700_696.xml
2333.27,2570138.48
2464.93,2662120.44
2576.09,2728621.35
1978.67,2336946.29

LIGO_700_697.xml
2482.41,2736736.36
2704.9,2885507.93
2784.53,2940384.27
2106.54,2491267.42

LIGO_700_698.xml
2640.19,2837223.69
2579.75,2797302.3
2218.95,2560498.21
2254.55,2582719.03

LIGO_700_699.xml
2258.7,2506245.5
2382.75,2588137.89
2560.51,2698256.22
1937.87,2296582.45

LIGO_700_700.xml
2601.94,2829075.61
2673.22,2872317.43
2657.68,2863882.19
2162.21,2535805.7

LIGO_700_701.xml
2720.35,2921793.19
2962.47,3078060.06
2284.3,2632561.2
2214.13,2583246.86

LIGO_700_702.xml
2535.55,2781326.37
2444.43,2723630.25
2592.18,2815401.49
2157.07,2532133.09

LIGO_700_703.xml
2374.68,2589077.57
2354.29,2577602.11
2792.88,2865276.32
1994.49,2339153.55

LIGO_700_704.xml
2480.81,2726356.14
2646.24,2834342.95
2708.71,2875094.61
2189.48,2531717.11

LIGO_700_705.xml
2682.3,2895757.85
2678.69,2897827.24
2598.13,2841325.73
2221.01,2594364.98

LIGO_700_706.xml
2460.3,2692579.67
2394.25,2648802.08
2822.6,2928629.3
2065.98,2433769.29

LIGO_700_707.xml
2366.42,2615762.85
2446.66,2673797.8
2628.58,2789411.72
2025.72,2393440.83

LIGO_700_708.xml
2411,2642720.55
2275.96,2548654.41
2697.07,2818203.48
1982.42,2359343.97

LIGO_700_709.xml
2308.62,2590537.77
2456.78,2691114.89
2654.31,2817316.87
2035.96,2410413.87

LIGO_700_710.xml
2754.99,2926971.02
3037.94,3111034.2
2516.86,2769874.79
2238.14,2586657.18

LIGO_700_711.xml
2332.13,2591109.52
2566.8,2740189.01
2515.69,2706487.29
2011.84,2377511.6

LIGO_700_712.xml
2205.88,2472917.63
2367.71,2585378.09
2543.78,2704020.67
1943.64,2304473.04

LIGO_700_713.xml
2593.54,2819262.94
2568.51,2807700.74
2615.79,2840055.46
2114.16,2505172.6

LIGO_700_714.xml
2506.23,2750837.19
2416.46,2695395.07
2813.45,2950659.61
2125.1,2504515.7

LIGO_700_715.xml
2277.14,2526793.17
2345.4,2576287.44
2861.64,2909308.49
1928.45,2296035.56

LIGO_700_716.xml
2482.13,2733320.57
2556.62,2781707.65
2424.17,2697026.34
2086.51,2473733

LIGO_700_717.xml
2446.46,2716857.87
2765.57,2937222.56
3059.81,3123326.66
2191.75,2550794.41

LIGO_700_718.xml
2363.09,2627810.89
2580.94,2765993.25
2725.64,2858426.38
2023.89,2400915.06

LIGO_700_719.xml
2527.3,2772215.59
2606.53,2820645
2463.51,2728093.15
2138.69,2516618.53

LIGO_700_720.xml
2665.87,2873145.2
2882.68,3020942.45
2270.95,2614952.68
2205.54,2571057.41

LIGO_700_721.xml
2589.56,2838948.19
2938.48,3076198.53
2297.66,2648109.28
2356.6,2688038.94

LIGO_700_722.xml
2789.21,2957190.76
2948.52,3070942.35
2697,2902392.36
2302.06,2634736.9

LIGO_700_723.xml
2840.92,3000575.34
3014.7,3116311.9
2298.23,2638876.69
2373.77,2687807.04

LIGO_700_724.xml
2414.84,2657776.94
2495.19,2713983.92
2665.53,2820569.78
2077.75,2438110.97

LIGO_700_725.xml
2511.66,2730751.07
2478.56,2704665.94
2530.7,2739731.1
2078.73,2442077.3

LIGO_700_726.xml
2274.29,2577639.48
2498.09,2727391.49
2582.14,2776999.17
2070.18,2445528.36

LIGO_700_727.xml
2343,2628186.72
2470.13,2709942.73
2954.19,3032069.01
2071.48,2447597.42

LIGO_700_728.xml
2526.97,2741619.93
2609.07,2796003.38
2931.28,3013054.86
2171.19,2507494.41

LIGO_700_729.xml
2340.45,2605506.67
2412.56,2657818.31
2549.69,2744067.1
2016.84,2395858.97

LIGO_700_730.xml
2523.86,2745215.03
2868.44,2979472.38
2199.4,2531077.71
2117.09,2478440.39

LIGO_700_731.xml
2177.77,2450736.55
2287.7,2529537.82
2531.05,2680183.72
1942.64,2301318.62

LIGO_700_732.xml
2329.08,2592972
2448.74,2672573.13
2806.5,2909277.62
2022.73,2393807.39

LIGO_700_733.xml
2318.55,2606540.04
2476.49,2713949.42
2778.28,2905818.82
2083.01,2450278.62

LIGO_700_734.xml
2400.5,2660475.27
2263.7,2568464.24
2596.06,2794346.88
2080.53,2449082.65

LIGO_700_735.xml
2413.91,2654937.9
2420.16,2657676.11
2626.47,2795142.71
2040.34,2410414.59

LIGO_700_736.xml
2317.57,2581325.29
2202.73,2505113.22
2639.35,2786225.07
2000.32,2372006.23

LIGO_700_737.xml
2288.7,2540669.81
2292.76,2544112.4
2966.24,2986480.22
2019.46,2364706.42

LIGO_700_738.xml
2648.63,2857528.08
3006.07,3100371.42
2683.91,2882380.9
2260.55,2598304.85

LIGO_700_739.xml
2494.14,2756164.58
2528,2774738.05
2798.63,2954743.17
2122.83,2509659.24

LIGO_700_740.xml
2436.83,2681518.42
2421.07,2667340.34
2711.06,2855857.07
2088.63,2453362.76

LIGO_700_741.xml
2273.78,2536451.19
2279.84,2538142.68
2594.08,2741349.63
2029.03,2373250.59

LIGO_700_742.xml
2521.52,2777469.22
2631.95,2843400.55
2889.77,3011316.29
2154.76,2532046.72

LIGO_700_743.xml
2680.8,2871753.68
2872.86,3002563.51
2220.16,2569615.05
2129.39,2511455.17

LIGO_700_744.xml
2310.8,2541078.23
2429.03,2620228.64
2625.92,2740891.24
1925.38,2287381.35

LIGO_700_745.xml
2658.93,2882663.72
2913.52,3049191.34
3103.99,3179638.01
2220.9,2587708.58

LIGO_700_746.xml
2438.31,2657119.95
2345.76,2602124.27
2629.34,2781389.86
2008.38,2373552.51

LIGO_700_747.xml
2506.05,2730599.85
2380.16,2648033.17
2881.79,2978645.18
2082.52,2449904.64

LIGO_700_748.xml
2296.33,2531154.48
2188.39,2459352.43
2309.58,2542215.58
1968.82,2318896.93

LIGO_700_749.xml
2418.16,2659895.6
2492.48,2713651.26
2553.09,2750843.45
2055.12,2423247.74

LIGO_700_750.xml
2298.17,2573474.61
2395.06,2638429.9
3037.12,3062384.6
1996.28,2376666.82

LIGO_700_751.xml
2353.34,2565218.08
2346.91,2562225.47
2600.65,2723452.31
1945.5,2298474.36

LIGO_700_752.xml
2569.65,2799628.74
2685.37,2879143.5
2860.66,2995418.73
2280,2608876.94

LIGO_700_753.xml
2385.89,2631248.08
2409.77,2645969.06
2477.39,2686707.4
2008.47,2382305.55

LIGO_700_754.xml
2645.54,2861135.88
2897.83,3025270.49
2253.13,2599786.24
2302.46,2632680.11

LIGO_700_755.xml
2412.89,2661049.69
2455.4,2693776.47
2626.45,2803169.99
2049.54,2424700.11

LIGO_700_756.xml
2327.72,2575377.06
2266.46,2533931.36
2465.76,2662264.14
1966.36,2336455.95

LIGO_700_757.xml
2373.31,2615096.45
2323.95,2586606.23
2501.64,2700377.23
2049.43,2402258.28

LIGO_700_758.xml
2388.54,2628712.66
2497.97,2697092.14
2487.73,2691383.76
2026.25,2391485.88

LIGO_700_759.xml
2296.14,2525425.22
2320,2541667.23
2416.35,2599473.68
1918.06,2273786.56

LIGO_700_760.xml
2577.27,2775792.03
2624.27,2802730.78
2803.76,2924012.72
2079.9,2448302.34

LIGO_700_761.xml
2642.12,2873734.7
2910.64,3052308.29
2353.9,2684362.71
2312.28,2653293.87

LIGO_700_762.xml
2885.69,3027141.16
3017.05,3109490.7
2675.99,2886431.15
2304.31,2638308.55

LIGO_700_763.xml
2274.29,2501132.65
2265.17,2494638.94
2531.75,2670555.1
1919.78,2269032.63

LIGO_700_764.xml
2271.71,2530488.61
2185.52,2475829.5
2796.02,2880354.48
2018.67,2366483.33

LIGO_700_765.xml
2373.99,2624646.26
2428.31,2662162.79
2856.46,2932386.41
2035.52,2402599.66

LIGO_700_766.xml
2382.73,2634700.29
2368.88,2631773.22
2575.39,2760920.36
2072.89,2438236.39

LIGO_700_767.xml
2312.71,2561744.27
2350.71,2591439.71
2632.63,2778076.08
2029.74,2380781.09

LIGO_700_768.xml
2718.12,2915071.46
2958.61,3067130.18
3024.32,3118238.27
2218.25,2578304.21

LIGO_700_769.xml
2400.31,2667660.38
2488.69,2731403.27
2900.58,3002619.86
2132.7,2494923.27

LIGO_700_770.xml
2266.79,2539404.55
2293.88,2558895.3
2443.97,2656071.04
2020.61,2382219.78

LIGO_700_771.xml
2928.23,3075586.28
3084.4,3171289.55
2671.32,2897422.51
2346.51,2678517.78

LIGO_700_772.xml
2378.13,2629528.83
2431.35,2667382.39
2544.08,2738559.05
2032.05,2402374.37

LIGO_700_773.xml
2306.31,2566751.26
2428.72,2649116.09
2646.12,2791080.26
1992.77,2359233.36

LIGO_700_774.xml
2369,2647768.51
2405.45,2671267.55
2740.23,2890292.45
2091.34,2467639.48

LIGO_700_775.xml
2400.55,2641995.85
2349.6,2611955.22
2790.9,2901592.21
2002.09,2380628.88

LIGO_700_776.xml
2397.68,2668627
2453.4,2706194.13
2565.23,2779943.65
2095.47,2468680.85

LIGO_700_777.xml
2373.88,2631220.64
2342.06,2613972.19
2634.18,2808762.95
2058.08,2426888.65

LIGO_700_778.xml
2623.79,2823377.12
2816.94,2955963.76
2469.02,2721135.79
2188.34,2539954.5

LIGO_700_779.xml
2832.14,2984450.79
2765.62,2939975.06
2267.93,2611146.45
2167.61,2548839.22

LIGO_700_780.xml
2744.95,2926296.14
2950.35,3060465.82
2266.02,2608396.71
2290.82,2622448.39

LIGO_700_781.xml
2393.7,2681762.94
2525,2769158.38
2790.68,2934643.44
2121.74,2502639.33

LIGO_700_782.xml
2571.58,2790941.87
2699.37,2878020.1
2679.65,2856881.03
2203.3,2550012.14

LIGO_700_783.xml
2596.85,2817546.23
2846.29,2984465.71
2420.8,2705075.76
2169.49,2539449.4

LIGO_700_784.xml
2399.43,2629844.28
2478,2685968.88
2486.31,2684534.29
1979.3,2351203.23

LIGO_700_785.xml
2483.09,2713128.68
2442.28,2686038.48
2482.7,2712022.02
2045.73,2424683.67

LIGO_700_786.xml
2382.78,2614303.57
2463.86,2671307.3
2646.37,2793353.59
2012.89,2372571.84

LIGO_700_787.xml
2270.18,2548974.48
2459.97,2677103.93
2420.89,2647499.99
1987.41,2359417.45

LIGO_700_788.xml
2266.42,2518117.11
2347.39,2575742.46
2506.62,2674318.68
1940.62,2307476.82

LIGO_700_789.xml
2159.1,2437846.55
2377.34,2583408.76
2512.11,2671807.4
1914.72,2279359.17

LIGO_700_790.xml
2185.71,2489747.28
2224.6,2515614.8
2851.41,2925039.78
1985.25,2361922.9

LIGO_700_791.xml
2494.88,2718531.4
2682.08,2837268.01
2500.43,2717250.82
2095.05,2454289.65

LIGO_700_792.xml
2561.7,2762529.26
2412.18,2662205.06
2771.7,2891380.67
2070.27,2439081.54

LIGO_700_793.xml
2447.5,2711006.14
2524.1,2767329.26
2616.94,2823638.41
2116.42,2496296.22

LIGO_700_794.xml
2407.08,2630228.81
2375.69,2610352
2522.6,2700861.04
1995.93,2361262.2

LIGO_700_795.xml
2484.67,2741033.8
2453.4,2717823.24
2611.24,2821211.71
2085.12,2474315.77

LIGO_700_796.xml
2301.75,2563547.77
2385.73,2624996.8
2854.78,2931031.35
2008.83,2375015.33

LIGO_700_797.xml
2404.1,2653985.44
2366.59,2633146.58
2650.21,2808012.04
2088.8,2445711.44

LIGO_700_798.xml
2424.68,2673085.49
2495.63,2724776.74
2363.37,2633698.93
2064.01,2436408.34

LIGO_700_799.xml
2316.47,2570650.97
2576.05,2744434.05
2489.91,2682961.03
2003.68,2367892.92

LIGO_700_800.xml
2470.25,2717878.78
2664.14,2839393.09
2580.08,2789993.47
2191.9,2532612.93

LIGO_700_801.xml
2797.83,2958323.89
2922.99,3035581.97
2281.99,2613440.21
2250.18,2594943.01

LIGO_700_802.xml
2497.22,2753532.49
2573.62,2804112.36
2584.27,2810181.27
2179.94,2545294.01

LIGO_700_803.xml
2565.93,2755343.71
2827.79,2928913.91
2501.22,2710265.04
2166,2488450.48

LIGO_700_804.xml
2535.25,2767230.61
2853.87,2973297.35
2593.19,2804683.3
2181.82,2535219.94

LIGO_700_805.xml
2217.39,2473168.21
2195.07,2461473.7
2545.1,2689755.24
1912.61,2273695.92

LIGO_700_806.xml
2605.86,2834004.07
2585.37,2821354.82
3105.04,3161381.23
2150.71,2535008.02

LIGO_700_807.xml
2451.14,2704535.99
2453.74,2705574.07
2540,2762737.36
2083.59,2462547.35

LIGO_700_808.xml
2519.33,2775678.74
2857.1,2996437.02
2796.27,2950444.71
2141.54,2525282.58

LIGO_700_809.xml
2404.66,2644926.22
2537.3,2729748.58
2695.37,2832806.43
2049.83,2411189.02

LIGO_700_810.xml
2433.9,2675837.64
2281.38,2573749.92
2695.86,2842232.03
2021.44,2403530.08

LIGO_700_811.xml
2395.28,2619970.82
2331.99,2578248.81
2794.87,2886963.25
1958.27,2334090.74

LIGO_700_812.xml
2230.52,2474070.04
2235.42,2476379.18
2891.54,2912552.28
1924.12,2272706.16

LIGO_700_813.xml
2483.91,2734179.06
2662.07,2855217.06
2787.42,2928359.21
2101.05,2484815.95

LIGO_700_814.xml
2292.84,2538509.91
2307.85,2542020.88
2884.48,2917822.02
1987.34,2334228.74

LIGO_700_815.xml
2215.23,2477031.06
2318.57,2551826.39
2500.91,2667145.58
1945.1,2298988.75

LIGO_700_816.xml
2289.6,2552908.48
2469.93,2673183.4
2767.12,2863675.26
2032.07,2384890.55

LIGO_700_817.xml
2214.89,2478199.78
2723.16,2818967.07
2593.5,2731041.61
1924.23,2290022.43

LIGO_700_818.xml
2752.1,2939694.26
2944.61,3066863.78
2251.07,2604041.38
2307.95,2639895.63

LIGO_700_819.xml
2377.08,2627512.07
2343.98,2612414
2606.2,2781548.23
2019.83,2393631.57

LIGO_700_820.xml
2570.51,2809174.04
2812.19,2969451.58
2737.42,2917702.91
2230.17,2586560.6

LIGO_700_821.xml
2697.72,2900803.06
3017.87,3114992.33
2258.21,2610477.16
2239.33,2594442.29

LIGO_700_822.xml
2584.12,2813354.38
2649.22,2854427.27
2940.06,3050024.86
2145.39,2526007.39

LIGO_700_823.xml
2734.92,2905522.05
2866.87,2995413.95
2287.57,2612670.84
2173.99,2535262.59

LIGO_700_824.xml
2319.94,2539627.46
2174.06,2440211.28
2314.75,2531044.52
1951.36,2296254.18

LIGO_700_825.xml
2232.94,2499365.8
2317.57,2563027.54
2553.28,2713740.14
1977.9,2335232.67

LIGO_700_826.xml
2930.43,3061766.35
2951.59,3073335.48
2690.77,2904298.59
2297.78,2640083.59

LIGO_700_827.xml
2336.04,2575764.54
2487.12,2677446.45
2667.76,2785667.46
1957.55,2323941.66

LIGO_700_828.xml
2277.39,2528059.91
2322.36,2561867.71
2592.86,2737468.45
1989.49,2338830.58

LIGO_700_829.xml
2559.56,2784315.62
2691.92,2870108.24
2965.32,3052414.92
2106.34,2489203.5

LIGO_700_830.xml
2292.63,2542085.22
2312.55,2560430.37
2792.32,2872075.85
1958.78,2325173.35

LIGO_700_831.xml
2534.86,2777627.5
2669.02,2869807.32
2890.49,3015198.86
2148.66,2526033.07

LIGO_700_832.xml
2264.75,2510785.48
2230.55,2488991.56
2776.57,2838568.01
1937.67,2294803.92

LIGO_700_833.xml
2265.01,2516768.01
2329.32,2556434.42
2705.87,2808989.29
1926.53,2294161.52

LIGO_700_834.xml
2715.1,2918051.23
2787.52,2974907.28
2875.25,3029226.28
2246.9,2612981.09

LIGO_700_835.xml
2245.84,2503031.49
2371.13,2593183.53
2564.24,2712515.47
1998.21,2344140.51

LIGO_700_836.xml
2533.55,2769428.13
2540.4,2768536.22
2578.75,2796420.03
2104.85,2482483.14

LIGO_700_837.xml
2365.9,2644579.94
2453.12,2705270.85
2533.59,2755448.95
2079.29,2458146.87

LIGO_700_838.xml
2434.26,2695011.92
2452.74,2703927.46
2931.72,3019475.47
2074.99,2454451.15

LIGO_700_839.xml
2286.79,2554052.2
2400.56,2631179.25
2675.93,2808947.02
1994.48,2364137.41

LIGO_700_840.xml
2410.28,2656213.74
2436.7,2679805.28
2807.14,2918944.11
2071.47,2436447.88

LIGO_700_841.xml
2496.89,2714351.88
2479.84,2703916.39
2917.88,2991557.3
2054.04,2426047.11

LIGO_700_842.xml
2681.04,2894504.6
2918.11,3048592.05
2494.41,2772483.49
2235.06,2597856.69

LIGO_700_843.xml
2696.25,2854078.45
2931.97,3009223.36
2202.29,2527112.54
2207.15,2528204.45

LIGO_700_844.xml
2648.44,2846177.18
2803.27,2945323.29
2240.97,2577665.37
2239.83,2576404.43

LIGO_700_845.xml
2261.02,2531551.64
2303.72,2563023.37
2669.22,2800430.33
2021.13,2376724.99

LIGO_700_846.xml
2376.95,2603218.88
2338.11,2574897.61
2447.65,2644986.12
2004.73,2356159.43

LIGO_700_847.xml
2531.66,2769333.25
2595.88,2813860.03
2541.96,2776005.52
2157.86,2523922.89

LIGO_700_848.xml
2430.84,2678488.13
2428.25,2677094.47
2495.37,2722419.09
2057.88,2434511.1

LIGO_700_849.xml
2264.89,2505154.78
2209.46,2473035.3
2581.09,2713454.97
1920.06,2281925.8

LIGO_700_850.xml
2304.13,2546690.57
2430.91,2630476.22
2614.54,2743437.64
1994.26,2342439.93

LIGO_700_851.xml
2463.8,2716987.43
2559.36,2783451.09
2951.4,3030730.48
2073.79,2457359.03

LIGO_700_852.xml
2562.01,2789948.51
2833.02,2967201.35
2786.13,2932839.68
2218.07,2562965.72

LIGO_700_853.xml
2381.88,2592870.27
2307.28,2547903.43
2474.7,2646027.7
1930.9,2297564.07

LIGO_700_854.xml
2363.74,2624449.62
2414.37,2659177.65
2843.54,2935225.5
2038.05,2410462.86

LIGO_700_855.xml
2423.84,2661552.21
2476,2697962.37
2984.64,3029045.91
2044.39,2413229.31

LIGO_700_856.xml
2735.17,2907302.9
2931.57,3030225.92
2219.58,2559318.93
2218.73,2560286.62

LIGO_700_857.xml
2402.03,2647068.97
2444.38,2680196.3
2672.12,2823670.69
2051.4,2421069.17

LIGO_700_858.xml
2576.43,2786903.65
2521.92,2748800.08
2728.95,2882952.57
2090.81,2462962.18

LIGO_700_859.xml
2358.76,2609401.14
2318.43,2582371.09
2537.78,2722474.58
1999.14,2370997.95

LIGO_700_860.xml
2578.48,2823093.62
2918.37,3047017.73
2784.16,2957809.81
2219.41,2588442.29

LIGO_700_861.xml
2485.48,2706241.59
2492.75,2712214.92
2590.1,2773194.61
2046.28,2418612.73

LIGO_700_862.xml
2465.85,2697781.8
2711.82,2860587.67
2607.84,2791159.36
2078.48,2443518.24

LIGO_700_863.xml
2242.55,2505432.91
2394.24,2608530.15
2602.28,2736069.62
1943.17,2308857.31

LIGO_700_864.xml
2731.37,2940747.57
2874.54,3032318.97
3256.97,3287211.84
2276.9,2639720.55

LIGO_700_865.xml
2336.22,2591885.6
2309.19,2574209.61
2485.74,2688878.76
2023.02,2387086.25

LIGO_700_866.xml
2710.75,2946398.78
2857.11,3040913.39
2835.6,3025086.57
2350.97,2706879.38

LIGO_700_867.xml
2273.76,2528111.49
2507.87,2687556.28
2681.7,2792716.92
1977.52,2336090.45

LIGO_700_868.xml
2265.15,2509485.69
2326.94,2549674.02
2594.3,2727387.9
1955.99,2308873.55

LIGO_700_869.xml
2461.79,2731688.26
2624.45,2839872.01
2681.65,2875115.39
2128.18,2512945

LIGO_700_870.xml
2513.04,2738112.86
2567.66,2771180.62
2678.09,2848708.33
2114.38,2474544.18

LIGO_700_871.xml
2356.68,2669519.63
2759.91,2939052.69
2526.7,2783325.48
2227.99,2585390.18

LIGO_700_872.xml
2420.5,2678786.04
2500.87,2730958.63
2469.05,2710878.87
2072.53,2449354.87

LIGO_700_873.xml
2335.75,2550235.41
2207.1,2467945.66
2472.46,2639645.02
1965.4,2307906.08

LIGO_700_874.xml
2591.66,2828963.17
2933.43,3052611.51
2820.52,2977706.11
2216.43,2582749.72

LIGO_700_875.xml
2630.55,2852543.06
2774.26,2945662.91
2696.84,2894055.67
2152.87,2536932.27

LIGO_700_876.xml
2374.42,2610882.37
2417.55,2643692.09
2752.12,2863184.85
1996.88,2362568.87

LIGO_700_877.xml
2502.16,2734280.62
2504.68,2738749.54
2547,2756522.36
2104.08,2469310.14

LIGO_700_878.xml
2516.61,2779772.36
2640.25,2868586.24
2842.63,3003476.02
2223.19,2587530.45

LIGO_700_879.xml
2482.97,2708869.76
2593.01,2784945.27
2840.05,2946690.26
2058.81,2433525.38

LIGO_700_880.xml
2640.2,2854027.26
2566.37,2814434.76
2594.64,2825965.63
2171.67,2549241.65

LIGO_700_881.xml
2287.25,2586843.34
2430.65,2685698.39
2873.35,2972542.29
2075.29,2446566.78

LIGO_700_882.xml
2724.64,2934096.84
2849.36,3020651.37
2722.12,2933177.78
2210.58,2596980.12

LIGO_700_883.xml
2613.77,2862472
3056.71,3157721.55
2319.58,2672833
2260.6,2631059.66

LIGO_700_884.xml
2247.58,2538467.01
2409.13,2645115.87
2859.75,2946992.74
2009.95,2383695.19

LIGO_700_885.xml
2740.84,2911044.14
2705.16,2892462.08
3189.16,3212583.74
2119.53,2503214.28

LIGO_700_886.xml
2572.78,2793899.92
2495.05,2743541.7
2564.93,2790296.69
2151.7,2514496.51

LIGO_700_887.xml
2308.53,2544495.92
2330.57,2559912.04
2644.41,2766624.41
1932.72,2299396.27

LIGO_700_888.xml
2495.77,2740721.3
2944.54,3041016.07
2328.36,2636184.46
2157.23,2523372.48

LIGO_700_889.xml
2738.2,2918639.28
2861.77,3000897.5
2708.4,2896380.17
2230.58,2587804.4

LIGO_700_890.xml
2240.22,2479164.3
2199.96,2451327.31
2379.56,2566749.96
1946.18,2287780.65

LIGO_700_891.xml
2273.5,2502081.4
2206.24,2459503.54
2568.13,2692290.65
1896.96,2253359.5

LIGO_700_892.xml
2610.16,2823017.76
2940.63,3042477.87
2238.05,2579461.19
2245.7,2584148.18

LIGO_700_893.xml
2245.91,2520673.32
2254.56,2528000.53
2846.26,2922151.54
1973.75,2341886.77

LIGO_700_894.xml
2329.43,2588800.44
2358.43,2611498.5
2515.36,2710802.84
2026.27,2390912.26

LIGO_700_895.xml
2399.42,2627636.91
2407.93,2637130
2793.17,2886489.21
1999.22,2364837.36

LIGO_700_896.xml
2679.99,2888727.75
2726.46,2919984.08
2625.83,2858970.6
2247.29,2600945.43

LIGO_700_897.xml
2340.29,2617986.34
2502.06,2730315.02
2908.53,2999386.58
2108.08,2467744.93

LIGO_700_898.xml
2174.2,2447518.77
2535.22,2682138.43
2548.5,2697156.73
1925.52,2285873.6

LIGO_700_899.xml
2922.2,3040652.43
2898.61,3027100.68
2248.57,2594536.74
2277.17,2610766.53

LIGO_700_900.xml
2539.5,2770837.65
2532.91,2761237.97
2494.34,2730960.39
2104.51,2478579.65

LIGO_700_901.xml
2669.96,2852556.75
2838.94,2967949.43
2622.05,2827561.22
2190.03,2541154.02

LIGO_700_902.xml
2255.7,2522983.17
2377.64,2609617.59
2787.14,2877922.31
1992.3,2352021.2

LIGO_700_903.xml
2643.23,2840932.34
3023.81,3091438.48
2240.7,2573016.09
2192.6,2543416.45

LIGO_700_904.xml
2346.85,2589488.52
2332.89,2580842.74
2682.65,2805197.51
1972.85,2341244.21

LIGO_700_905.xml
2198.72,2484963.83
2320.67,2566414.01
2444.63,2644918.96
1987.41,2345710.14

LIGO_700_906.xml
2318.27,2582817.81
2403.24,2639840.51
2551.59,2733588.75
2033.63,2393514.75

LIGO_700_907.xml
2509.84,2765692.87
2707.76,2901671.03
2964.56,3061433
2138.93,2524264.07

LIGO_700_908.xml
2212.63,2475482.32
2398.47,2601575.5
2537.68,2690112.3
1929.86,2291273.83

LIGO_700_909.xml
2332.99,2587519.4
2463.88,2671990.66
2817.47,2903950.72
2044.47,2398605.83

LIGO_700_910.xml
2641.62,2859561.6
2533.78,2788451.77
2964.29,3070450.87
2150.87,2536658.43

LIGO_700_911.xml
2330.39,2567542.4
2344.44,2580353.01
2546.14,2702037.7
2011.59,2359271.82

LIGO_700_912.xml
2259.31,2508231.22
2173.47,2452380.21
3106.07,3077277.56
1940.28,2301190.43

LIGO_700_913.xml
2770.34,2957033.17
2816.21,2987328.32
2297.38,2646480.14
2216.68,2592314.38

LIGO_700_914.xml
2415.04,2683376.13
2471.25,2726174.62
2544.65,2768529.49
2068.93,2455663.46

LIGO_700_915.xml
2314.82,2583908.81
2368.34,2619552.3
2658.76,2807500.86
2034.71,2397987.03

LIGO_700_916.xml
2427.56,2707001.49
2630.98,2840617.37
2892.6,3007394.43
2129.63,2510794.78

LIGO_700_917.xml
2366.71,2612199.83
2338.33,2593317.19
2540.32,2727095.53
2045.01,2401767.01

LIGO_700_918.xml
2542.26,2782708.3
2661.46,2863325.01
2617.55,2830857.02
2142.8,2518185.32

LIGO_700_919.xml
2700.52,2915029.26
2964.86,3084286
2452.81,2748918.61
2315.41,2656817.15

LIGO_700_920.xml
2283.18,2529773.51
2385.35,2598558.53
2515.8,2680711.75
1963.05,2321526.51

LIGO_700_921.xml
2766.69,2946591.16
2658.01,2870132.43
2786.45,2947734.91
2188.6,2558568.9

LIGO_700_922.xml
2213.42,2476276.83
2158.32,2441303.75
2395.27,2591180.03
1963.44,2314264.54

LIGO_700_923.xml
2410.2,2646929.8
2394.21,2641179.33
2732.34,2856737.57
2051.09,2408606.93

LIGO_700_924.xml
2312.9,2592326.14
2401.36,2656287.8
2538.21,2743678.29
2021.61,2402793.65

LIGO_700_925.xml
2562.55,2812784.62
2930.15,3064883.46
2313.62,2651346.28
2267.21,2618241.1

LIGO_700_926.xml
2776.01,2946192.47
3039.44,3114095.82
2341.25,2655071.49
2294.12,2623383.42

LIGO_700_927.xml
2427.76,2659643.7
2570.45,2749031.13
2646.98,2798168.51
2028.55,2394880.6

LIGO_700_928.xml
2294.83,2545838.88
2181.03,2469164.26
2795.44,2872629.47
1958.83,2324056.93

LIGO_700_929.xml
2401.04,2618805.05
2474.24,2667940.73
2807.27,2884929
1974.61,2336682.28

LIGO_700_930.xml
2317.5,2593015.32
2401.98,2655172.9
2898.05,2975710.94
2069.37,2432642.92

LIGO_700_931.xml
2460.32,2703826.18
2508.72,2739164
2868.42,2975057.25
2084.6,2457277.88

LIGO_700_932.xml
2500.17,2741166.99
2901.28,3015119.4
2580.95,2797398.87
2241.95,2575221.37

LIGO_700_933.xml
2234.17,2510752.53
2379.73,2608951.22
2819.63,2898830.45
2020.05,2373488.18

LIGO_700_934.xml
2458.63,2718472.67
2763.49,2913762.16
2920.49,3018942.11
2239.57,2568845.76

LIGO_700_935.xml
2402.28,2663180.9
2622.51,2804207.2
2636.79,2815061.27
2108.92,2471354.55

LIGO_700_936.xml
2578.04,2803431.51
2729.03,2898889.1
2705.93,2883532.05
2117.56,2503719.68

LIGO_700_937.xml
2283.04,2571766.04
2387.46,2642535.74
3021.86,3063280.77
2063.85,2428725.03

LIGO_700_938.xml
2352.62,2586373.91
2374.39,2602991.51
2402.11,2612862.88
1966.02,2330327.43

LIGO_700_939.xml
2277.77,2570032.27
2440.76,2678774.86
2548.56,2746684.9
2018.92,2398741.66

LIGO_700_940.xml
2680.79,2884749.57
2938.68,3053657.7
2273.24,2613279.67
2254.58,2602641.88

LIGO_700_941.xml
2327.92,2565063.02
2431.23,2629724.35
2346.59,2573738.89
1961.34,2319192.5

LIGO_700_942.xml
2442.68,2680735.08
2930.83,3007424.29
2206.3,2525442.97
2054.48,2427255.77

LIGO_700_943.xml
2412.16,2650728.22
2404.33,2645888.5
2864.37,2951676.71
2019.96,2391932.92

LIGO_700_944.xml
2547.26,2752369.65
2539.66,2744894.44
2191.06,2517481.59
2063.61,2434266.34

LIGO_700_945.xml
2329.94,2582134.77
2394.25,2629284.97
2533.15,2721502.04
1998.97,2368066.67

LIGO_700_946.xml
2520.67,2742425.75
2542.39,2750752.59
2498.49,2721436.26
2043.27,2424831.21

LIGO_700_947.xml
2493.36,2703637.34
2465.25,2688238.83
2829.13,2920772.12
2063.36,2419073.29

LIGO_700_948.xml
2222.88,2507469.36
2361.09,2603243.19
2918.92,2959307.78
1993.95,2358562.2

LIGO_700_949.xml
2427.45,2691024.39
2464.67,2717323.99
2634.84,2827629.77
2109.2,2483146.45

LIGO_700_950.xml
2462,2710985.5
2741.22,2892285.16
2845.15,2964198.78
2083.46,2458351

LIGO_700_951.xml
2485.37,2711311.71
2493.49,2717890.38
2628.24,2808307.57
2061.1,2433563.59

LIGO_700_952.xml
2335.08,2568292.21
2312.97,2553747
2432.97,2628281.12
1965.27,2323529.86

LIGO_700_953.xml
2348.88,2603277.34
2497.42,2699399.49
2419.07,2652454.84
2055.37,2411420.73

LIGO_700_954.xml
2756.32,2969930.61
3001.82,3136958.16
2329.25,2692728.63
2305.91,2675620.21

LIGO_700_955.xml
2338.24,2609874.79
2496.63,2715036
2710.1,2853665.65
2047.85,2421440.48

LIGO_700_956.xml
2616.52,2819659.04
2556.06,2785166.21
2774.12,2923106.38
2162.94,2522011.18

LIGO_700_957.xml
2761.62,2962537.15
2821.46,3004175.61
2308.12,2662071.54
2339.37,2679792.68

LIGO_700_958.xml
2360.44,2608811.41
2404.4,2640172.31
3110.78,3116820.91
2049.78,2408351.31

LIGO_700_959.xml
2428.87,2686535.31
2537.64,2760423.12
2763.9,2900957.67
2082.65,2458722.43

LIGO_700_960.xml
2322.61,2566885.81
2352.25,2587494.49
3000.33,3019919.92
1960.37,2331327.13

LIGO_700_961.xml
2353.1,2596513.16
2175.84,2477381.67
3013.76,3034015.25
1970.83,2344698.01

LIGO_700_962.xml
2269.91,2525738.56
2381.08,2599705.73
2552.26,2703068.04
2001.3,2348108.8

LIGO_700_963.xml
2426.52,2667836.51
2342.44,2608636.22
2445.14,2673824.13
2036.79,2407343.38

LIGO_700_964.xml
2334.08,2600433.41
2477.21,2698282.92
2799.41,2910568.5
2018.83,2394001.74

LIGO_700_965.xml
2107.03,2397814.21
2308.5,2530813.22
2694.9,2777586.75
1900.18,2261673.32

LIGO_700_966.xml
2318.23,2554711.09
2306.18,2547951.55
2786.58,2871179.31
1957.23,2321529.43

LIGO_700_967.xml
2296.42,2598470.89
2414.58,2681544.06
2875.88,2978782.12
2084.06,2459653.54

LIGO_700_968.xml
2484.94,2742691.94
2470.38,2733909.68
2725.54,2904666.52
2147.81,2521591.67

LIGO_700_969.xml
2466.81,2728427.23
2518.23,2766005.6
2780.12,2934608.99
2138.36,2513234.34

LIGO_700_970.xml
2332.6,2595820.45
2391.69,2638573.58
2935,2991162.12
2004.99,2381970.02

LIGO_700_971.xml
2407.23,2672889.49
2739.95,2889889.23
2828.76,2945135.71
2204.34,2540863.58

LIGO_700_972.xml
2482.32,2742051.62
2804.17,2952471.94
2505.17,2756162.71
2196.36,2550878.57

LIGO_700_973.xml
2547.86,2786966.79
2709.78,2896327.67
2590.39,2818004.92
2126.45,2511173.08

LIGO_700_974.xml
2237.2,2507523.88
2204.25,2490416.65
2477.35,2663287.23
1951.42,2323796.08

LIGO_700_975.xml
2317.75,2558334.11
2386.55,2606739.05
2415.33,2626143.11
1980.75,2339209

LIGO_700_976.xml
2356.87,2586689.76
2371.74,2601878.91
2393.16,2611498.05
1951.75,2321081.3

LIGO_700_977.xml
2445.43,2665852.19
2276.56,2551892.84
2850.52,2925872.89
1982.91,2356921.61

LIGO_700_978.xml
2485.36,2718447.68
2390.87,2655260.8
2833.6,2942885.14
2088.56,2458582.61

LIGO_700_979.xml
2407.41,2664923.54
2451.71,2698490.43
2421.48,2680660.62
2093.5,2461582.9

LIGO_700_980.xml
2393.13,2631206.44
2411.91,2644056.52
2605.2,2767210.74
2009.17,2379098.79

LIGO_700_981.xml
2353.16,2597551.98
2388.35,2623032.63
2650.14,2797384.36
2022.97,2379771.23

LIGO_700_982.xml
2398.39,2670561.31
2524.73,2755022.82
2554.66,2772827.59
2089.96,2468352.45

LIGO_700_983.xml
2414.24,2632708.96
2405.91,2629229.73
2704.18,2831026.1
1965.58,2339009.15

LIGO_700_984.xml
2365.54,2618150.69
2479.8,2694634.02
2760.54,2867236.2
2013.03,2386872.15

LIGO_700_985.xml
2532.41,2780098.39
2584.36,2816050.01
2734.47,2909080.93
2134.45,2516735.31

LIGO_700_986.xml
2498.66,2746901.17
2750.34,2911090.06
2202.38,2549773.13
2214.55,2557847.26

LIGO_700_987.xml
2320.46,2566544.4
2347.21,2583228.79
2669,2797014.33
1973.66,2341105.33

LIGO_700_988.xml
2541.35,2773083.26
2507.36,2750665.87
2622.63,2819976.95
2143.92,2507416.16

LIGO_700_989.xml
2418.95,2668575.2
2465.72,2704783.71
2649.03,2819078.18
2030.26,2410872.05

LIGO_700_990.xml
2438.73,2652554.15
2469.56,2670409.49
2516,2703133.1
2035.27,2385524.19

LIGO_700_991.xml
2381.2,2622672.11
2506.9,2710873.48
2500.5,2703053.88
1990.82,2369280.53

LIGO_700_992.xml
2484.85,2738665.34
2644.48,2844318.4
2392.03,2676151.17
2205.43,2554580.58

LIGO_700_993.xml
2631.1,2837136.45
2538.78,2779381.1
2766.28,2924859.58
2124.78,2505219.05

LIGO_700_994.xml
2373.78,2632434.39
2423.68,2666707.91
2509.85,2718990.22
2009.06,2390887.51

LIGO_700_995.xml
2487.04,2726868.34
2585.89,2798092.44
3021.73,3075565.13
2151.55,2507474.72

LIGO_700_996.xml
2439.87,2682561.2
2309.98,2598485.55
2376.12,2639003.32
2052.54,2426773.22

LIGO_700_997.xml
2521.15,2776483.59
2618.92,2839599.4
2266.86,2610206.89
2294.59,2626429.84

LIGO_700_998.xml
2392.36,2680212.5
2595.27,2815100.71
2737.78,2903912.72
2161.19,2530635.97

LIGO_700_999.xml
2353.22,2597027.91
2551.81,2726818.1
2462.31,2670582.05
2015.93,2376209.16

LIGO_700_1000.xml
2397.18,2671992.46
2670.31,2850880.23
2688.32,2865529.56
2084.05,2467235.69

