LIGO_500_1.xml
1950.26,2066916.41
2140.2,2186996.23
2389.16,2351707.97
1554.74,1806680.26

LIGO_500_2.xml
2024.42,2125795.65
2205.87,2243277.68
2295.08,2305370.61
1667.06,1891096.69

LIGO_500_3.xml
2115.2,2191305.05
2277.99,2292749.16
2325.48,2326749.33
1723.04,1933096.47

LIGO_500_4.xml
2092.69,2156335.81
2265.14,2267344.26
2084.4,2144517.23
1555.16,1798916.39

LIGO_500_5.xml
2331.57,2330732.43
2236.4,2263772.75
1776.07,1967455.37
1722.07,1931360.27

LIGO_500_6.xml
1810.01,1946285.52
2081.01,2123148.08
2440.46,2352035.1
1504.88,1748374.55

LIGO_500_7.xml
2282.58,2305460.73
2212.01,2256352.66
1997.2,2115358.05
1868.38,2032674.29

LIGO_500_8.xml
1917.04,1997597.49
1745.46,1882815.72
2443.46,2342987
1457.83,1696285.93

LIGO_500_9.xml
2366.99,2351528.7
2324.31,2319008.44
1963.5,2087421.83
1692.09,1906217.72

LIGO_500_10.xml
1785.23,1914038.51
1917.05,2002932.41
2260.93,2224924.12
1463.36,1701471.45

LIGO_500_11.xml
2140.88,2218218.27
2343.87,2353884.67
2193.01,2252450.69
1791.85,1992452.74

LIGO_500_12.xml
1828.65,1974969.16
2154.28,2196642.18
2416.32,2356414.81
1559.42,1798204.85

LIGO_500_13.xml
1891.53,2003686.24
1910.53,2017625.28
2154.5,2166075.68
1516.85,1756855.5

LIGO_500_14.xml
1904.01,1999178.03
1770.57,1906917.61
2447.36,2344560.5
1478.1,1716616.46

LIGO_500_15.xml
2124.35,2190868.46
2092.97,2160881.01
2157.9,2203601.71
1730.71,1924571.86

LIGO_500_16.xml
1808.6,1928270.49
1860.83,1963791
2216.58,2188956.13
1481,1712497.53

LIGO_500_17.xml
1990.54,2054628.41
2078.15,2110083.5
2142.12,2152091.02
1477.13,1719301.42

LIGO_500_18.xml
2233.76,2258680.8
2206.89,2231213.14
2236.3,2251898.15
1733.96,1922629.06

LIGO_500_19.xml
1897.72,2026003.51
1986.85,2084527.17
2410.54,2361119.81
1558.82,1800407.38

LIGO_500_20.xml
2226.51,2265813.02
2254.33,2275016.59
2265.56,2290221.69
1709.88,1919570.2

LIGO_500_21.xml
1667.05,1783582.94
1861.83,1911840.26
1961.04,1971263.62
1369.23,1586229.14

LIGO_500_22.xml
1779.72,1917071.98
2111.02,2133505.97
2395.36,2312241.41
1482.76,1720020.93

LIGO_500_23.xml
2134.56,2180995.61
2257.19,2262652.17
2142.17,2184644.72
1677.99,1880966.31

LIGO_500_24.xml
2193.42,2228293.86
2297.22,2301224.79
2329.44,2306228.44
1678.58,1889460.2

LIGO_500_25.xml
1855.28,1971098.73
1769,1911444.11
2153.25,2161174.29
1491.05,1731437.74

LIGO_500_26.xml
1862.48,1980548.35
1948.12,2036658.54
2294.49,2264037.95
1496.16,1740452.34

LIGO_500_27.xml
1820.74,1931918.51
1839.24,1945239.24
1842.2,1938673.6
1445.33,1682598.08

LIGO_500_28.xml
2076.69,2137700.65
2060.81,2126231.1
2419.59,2350027.39
1678.66,1875083.57

LIGO_500_29.xml
1811.21,1933386.07
2137.09,2146553.07
2289.69,2243889.33
1513.6,1733485.59

LIGO_500_30.xml
2195.28,2233774.84
2261.25,2269865.23
1716.49,1920095.09
1712.64,1915761.9

LIGO_500_31.xml
2096.19,2152702.06
2046,2115397.66
2278.9,2260082.05
1582.72,1811833.91

LIGO_500_32.xml
1829.58,1959582.77
1987.87,2065651.91
2184.35,2186888.43
1502.19,1741268.39

LIGO_500_33.xml
2117.36,2173644.51
2098.24,2160560.24
2113.19,2170513.96
1599.45,1833268

LIGO_500_34.xml
2088.79,2162363.8
2176.35,2221523.99
2420.22,2368000.89
1806.32,1977582.98

LIGO_500_35.xml
2174.02,2223652.95
2282.84,2296283.87
2306.19,2304820.99
1652.79,1881990.71

LIGO_500_36.xml
2132.82,2213544.1
2364.83,2363893.81
1955.99,2099169.54
1792.71,1989847.31

LIGO_500_37.xml
1932.85,2033287.39
2086.73,2132559.99
2185.08,2194119.6
1564.41,1789556.66

LIGO_500_38.xml
2116.29,2188764.4
2268.66,2290437.32
1939.75,2070311.84
1829.99,2000914.42

LIGO_500_39.xml
1794.09,1909254.38
2054.81,2082045.23
2126.77,2115953.86
1433.65,1670826.57

LIGO_500_40.xml
1883.05,1992560.42
2019.53,2081625.57
2333.45,2278438.8
1481.16,1723254.66

LIGO_500_41.xml
1893.55,1987470.59
2046.23,2087402
2213.86,2189074.8
1465.8,1707173.93

LIGO_500_42.xml
1939.92,2035216.32
1865.39,1986529.18
2336.11,2284621.08
1527.77,1762405.61

LIGO_500_43.xml
2158.66,2233197.45
2397.55,2385205.75
2303.61,2321661.16
1799.64,1994235.03

LIGO_500_44.xml
1848.91,1969182.55
1790.99,1924947.84
2431.31,2336391.85
1518.05,1744606.92

LIGO_500_45.xml
1883.99,1993063.14
1805,1938383.47
2161.64,2167293.37
1473.54,1719251.25

LIGO_500_46.xml
1898.6,1997843.84
2043.34,2093909.31
2353.17,2291009.01
1491.96,1727743.05

LIGO_500_47.xml
1967.17,2047714.71
2117.43,2144320.21
2415,2340103.91
1488.3,1732162.63

LIGO_500_48.xml
2005.98,2103153.17
2241.57,2253364.96
2422.63,2372902.67
1629.56,1849567.08

LIGO_500_49.xml
2163.37,2221024.27
2307.78,2315555.98
2181.81,2231873.15
1734.69,1938980.78

LIGO_500_50.xml
2125.81,2174975.93
2199.97,2222344.08
1751.12,1927608.29
1691.75,1886730.09

LIGO_500_51.xml
1914.33,2027236.42
2105.7,2150674.2
2479.37,2384841.62
1565.98,1792618.38

LIGO_500_52.xml
1942.9,2046375
1927.29,2031274.38
2122.21,2159236.31
1512.86,1763571.99

LIGO_500_53.xml
1869.52,2017195.77
2202.3,2236048.45
2558.28,2469511.28
1632.49,1863222.24

LIGO_500_54.xml
1975.6,2073853.99
1789.84,1944595.54
2235.02,2228365
1538.47,1782426.22

LIGO_500_55.xml
2035.8,2126231.98
2223.46,2252611.05
2234.46,2261900.65
1694.13,1903171.74

LIGO_500_56.xml
1939.04,2047156.21
2135.28,2171265.42
1784.51,1945674.71
1613.02,1833700.02

LIGO_500_57.xml
1786.81,1930956.58
2085.59,2126861.19
2193.28,2191732.29
1520.9,1753062.49

LIGO_500_58.xml
2025.52,2123827.45
2078.32,2158773.5
2293.07,2286404.33
1612.66,1849183.7

LIGO_500_59.xml
1808.98,1936735.12
2140.12,2157839.92
2329.39,2282744.9
1479.55,1721864.35

LIGO_500_60.xml
1978.68,2072081.52
2067.56,2135801.45
2564.42,2459511.95
1627.73,1841489.86

LIGO_500_61.xml
2114.09,2184844.81
2335.22,2323689.36
2231.49,2252173.11
1644.83,1874428.94

LIGO_500_62.xml
2004.8,2138282.52
2195.35,2264756.02
2487.71,2448293.14
1682.37,1928387.7

LIGO_500_63.xml
1914.65,2014777.58
2068.59,2110439.58
2330.25,2276320.82
1554.26,1775649.63

LIGO_500_64.xml
1942.67,2024740.62
1902.65,2003087.35
2367.17,2290537.04
1483.09,1722716.14

LIGO_500_65.xml
1927.69,2036436.18
2041.88,2114962.07
2298.66,2279995.05
1544.87,1783242.39

LIGO_500_66.xml
1787.6,1931781.85
1881.9,1988161.04
2260.65,2239877.09
1518.47,1754584.16

LIGO_500_67.xml
1925.25,2028104.78
2143.84,2176392.28
2252.85,2242010.43
1513,1757525.21

LIGO_500_68.xml
2127.99,2189670.2
2234.56,2260287.98
1774.44,1959452.23
1753.94,1941142.85

LIGO_500_69.xml
1959.44,2051777
2093.47,2141754.95
2329.28,2293985.85
1532.24,1773483.01

LIGO_500_70.xml
2121.55,2182328.79
2194.16,2228452.61
1747.28,1936916.33
1756.27,1942248.86

LIGO_500_71.xml
1704.74,1851686.52
1783.87,1905322.76
2431.05,2316524.58
1461.4,1688391.01

LIGO_500_72.xml
1987.62,2105656.82
2198.2,2237509.68
2261.61,2281239.46
1718.58,1923394.59

LIGO_500_73.xml
1881.92,2005586.21
2008.3,2088805.47
2303.01,2275066.49
1534.67,1774820.89

LIGO_500_74.xml
1779.28,1911429.59
1840.18,1951968.63
2223.46,2196793.57
1481.14,1714260.48

LIGO_500_75.xml
2166.44,2238881.18
2372.9,2376353.47
1959.21,2101933.07
1707.24,1931813.61

LIGO_500_76.xml
1663.96,1842145.81
2044.01,2091746.63
2188.94,2178908.45
1459.07,1705454.83

LIGO_500_77.xml
2020.14,2113823.94
2197.61,2231907.49
2458.85,2404420.61
1623.1,1857352.6

LIGO_500_78.xml
1678.95,1852089.61
1975.47,2047621.9
2358.22,2294637.57
1488.67,1725060.4

LIGO_500_79.xml
1932.23,2060347.86
2264.86,2279765.52
2434.38,2386999.13
1738.3,1937423.43

LIGO_500_80.xml
2376.63,2379681.61
2343.93,2354581.23
1856.54,2035470.37
1782.32,1983326.57

LIGO_500_81.xml
1963.73,2076839.74
2147.84,2194846.32
2251.61,2256616.38
1621.38,1851059.11

LIGO_500_82.xml
1927.88,2033834.68
2040.66,2109801.36
2194.79,2211702.86
1540.27,1781947.47

LIGO_500_83.xml
1705.77,1883356.4
1968.35,2056229.13
2424.42,2357588.57
1519.17,1760508.29

LIGO_500_84.xml
1974.51,2058799.56
1863.44,1990118.4
2432.55,2357017.76
1513.34,1757597.65

LIGO_500_85.xml
1861.12,1959511.82
1822.29,1936580.18
2141.13,2145718.1
1468.52,1701338.42

LIGO_500_86.xml
1836.1,1978054.82
2047.52,2119075.3
2235.21,2239213.73
1540.54,1784597.29

LIGO_500_87.xml
1863.18,2011576.35
2108.72,2171105.49
2332.56,2312985.71
1573.58,1820511.19

LIGO_500_88.xml
1906.06,2014420.61
2122.28,2157753.24
2155.22,2173057.02
1574.81,1797703.28

LIGO_500_89.xml
1753.7,1912752.77
2007.56,2085689.91
2224.23,2215520.42
1536.88,1772643.03

LIGO_500_90.xml
1727.29,1868318.03
1868.78,1956885.45
2185.42,2162647.73
1465.3,1694510.45

LIGO_500_91.xml
1972.95,2098776.5
2296.05,2306891.3
2251.18,2274871.4
1614.86,1864120.91

LIGO_500_92.xml
2175.07,2221001.48
2191.55,2232594.62
2269.59,2278466.26
1760.73,1946816.55

LIGO_500_93.xml
1997.54,2070087.99
1982.41,2056854.76
2176.45,2178382.25
1490.96,1734593.95

LIGO_500_94.xml
1885.02,2006715.95
1989.61,2067425.26
1963.49,2051039.41
1510.68,1756602.1

LIGO_500_95.xml
2141.58,2208019.19
2311.6,2316319.01
2098.3,2180681.69
1772.05,1958501.29

LIGO_500_96.xml
1797.34,1917925.54
2073.31,2098337.31
2088.05,2098416.83
1440.65,1683641.42

LIGO_500_97.xml
1990.3,2081851.7
2138.91,2180281.26
2254.42,2253119.59
1620.9,1838636.07

LIGO_500_98.xml
2012.89,2116433.26
2297.19,2307688.17
2172.6,2210877.41
1680.85,1896886.95

LIGO_500_99.xml
1833.73,1953833.62
2080.48,2113599.41
2138.51,2145814.58
1494.23,1731412.38

LIGO_500_100.xml
2059.44,2124686.03
2132.24,2165777.67
2209.14,2209456.06
1535.2,1778573.09

LIGO_500_101.xml
2079.76,2143378.23
2214.95,2231998.69
2085.73,2147196.68
1635.18,1850628.68

LIGO_500_102.xml
2002.04,2110657.94
2271.41,2294292.88
2419.47,2388709.62
1693.51,1914184.64

LIGO_500_103.xml
2000.22,2086569.11
1994.39,2084859.97
2294.19,2279817.63
1554.94,1794588.16

LIGO_500_104.xml
1904.67,2009582.09
1861.92,1982511.82
2360.83,2307672.38
1501.37,1744499.87

LIGO_500_105.xml
1862.57,1958366.9
1874.01,1971696.64
2232.35,2195127.18
1431.5,1675268.29

LIGO_500_106.xml
1791.34,1910287.28
1949.12,2017652.37
2141.75,2139594.83
1507.32,1725345

LIGO_500_107.xml
1978.02,2062360.93
2150.07,2172549.56
2244.95,2236062.41
1532.68,1770681.44

LIGO_500_108.xml
1837.08,1994135.9
2146.28,2199616.04
2414.46,2372444.69
1631.33,1858463.82

LIGO_500_109.xml
2066.15,2138845.6
2297.54,2287701.97
1750.82,1933759.92
1616.84,1843663.87

LIGO_500_110.xml
2036.62,2131586.98
2151.76,2202757.74
2095.87,2167397.41
1599.75,1841161.39

LIGO_500_111.xml
1862.34,1984793.83
2000.06,2078014.69
2171.72,2185873.25
1508.45,1753359.99

LIGO_500_112.xml
2089.34,2171503.43
2195.74,2241548.45
2354.07,2341867.95
1652.27,1886374.02

LIGO_500_113.xml
1855.33,1965654.93
1915.88,2008275.97
2168.18,2167214
1463.9,1706868.36

LIGO_500_114.xml
1734.66,1916024.63
2117.71,2164885.65
2340.31,2302090.47
1621.36,1842058.45

LIGO_500_115.xml
1969.12,2055174.75
1926.18,2023447.92
2157.09,2173484.53
1532.43,1764828.71

LIGO_500_116.xml
1665.1,1820354.24
1714.84,1853912.96
2023.6,2054191.48
1438.24,1672603.67

LIGO_500_117.xml
1798.99,1961110.1
2145,2190497.54
2284.12,2273251.68
1577.19,1817011.45

LIGO_500_118.xml
2087.94,2153965.12
2238.2,2252896.89
2163.08,2203480.32
1629.66,1853168.82

LIGO_500_119.xml
2109.77,2154223.42
2173.3,2195288.26
2217.44,2228832.04
1712.76,1895675.6

LIGO_500_120.xml
2072.82,2146874.14
2151.51,2196543.95
2373.11,2337492.49
1670.52,1880107.24

LIGO_500_121.xml
1685.88,1858089.67
1874.73,1984802.72
2409.97,2333298.84
1486.61,1729105.71

LIGO_500_122.xml
1901.63,1998693.75
1846.27,1959313.72
2132.41,2138393.92
1456.39,1702928.04

LIGO_500_123.xml
2110.18,2185535.38
2201.26,2242656.6
2182.57,2228014.34
1700.83,1914600.06

LIGO_500_124.xml
1683.37,1832780.52
1783.39,1900852.87
2010.6,2046230.14
1420.76,1661704.83

LIGO_500_125.xml
1783.82,1935091.34
1953.04,2049228.84
2359.17,2306833.62
1491.98,1743004.29

LIGO_500_126.xml
2098.05,2167494.14
2203.94,2234519.12
1916.96,2049441.89
1590.9,1836502.43

LIGO_500_127.xml
2039.88,2120423.52
2289.73,2280390.52
2163.47,2195294.21
1547.22,1797835.12

LIGO_500_128.xml
2130.75,2180961.95
2231.05,2252056.51
1831.7,1985689.64
1689.15,1892037.87

LIGO_500_129.xml
1832.05,1966404.91
1978.22,2068718.28
2135.72,2164620.27
1542.2,1780163.19

LIGO_500_130.xml
1915.22,2041784.46
2096.41,2162138.21
2356.72,2330988.23
1778.55,1956899.34

LIGO_500_131.xml
1820.88,1942304.19
1889.19,1985062.2
2403.34,2320979.29
1485.81,1723574.66

LIGO_500_132.xml
1913.98,2019277.81
2084.33,2130328.53
2197.14,2198414.08
1580.43,1798294.03

LIGO_500_133.xml
1819.87,1938441.71
1958.72,2025710.98
2285.5,2239622.87
1485.11,1710200.58

LIGO_500_134.xml
2024.66,2128546.82
2323.11,2322543.17
2174.73,2228481.21
1652.15,1878895.01

LIGO_500_135.xml
2180.62,2227384.12
2267.11,2280874.72
2258.83,2274013.1
1743.61,1937457.75

LIGO_500_136.xml
1918.42,2027604.04
1987.48,2072949.73
2165.45,2187437.98
1514.05,1758935.84

LIGO_500_137.xml
1994.33,2102302.66
2223.2,2244632.22
2220.64,2250976.25
1734.76,1933840.79

LIGO_500_138.xml
2197.84,2262970.48
2255.47,2300914.34
1875.77,2055729.38
1813.98,2009768.14

LIGO_500_139.xml
1750.84,1861591.68
1918.29,1974228.57
2112.36,2090161.76
1416.95,1643009.61

LIGO_500_140.xml
1917.8,2027574.74
1873.98,1999167.01
2181.68,2197926.21
1521.62,1764240.59

LIGO_500_141.xml
1789.53,1911924.17
1763.44,1896019.59
2421.2,2317276.9
1500.43,1722102.81

LIGO_500_142.xml
1876.25,1963122.12
1794.86,1906182.06
2123.39,2118814
1464.66,1687974.35

LIGO_500_143.xml
2077.68,2155982.61
2131.98,2188604.66
2239.31,2256070.32
1592.37,1833592.1

LIGO_500_144.xml
1765.5,1877280.27
1897.62,1970081.33
2128.62,2114200.56
1407.85,1643799.84

LIGO_500_145.xml
1756.25,1916268.33
1809.74,1951200.79
2108.91,2143067.75
1519.39,1757440.14

LIGO_500_146.xml
1825.48,1935084.23
1822.94,1933330.28
2220.18,2181605.95
1466.41,1696406.76

LIGO_500_147.xml
1860.57,1978155.15
2078.19,2125147.04
2168.93,2177206.18
1516.51,1755012.18

LIGO_500_148.xml
2100.01,2168614.36
2190.76,2224223.24
2271.13,2281476.62
1584.58,1831218.41

LIGO_500_149.xml
1914.94,2023989.88
1866.13,1987813.53
2480.27,2386414.15
1525.42,1764541.56

LIGO_500_150.xml
2279.75,2320555.44
2337.31,2358249.32
1840,2034511.87
1771.18,1987046.82

LIGO_500_151.xml
1833.55,1964879.94
1850.14,1977304.52
2228.96,2216546.52
1518.79,1755691.75

LIGO_500_152.xml
1767.65,1894348.56
1762.65,1892358.52
2150.87,2135037.38
1458.75,1691751.05

LIGO_500_153.xml
1888.36,1994292.7
2042.27,2101962.63
2154.48,2160953.49
1496.06,1740272.59

LIGO_500_154.xml
1858.57,1957455.59
2048.43,2081270.67
2062.17,2082175.54
1449.7,1685785.71

LIGO_500_155.xml
2092.32,2152715.18
2212.4,2229280.19
1863.11,1997319.97
1659.56,1866640.84

LIGO_500_156.xml
2005.17,2104179.04
2193.93,2226787.22
2528.05,2434803.41
1550.49,1798089.27

LIGO_500_157.xml
1814.73,1935815.28
1772.99,1900024.07
2173.56,2161751.8
1458.8,1695071.95

LIGO_500_158.xml
2000.31,2114086.98
2224,2260462.89
2174.14,2225778.41
1624.7,1866983.02

LIGO_500_159.xml
1874.29,1989134.3
1982.64,2062545.13
2366.08,2312501.73
1544,1772405.75

LIGO_500_160.xml
2145.69,2195628.61
2187.63,2215693.11
2000.83,2101561.16
1606.62,1838425.39

LIGO_500_161.xml
2228.75,2266942.85
2314.54,2326307.33
1845.78,2018799.5
1831.71,2008366.39

LIGO_500_162.xml
1970.42,2050561.65
2106.79,2142515.28
2234.47,2224020.8
1468.47,1721544.05

LIGO_500_163.xml
1850.48,1972077.55
1790.35,1934376.58
2102.94,2129056.99
1538.47,1766218.46

LIGO_500_164.xml
2004.22,2083190.34
2025.43,2101470.05
2177.84,2193304.68
1554.08,1790713.42

LIGO_500_165.xml
2078.29,2168178.87
2293.19,2308726.47
2246.66,2267060.53
1675.87,1905275.98

LIGO_500_166.xml
1872.63,2000686.47
2117,2163764.42
2453.25,2383016.65
1584.45,1814108.22

LIGO_500_167.xml
1750.81,1891841
1887.7,1982506.36
2282.14,2239025.7
1455.8,1698670.23

LIGO_500_168.xml
2212.8,2251059.5
2281.52,2288134.06
2336.46,2323336.91
1714.23,1916949.46

LIGO_500_169.xml
2126.11,2178820.29
2239.14,2252124.07
2264.78,2265996.64
1591.68,1828126.12

LIGO_500_170.xml
1834.95,1970153.19
2067.57,2121231.46
2214.73,2212167.18
1500.17,1750133.58

LIGO_500_171.xml
1874.87,1987530.15
1866.42,1982549.93
2055.15,2102274.9
1493.36,1732948.62

LIGO_500_172.xml
2174.03,2244794.62
2369.54,2374288.98
2390.89,2382866.01
1820.05,2011508.86

LIGO_500_173.xml
2200.15,2261991.14
2309.81,2329007.33
2315.32,2330339.09
1735.69,1953818.76

LIGO_500_174.xml
2152.56,2207497.51
2195.78,2233595.22
2080.81,2155218.7
1639.71,1866240.89

LIGO_500_175.xml
1722.8,1850615.79
1905.33,1976942.26
2420.96,2312228.04
1446.25,1672407.43

LIGO_500_176.xml
2000.24,2095573.51
2232.13,2246447.07
2278.83,2281421.59
1667.55,1878333.08

LIGO_500_177.xml
1662.44,1811050.16
1794.52,1893679.23
2077.7,2081069.13
1401.01,1638696.61

LIGO_500_178.xml
2173.43,2217968.85
2225.01,2248880.27
2164.16,2212900.29
1692.15,1898717.98

LIGO_500_179.xml
2087.9,2174077.53
2276.58,2296567.52
2092.33,2175743.07
1730.13,1935061.6

LIGO_500_180.xml
1899.48,2027155.91
2158.92,2187113.52
2045.87,2118619.5
1560.16,1797377.94

LIGO_500_181.xml
1764.56,1907903.75
1973.13,2044826.84
2100.18,2128416.97
1485.9,1721021.32

LIGO_500_182.xml
2160.81,2215660.67
2248.15,2272012.54
2009.13,2113526.04
1619.5,1861858.66

LIGO_500_183.xml
2016.27,2112083.03
2104.58,2162346.91
2266.17,2267982.05
1539.67,1790768.36

LIGO_500_184.xml
1928.52,2015210.62
2236.3,2219109.52
2124.99,2149396.04
1490.73,1732132.23

LIGO_500_185.xml
1919.28,2019379.17
2148.13,2162862.47
1906.65,2012713.52
1530.03,1761454.86

LIGO_500_186.xml
2141.66,2187417.25
2180.87,2208563.19
1732.57,1918228.27
1595.81,1828730.29

LIGO_500_187.xml
1958.56,2068258.33
2231.49,2247863.77
2218.1,2233060.7
1569.31,1812006.48

LIGO_500_188.xml
1908.64,2014238.66
1892.02,2003245.32
2163.8,2173905.87
1520.71,1758977.08

LIGO_500_189.xml
1933.95,2036613.69
2050.08,2112233.14
2234.37,2231218.28
1596.15,1812988.25

LIGO_500_190.xml
1885.26,1992017.42
1772.52,1914750.3
1897.63,1996199.31
1488.03,1729321.64

LIGO_500_191.xml
1809.96,1931105.27
2088.67,2118997.99
2255.7,2219470.23
1488.43,1724758.06

LIGO_500_192.xml
1808.49,1943609.9
1924.75,2020483.39
2175.86,2178253.74
1498.94,1737323.51

LIGO_500_193.xml
1968.1,2065501.3
2214.99,2231097.83
2154.44,2181254.28
1578.87,1809083.25

LIGO_500_194.xml
1925.62,2028029.7
2054.64,2112128.82
2541.67,2428789.85
1505.27,1749503.9

LIGO_500_195.xml
2008.97,2108305.01
2205.92,2243583.67
2023.1,2114162.74
1602.49,1843945.92

LIGO_500_196.xml
1882.09,2009153.72
1780.01,1943779.84
2413.63,2347054.97
1577.34,1809297.12

LIGO_500_197.xml
1883.05,2032685.16
2291.99,2302364.76
2127.59,2195851.99
1631.87,1867703.95

LIGO_500_198.xml
2120.18,2190769.69
2314.42,2324075.74
2305.26,2307216.61
1709.11,1920926.99

LIGO_500_199.xml
2409.5,2403515.43
2375.91,2376361.43
1993.83,2126111.76
1736.64,1960968.7

LIGO_500_200.xml
1783.97,1907630.89
1831.96,1938773.87
2126.02,2120373.49
1449.73,1684700.75

LIGO_500_201.xml
1809.71,1922554.88
1898.05,1979386.72
2083.39,2096735.76
1464.85,1694356.32

LIGO_500_202.xml
2023.86,2107317.67
1853.41,1992074.04
2297.88,2281554.17
1564.85,1805025.56

LIGO_500_203.xml
2000.14,2090272.65
2188.34,2219698.44
2232.08,2239777.52
1569.98,1810258.43

LIGO_500_204.xml
1652.02,1806255.06
1826.19,1926386.35
2532.89,2388559.46
1414.92,1653578.56

LIGO_500_205.xml
2342.05,2352048.72
2307.42,2320452.66
1821.81,2004816.27
1761.8,1964264.52

LIGO_500_206.xml
2051.62,2124884.82
2159.13,2194078.85
2368.62,2328255.85
1576.06,1808121.26

LIGO_500_207.xml
1998.04,2104528.77
2364.51,2342840.86
2037.4,2134031.84
1749.74,1943473.83

LIGO_500_208.xml
2364.88,2363090.27
2254.22,2282870.49
1775.37,1972470.79
1715.5,1933184.62

LIGO_500_209.xml
2150.03,2199807.2
2201.17,2234671.99
1999.1,2102557.38
1674,1889343.4

LIGO_500_210.xml
1894.74,2000769.54
1803.61,1933932.11
2116.48,2135528.8
1508.07,1745378.88

LIGO_500_211.xml
1822.6,1947472.67
2057.09,2100688.67
2269.61,2237111.28
1495.05,1730488.78

LIGO_500_212.xml
1998.14,2102354.11
2103.68,2170870.83
2167.03,2201924.96
1585.16,1827471.21

LIGO_500_213.xml
1727.16,1851457.31
1913.28,1979158.27
2121.23,2106808.61
1450.45,1671620.65

LIGO_500_214.xml
1903.6,2021197.34
1842.29,1973462.71
2127.13,2159928.5
1512.06,1757809.73

LIGO_500_215.xml
1704.04,1890776.58
2064.4,2127835.72
2244.43,2241484.67
1512.26,1765351.87

LIGO_500_216.xml
2094.89,2156036.02
2100.56,2156933.06
2233.28,2245919.64
1584.43,1821992.23

LIGO_500_217.xml
1980.32,2077528.83
2060.15,2132102.88
2219.43,2229720.06
1553.86,1799287.23

LIGO_500_218.xml
1837.91,1947949.72
1955.88,2025670.24
2089.76,2109078.07
1462.92,1696337.37

LIGO_500_219.xml
1790.16,1906165.6
1800.65,1916622.86
2163.39,2150691.24
1456.27,1687243.8

LIGO_500_220.xml
1873.32,1973251.07
2029.99,2073353.45
2353.34,2284903.25
1452.58,1694613.52

LIGO_500_221.xml
1969.24,2058862.36
2195.04,2205160.65
2190.84,2194258.17
1537.77,1776767.58

LIGO_500_222.xml
2079.62,2164563.04
2088.42,2169708.16
2154.4,2205804.95
1646.84,1872973.53

LIGO_500_223.xml
1768,1921840.54
1822.03,1955602.42
2127.7,2150103.94
1499.06,1745168.87

LIGO_500_224.xml
2091.08,2156349.87
2261.84,2271810.83
2313.85,2300873.19
1576.98,1820916.71

LIGO_500_225.xml
1906.95,2012079.66
2112.19,2144118.46
2201.66,2201172.78
1654.4,1846273.38

LIGO_500_226.xml
1861.8,1968222.6
1789.99,1919012.02
1965.57,2038638.73
1475.99,1713409.61

LIGO_500_227.xml
1966.93,2051876.38
2213.84,2215144.65
2284.19,2258177.9
1612.39,1821803.06

LIGO_500_228.xml
2092.2,2155936.13
2253.38,2256947.7
2372.76,2334385.15
1610.35,1836893.24

LIGO_500_229.xml
1666.81,1841030.27
1840.2,1958931.9
2264.34,2232678.8
1480.35,1718274.72

LIGO_500_230.xml
2145.17,2202005.76
2166.89,2214041.3
2306.15,2303260.02
1785.11,1966739.33

LIGO_500_231.xml
1933.5,2030678.05
1943.1,2037781.96
2375.32,2318863.7
1512.58,1753726.11

LIGO_500_232.xml
1796.31,1910432.04
1842.2,1948424.15
2049.24,2075936.62
1432.49,1675333.26

LIGO_500_233.xml
1740.58,1884248.14
1905.64,1990727.01
2347.24,2272916.4
1420.54,1671762.19

LIGO_500_234.xml
1881.82,1978320.88
1945.61,2021023.67
2228.11,2198871.99
1484.34,1714815.97

LIGO_500_235.xml
1806.7,1930282.58
1977.69,2045907.2
2117.02,2128847.19
1471.2,1710568.94

LIGO_500_236.xml
2108.46,2177892.98
2121.98,2182304.86
2376.87,2347397.93
1646.28,1869397.76

LIGO_500_237.xml
2041.28,2114851.06
2168.94,2205215.03
2419.07,2362824.99
1617.65,1839899.97

LIGO_500_238.xml
2357.93,2360187.6
2371.87,2366638.9
1900.78,2057657.07
1790.23,1985472.89

LIGO_500_239.xml
1830.84,1958483.23
1843.23,1964035.22
2093.58,2118549.29
1497.45,1735143.62

LIGO_500_240.xml
1806.13,1954443.42
1844.02,1974501.88
2226.67,2228407.4
1543.33,1780830.36

LIGO_500_241.xml
2026.83,2110753.72
2211.95,2231191.87
2153.52,2199630.88
1659.81,1868132.82

LIGO_500_242.xml
2401.18,2383077.59
2329.26,2337212.16
1812.02,1996952.4
1800.69,1985788.55

LIGO_500_243.xml
2173.1,2222211.31
2225.74,2249646.6
1970.86,2088947.36
1754.18,1941657.24

LIGO_500_244.xml
2228.19,2263312.53
2064.9,2150703.01
1870.04,2028008.35
1637.86,1873965.1

LIGO_500_245.xml
1850.88,1965641.71
1877.71,1988302.27
2118.29,2138269.59
1511.6,1743869.04

LIGO_500_246.xml
1883.81,1985021.03
1830.03,1947737.03
2304.12,2256624.23
1473.1,1712934.81

LIGO_500_247.xml
2189.19,2224216.19
2230.23,2246871.8
2002.58,2096195.19
1688.07,1890740.77

LIGO_500_248.xml
2170.22,2224232.08
2202.57,2247493.72
2023.62,2128733.96
1633.04,1870178.8

LIGO_500_249.xml
1896.66,2031324.05
2209.08,2239115.9
2352.62,2328583.94
1576.32,1822094.16

LIGO_500_250.xml
2075.82,2158517.59
2355.2,2346245.25
1833.9,2000885.87
1786.1,1967248.48

LIGO_500_251.xml
1881.51,2001775.62
2144.15,2175471.53
2065.39,2122018.59
1514,1760178.25

LIGO_500_252.xml
1872.2,2015649.38
2154.37,2200982.52
2317.69,2302126.65
1575.85,1821560.92

LIGO_500_253.xml
2027.42,2085949.47
1979.06,2056594.16
2341.79,2283863.74
1499.34,1740008.04

LIGO_500_254.xml
1972.81,2075935.36
2294.64,2284183.55
2287.91,2284362.75
1609.22,1837616

LIGO_500_255.xml
1803.29,1922976.58
1877.08,1972387.32
2381.68,2302025.55
1449.6,1691090.74

LIGO_500_256.xml
1892.14,2008712.93
2087.72,2139832.33
2407.66,2340365.15
1542.65,1777133.38

LIGO_500_257.xml
2165.83,2215357.5
2226.33,2253013.8
1803.77,1977173.63
1776.04,1954717.08

LIGO_500_258.xml
1921.36,2063651.41
2213.1,2256876.12
2290.56,2296837.96
1580.56,1843888.56

LIGO_500_259.xml
1943.18,2062119.58
2302.36,2296924.34
2574.69,2481020.93
1646.52,1866590.89

LIGO_500_260.xml
1863.76,1976122.84
1886.17,1990362.89
2116.42,2135162.06
1500.05,1733331.27

LIGO_500_261.xml
2193.01,2242239.22
2257.41,2278063.41
2097.75,2180370.61
1741.48,1946024.09

LIGO_500_262.xml
2058.15,2120932.63
2254.5,2246317.26
1878.72,2003259.82
1660.93,1859166.13

LIGO_500_263.xml
1706.94,1872240.44
2005.79,2067182.74
2099.8,2123253.61
1508.36,1742104.58

LIGO_500_264.xml
1767.82,1886292.56
1790.29,1900849.3
2274.28,2209285.95
1422.73,1657279.36

LIGO_500_265.xml
2128.44,2186578.67
2278.63,2283178.67
1839.47,1999269.71
1752.95,1939009.92

LIGO_500_266.xml
1945.64,2071236.9
2249.71,2273760.28
2302.78,2301775.73
1700.9,1914347.91

LIGO_500_267.xml
2472.61,2465900.3
2225.87,2297261.18
1981.34,2143782.22
1874.94,2073003.47

LIGO_500_268.xml
1996.88,2070835.06
2088.53,2129174.5
2117.07,2144815.85
1508.79,1749201.24

LIGO_500_269.xml
1795.6,1925244.43
2138.2,2149139.6
2124.12,2131892.66
1479.5,1716406.57

LIGO_500_270.xml
1906.22,2034812.07
2251.34,2261929.81
2294.34,2284486.5
1682.45,1889276.35

LIGO_500_271.xml
1817.31,1944177.91
1861.72,1969542.54
2307.01,2268111.57
1505.05,1737937.92

LIGO_500_272.xml
1804.58,1920903.95
1972.05,2034038.95
2043.12,2075492.93
1432.34,1674692.63

LIGO_500_273.xml
2279.38,2305290.49
2271.53,2303365.68
1821.01,2007522.05
1811.94,2000792.4

LIGO_500_274.xml
2375.98,2371017.68
2270.66,2299547.32
2089.3,2182958.75
1761.74,1967025.62

LIGO_500_275.xml
1701.74,1882183.65
1965.46,2056971.85
2254.19,2239414.42
1526.68,1768323.16

LIGO_500_276.xml
1988.64,2054058.64
1949.28,2022112.46
2217.29,2188630.43
1506.93,1729114.59

LIGO_500_277.xml
1806.64,1947194.09
1881.49,1992441.59
2132.53,2160518.22
1533.89,1766707.9

LIGO_500_278.xml
1978.36,2057730.94
2119.96,2150027.68
2401.86,2334265.4
1479.69,1728531.18

LIGO_500_279.xml
1834.31,1973878.56
1905.87,2018968.42
2429.01,2362524.93
1506.98,1756923.98

LIGO_500_280.xml
2020.54,2110468.74
2275.86,2278427.93
2079.82,2147487.49
1630.58,1855652.6

LIGO_500_281.xml
2074.19,2156520.58
2317.82,2315554.94
1997.94,2105886.69
1625.35,1863550.05

LIGO_500_282.xml
1950.59,2034887.48
2047.53,2104025.16
2227.68,2213169.35
1520.46,1753906.03

LIGO_500_283.xml
2010.16,2087994.31
2040.81,2107775.31
2187.03,2195831.16
1492.73,1743440.87

LIGO_500_284.xml
1893.18,2005248.05
2133.05,2156135.38
2192.03,2189391.68
1529.51,1764622.16

LIGO_500_285.xml
1754.65,1906440.68
1975.06,2061998.19
2541.67,2421989.02
1521.9,1759368.73

LIGO_500_286.xml
2061.75,2157032.56
2245.44,2277143.71
1976,2094763.77
1697.66,1913719.68

LIGO_500_287.xml
1759.39,1884042.19
1784.95,1899735.57
2172.23,2148560.52
1458.14,1684472.64

LIGO_500_288.xml
1806.32,1940257.85
1957.38,2044193.45
2217.01,2211236.54
1546.39,1769745.35

LIGO_500_289.xml
1983.45,2086823.72
2169.54,2206337.85
2262.18,2273604.38
1753.49,1936448.91

LIGO_500_290.xml
1782.48,1919107.81
1961.45,2039015.74
2282.88,2250649.89
1515.73,1746612.08

LIGO_500_291.xml
1861.35,1982244.91
1942.19,2034885.95
2156.99,2173961.8
1512.74,1749979.76

LIGO_500_292.xml
1832.75,1936703.73
1951.33,2017694.56
1820.84,1924662.35
1454.98,1689318.88

LIGO_500_293.xml
1791.58,1928878.43
1955.46,2037414.69
2104.13,2131086.27
1482.79,1726187.97

LIGO_500_294.xml
2070.47,2122090.72
2119.97,2155408.68
2429.14,2349136.06
1560.83,1787796.56

LIGO_500_295.xml
2065.09,2158775.29
2275.89,2299167.32
2781.9,2632781.51
1771.51,1965843.84

LIGO_500_296.xml
2167.35,2228397.51
2295.94,2316013.51
2266.69,2287726.62
1807.16,1996811.57

LIGO_500_297.xml
1977.15,2076229.4
2131.93,2179821.61
2260.47,2257482.22
1601.61,1829380.96

LIGO_500_298.xml
1791.05,1907701.67
1848.78,1942913.14
2348.99,2272261.09
1441.69,1673443.03

LIGO_500_299.xml
1986.33,2076705.11
1910.44,2028388.76
1971.76,2062836.77
1531.72,1777183.52

LIGO_500_300.xml
2084.43,2172089.41
2282.23,2299587.33
2276.98,2301906.87
1752.4,1953754.14

LIGO_500_301.xml
1989.41,2075490.5
2280.47,2261243.99
2393.79,2336252.3
1602.2,1818172.76

LIGO_500_302.xml
2276.18,2296924.84
2276.63,2294429.71
2199.97,2240821.08
1720.68,1926993.89

LIGO_500_303.xml
2329.81,2337906.04
2379.54,2362745.59
2211.23,2256523.39
1731.33,1937973.82

LIGO_500_304.xml
1985.53,2088577.31
2070.41,2138550.43
2201.67,2215659.28
1582.49,1820694.43

LIGO_500_305.xml
1932.47,2035639.45
2130.74,2156800.45
2399.41,2341826.05
1502.93,1750408.12

LIGO_500_306.xml
1810.46,1923363.66
1989.14,2042678.16
2105.55,2122475.21
1469.03,1699937.6

LIGO_500_307.xml
2123.23,2187558.69
2315.19,2319095.95
2067.93,2143034.86
1669.08,1884088.78

LIGO_500_308.xml
1806.85,1912902.79
1782.54,1894588.26
2292.52,2231592.88
1435.35,1667138.74

LIGO_500_309.xml
2244.61,2279627.87
2279.75,2297745.77
2336.01,2338531.43
1775.42,1970080.44

LIGO_500_310.xml
1997.5,2090407.93
2193.97,2219712.62
2294.31,2278106.55
1619.63,1841889.81

LIGO_500_311.xml
2045.05,2117272.68
2243.93,2246730.17
2007.86,2091980.06
1611.25,1832915.64

LIGO_500_312.xml
1802.09,1912321.55
1884.2,1970385.75
2014.36,2043282.92
1422.16,1661140.6

LIGO_500_313.xml
1888.44,1999648.79
2094.86,2130013.06
2170.42,2178007.45
1498.67,1740005.71

LIGO_500_314.xml
1915.15,2037387.99
2272.6,2278340.46
2136.18,2180116.06
1592.3,1828064.71

LIGO_500_315.xml
1868.8,1950619.12
1660.84,1810367.04
2192.99,2155055.21
1432.41,1662276.26

LIGO_500_316.xml
1817.06,1934753.41
1848.97,1960054.23
2206.22,2182164.66
1484.59,1716779.18

LIGO_500_317.xml
2158.49,2212821.66
2274.01,2288967.3
2034.79,2130146.34
1662.18,1885218.64

LIGO_500_318.xml
2279.83,2314930.59
2262.74,2302219.93
2259.15,2294782.19
1753.61,1963193.46

LIGO_500_319.xml
2260.45,2286809.23
2252.34,2276577.42
2302.96,2309548.79
1721.32,1926416.54

LIGO_500_320.xml
1760.94,1916644
2107.54,2147075.02
2429.73,2359738.27
1552.78,1780936.84

LIGO_500_321.xml
1745.65,1902695.63
1870.3,1982396.34
2264.87,2238650.95
1476.53,1723544.34

LIGO_500_322.xml
2193.57,2243427.27
2257.76,2276468.78
1754.04,1949776.16
1713.38,1919286.34

LIGO_500_323.xml
1973.06,2070259.11
1987.74,2079575.84
2158,2180133.57
1618.25,1834777.18

LIGO_500_324.xml
1974.03,2092067.89
2216.78,2255424.2
2212.39,2247038
1573.79,1831161.85

LIGO_500_325.xml
2060.46,2157205.38
2341.98,2337955.5
2234.3,2272693.91
1738.7,1947298.52

LIGO_500_326.xml
2240.62,2296672.52
2294.25,2325918.57
2211.68,2275139.04
1779.43,1986927.23

LIGO_500_327.xml
1830.6,1943979.95
1780.48,1912140.74
2052.05,2085135.22
1476.47,1710883.86

LIGO_500_328.xml
2037.93,2123998.67
2155.14,2206007.7
1998.1,2101291.59
1624.18,1855258.56

LIGO_500_329.xml
1878.21,2003044.51
1947.78,2046906.75
2401.34,2340303.6
1514.02,1760457.94

LIGO_500_330.xml
2078.42,2164327.53
2298.02,2310116.76
2154.47,2214797.42
1746.33,1944849.54

LIGO_500_331.xml
1775.44,1926944.3
1830.87,1964022.4
1947.55,2034452.07
1518.18,1757801.66

LIGO_500_332.xml
1918.52,2044794.25
2158.52,2200877.95
2238.24,2248733.58
1556.04,1802422.83

LIGO_500_333.xml
1898.56,2023351.24
2049.75,2120418.21
2303.34,2278236.94
1543.33,1787486.96

LIGO_500_334.xml
2163.21,2211610.1
2220.44,2242354.31
2301.13,2303563.49
1655.04,1882162.15

LIGO_500_335.xml
1994.47,2069708.46
2087.57,2131835.53
2083.25,2123049.39
1500.56,1749155

LIGO_500_336.xml
2168.05,2222578.36
2304.32,2307807.21
2164.96,2207077.14
1605.05,1847408.44

LIGO_500_337.xml
1821.99,1931978.08
1919.85,1999890.29
2133.6,2121883.3
1504.57,1719655.73

LIGO_500_338.xml
2174.02,2226354.87
2221.27,2252313.98
2044.44,2138654.93
1726.63,1931455.16

LIGO_500_339.xml
2261.38,2280903.67
2300.99,2304021.47
2256.13,2280551.66
1693.32,1908598.32

LIGO_500_340.xml
2170.56,2221974.03
2296.7,2308244.72
2256.25,2275631.6
1692.14,1908036.22

LIGO_500_341.xml
2140.18,2213656.99
2334.73,2337424.53
2466.71,2427121.69
1797.37,1987346.29

LIGO_500_342.xml
2270.67,2290110.28
2273.36,2292897.36
2298.99,2313087.2
1654.75,1885807.22

LIGO_500_343.xml
1924.37,2024677.43
2006.25,2078056.88
2219.93,2215236.04
1507.69,1753309.28

LIGO_500_344.xml
2178.98,2219452.73
2300.5,2299835.96
2041.2,2127822.09
1668.58,1883639.55

LIGO_500_345.xml
1808,1937936.04
1977.85,2050608.62
2349.08,2289924.7
1445.56,1697668.23

LIGO_500_346.xml
1807.44,1930360.07
1816.71,1934717.86
2314.91,2251265.06
1458.43,1700043.05

LIGO_500_347.xml
2119.87,2192883.76
2269.57,2291335.7
2142.03,2202176.26
1785.14,1975396.28

LIGO_500_348.xml
1897.13,2002838.92
1979.2,2054944.24
2246.11,2224665.62
1460.44,1713585.59

LIGO_500_349.xml
1940.04,2027607.37
2121.79,2147422.18
2073.1,2107368.02
1501.29,1736416.19

LIGO_500_350.xml
1881.68,2009634.94
2132.78,2176324.37
2047.91,2115947.5
1585.21,1815893.94

LIGO_500_351.xml
1967.1,2078953.39
2228.61,2251173.39
2416.24,2370125.34
1619.25,1849064.07

LIGO_500_352.xml
1658.13,1818788.26
1794.11,1907293.95
2309.57,2245660.93
1445.17,1679410.49

LIGO_500_353.xml
2346.02,2352076.87
2372.05,2369620.35
2371.48,2366479.82
1700.56,1925593.25

LIGO_500_354.xml
1937,2074384.29
2095.57,2182518.04
2182.85,2228829.85
1634.78,1874289.14

LIGO_500_355.xml
2261.29,2284149.06
2314.68,2319672.06
1830.79,2000869.64
1714.81,1921879.26

LIGO_500_356.xml
1819.99,1931753.9
1939.63,2008676.06
2207.06,2181554.89
1455.57,1691369.77

LIGO_500_357.xml
1803.34,1925726.76
1875.79,1974863.74
2139.31,2139902.13
1468.35,1707216.99

LIGO_500_358.xml
1946.93,2046680.62
1873.69,2002511.55
2329.34,2297160.74
1519.77,1768620.66

LIGO_500_359.xml
2201.26,2214123.65
2249.77,2242671.08
2157.32,2176962.41
1594.37,1814335.34

LIGO_500_360.xml
1932.29,2028505.71
2056.5,2110269.63
2204.62,2209029.96
1524.03,1758790.76

LIGO_500_361.xml
2260.74,2283179.81
2239.39,2265294.15
1791.05,1973364.15
1861.45,2018479.87

LIGO_500_362.xml
2137.52,2202932.59
2096.12,2172876.67
2177.18,2226681.31
1743.21,1940524.36

LIGO_500_363.xml
1888.11,1990397.33
1716.16,1875626.13
2059,2097122.41
1489.01,1726036.78

LIGO_500_364.xml
1830.76,1924422.96
1845.46,1936164.18
2175.67,2148447.97
1455.77,1680888.02

LIGO_500_365.xml
2027.23,2110721.82
2153.38,2191759.1
2164.99,2198868.37
1667.17,1868891.59

LIGO_500_366.xml
2201.79,2238231.19
2292.97,2295896.29
1844.03,2002064.07
1658.6,1880950.67

LIGO_500_367.xml
1748.35,1875178.07
2008.49,2049402.7
2422.48,2325369.13
1441.33,1677228.28

LIGO_500_368.xml
1797.82,1932642.45
1948.17,2027263.71
2176.15,2172651.69
1498.73,1730839.71

LIGO_500_369.xml
1780.22,1923240.18
1983.48,2060241.07
2658.96,2495614.78
1501,1739952.67

LIGO_500_370.xml
1870.2,1985774.5
1796.75,1938256.18
2197.97,2195226.76
1531.76,1761617.47

LIGO_500_371.xml
1698.2,1838809.75
1804.68,1907262.99
2009.19,2039261.83
1415.54,1653880.16

LIGO_500_372.xml
1747.39,1888241.86
1963.04,2029933.99
2288.69,2240794.86
1471.99,1706789.39

LIGO_500_373.xml
1731.58,1873527.29
1947.17,2017851.68
2555.99,2415316.04
1432.19,1678503.91

LIGO_500_374.xml
2102.22,2181747.25
2156.09,2219496.52
2150.02,2213678.71
1644.56,1876794.4

LIGO_500_375.xml
2130.35,2192156.29
2223.4,2252551.59
2053.63,2138992.43
1756.53,1946795.53

LIGO_500_376.xml
1883.73,1996720.04
1862.02,1978265.46
2260.7,2233906.12
1526.83,1756108.07

LIGO_500_377.xml
1990.75,2106522.19
2269.04,2286096.44
2059.88,2152229.05
1776.12,1965900.37

LIGO_500_378.xml
2458.81,2432619.33
2294.35,2318636.47
2014.98,2137772.56
1759.97,1968009.29

LIGO_500_379.xml
1936.03,2052028.17
2120.35,2177533.15
2493.06,2419089.24
1541.4,1792539.27

LIGO_500_380.xml
1958.69,2050284.57
2088.07,2134447.67
2128.88,2150595.83
1564.89,1786974.48

LIGO_500_381.xml
2022.21,2134571.7
2147.62,2213987.42
2252.13,2282331.2
1647.63,1888392.94

LIGO_500_382.xml
1921.65,2045311.54
2137.77,2188066.24
2374.59,2345305.98
1545.64,1797694.96

LIGO_500_383.xml
1739.15,1871364.05
1913.44,1989960.66
2121.07,2116953.1
1429.23,1667447.46

LIGO_500_384.xml
1777.49,1915496.28
1828.38,1947840.28
2034.35,2076732.24
1478.13,1715957.06

LIGO_500_385.xml
2059.75,2136136.35
2224.64,2240039.41
2144.38,2190646.73
1670.53,1878552.68

LIGO_500_386.xml
1942.94,2041696.32
2157.56,2182177.31
2286.8,2267927.99
1539.3,1777390.99

LIGO_500_387.xml
1813.67,1923680.48
1842.37,1942757.82
2059.64,2081543.48
1434.46,1670522.48

LIGO_500_388.xml
2305.37,2326171.91
2355.66,2356475.12
2072.7,2171595.43
1801.78,1995429.87

LIGO_500_389.xml
2000.34,2095205.53
2151.31,2198436.65
2045.25,2126112.98
1667.82,1879914.68

LIGO_500_390.xml
1763.86,1888000.32
1921.69,1993055.42
2185,2160628.61
1446.64,1680188.08

LIGO_500_391.xml
2308.43,2340690.06
2366.77,2376929.96
2351.29,2374327.19
1792.7,1999962.33

LIGO_500_392.xml
1890.16,2000342.86
2171.65,2186551.53
2034.41,2097375.75
1623.37,1827449.22

LIGO_500_393.xml
2304.24,2316252.3
2192.93,2234790.44
2192.65,2237310.36
1697.15,1910448.81

LIGO_500_394.xml
1794.21,1912302.69
1878.05,1966908
2034.7,2065003.21
1440.16,1679091.85

LIGO_500_395.xml
2240.56,2249513.11
2313.64,2297841.28
1707.17,1898870.01
1659.46,1862116.26

LIGO_500_396.xml
1893.74,2018448.31
2118.22,2170931.59
2193.04,2208641.49
1611.44,1838038.51

LIGO_500_397.xml
2346.55,2384148.33
2408.02,2418746.29
2321.46,2361721.81
1845.43,2050990.91

LIGO_500_398.xml
2025.3,2104378.69
2099.49,2156501.02
2279.57,2264048.79
1569.75,1802725.44

LIGO_500_399.xml
1839.13,1940718.76
2002.68,2045629.72
2285.86,2220536.65
1445.29,1677820.13

LIGO_500_400.xml
1940.92,2043540.83
2093.35,2147447.11
2483.65,2398975.49
1562.49,1793944.59

LIGO_500_401.xml
1750,1918001.16
2021.48,2100543.05
2217.24,2226122.12
1536.54,1779307.59

LIGO_500_402.xml
1982.87,2072471.88
1978.63,2067561.95
2483.22,2399301.18
1534.36,1778739.34

LIGO_500_403.xml
1835.71,1943422.59
1784.92,1909013.14
2037.12,2067554.05
1465.03,1699449.86

LIGO_500_404.xml
1770.86,1905679.44
1938.75,2021576.71
2374.76,2303658.72
1461.4,1705667.85

LIGO_500_405.xml
2001.97,2075551.37
2184.88,2195763.61
2391.03,2331173.95
1526,1763992.08

LIGO_500_406.xml
1753.37,1896132.11
1820.95,1940762.15
2413.63,2324742.16
1476.78,1714434.48

LIGO_500_407.xml
1777.05,1896618.8
2044.11,2077313.28
1959.2,2012353.37
1444,1681645.42

LIGO_500_408.xml
1900.71,2020284.2
2159.71,2189775.08
2319.73,2298169.62
1541.54,1783829.7

LIGO_500_409.xml
1982.56,2079424.14
1984.59,2077573.86
2310.8,2290009.62
1554.03,1793504.46

LIGO_500_410.xml
1968.02,2079342.25
2175.34,2216729.43
2225.13,2240251.33
1572.2,1821425.63

LIGO_500_411.xml
2251.32,2278937.99
2336.03,2335108.26
2031.77,2135530.57
1718.06,1929468.8

LIGO_500_412.xml
2093.74,2154107.8
2155.64,2188721.56
2216.42,2234367.84
1615.62,1839124.08

LIGO_500_413.xml
1944.66,2036488.74
1922.91,2022813.59
1978.54,2051538.08
1539.1,1766379.17

LIGO_500_414.xml
1831.77,1952742.8
2063.28,2107732.01
2419.38,2338141.74
1469.88,1716065.79

LIGO_500_415.xml
1897.42,2008722.55
2175.33,2190618.19
1993.51,2072108.58
1596.76,1809474.69

LIGO_500_416.xml
1930.53,2035046.57
2174.85,2200499.31
2198.9,2200229.3
1516.63,1765680.36

LIGO_500_417.xml
1919.95,2010235.43
1897.29,1997697.84
2396.62,2320429.17
1482.68,1722560.32

LIGO_500_418.xml
1941.81,2072586.25
2236.84,2274491.69
2241.31,2274116.42
1656.87,1889403.34

LIGO_500_419.xml
1983.24,2067291.18
2136.61,2165255.68
2198.5,2204768.15
1531.29,1768598.8

LIGO_500_420.xml
1899.07,2006981.82
2042.49,2101780.15
2265.53,2241312.39
1503.8,1747285.29

LIGO_500_421.xml
1828.68,1967526.39
1777,1931332.28
2315.46,2282602.75
1510.46,1757571.26

LIGO_500_422.xml
2058.11,2134676.36
2214.55,2236930.54
2272.9,2276509.55
1734.32,1922266.45

LIGO_500_423.xml
1926.34,2050011.07
2352.65,2333758.55
2238.51,2246441.23
1715.63,1913408.09

LIGO_500_424.xml
1789.33,1928829.74
1829.69,1953802.98
2484.58,2382793.99
1508.78,1740308.52

LIGO_500_425.xml
2128.25,2193294.14
2249.9,2272178.85
2364.67,2352422.39
1732.99,1938216.42

LIGO_500_426.xml
1931.37,2033458.44
1917.47,2023014.74
2434.96,2368303.09
1515.59,1757281.63

LIGO_500_427.xml
1848.28,1960084.26
2038.45,2081730
2093.4,2110658.1
1461.64,1701365.88

LIGO_500_428.xml
2060.78,2130388.61
2295.2,2284932.94
2056.22,2124263.16
1721.81,1905869.85

LIGO_500_429.xml
2280.83,2310998.34
2334.58,2344764.46
2337.84,2345049.73
1790.75,1986493.95

LIGO_500_430.xml
1921.64,2034355.17
2113.01,2163519.77
2236.36,2237705.05
1543.48,1782649.63

LIGO_500_431.xml
1839.74,1949315.11
2050.75,2093524
2359.27,2284673.95
1441.92,1685100.94

LIGO_500_432.xml
2016.83,2095254.16
2179.18,2197990.52
1993.11,2078576.74
1613.11,1827557.43

LIGO_500_433.xml
1774.44,1925190.13
2123.2,2154033.71
2538.5,2429601.13
1508.24,1750853.69

LIGO_500_434.xml
2119.24,2196818.05
2209.62,2260995.02
2343.12,2340936.56
1851.83,2030806.54

LIGO_500_435.xml
1915.41,2006062.63
1862.72,1970700.79
2262.09,2229294.42
1466.14,1710666.17

LIGO_500_436.xml
2162.06,2220300.71
2210.44,2254229.26
2082.49,2168918.13
1778.23,1973501.89

LIGO_500_437.xml
2291.44,2340631.76
2405.17,2412752.31
2276.52,2326129.14
1840.15,2043594.96

LIGO_500_438.xml
1859.66,1969467.4
1913.17,2008244.26
2074,2105818.8
1508.21,1740955.43

LIGO_500_439.xml
1972.92,2064330.2
2185.2,2200571.38
2315.38,2281515.97
1521.22,1766973.79

LIGO_500_440.xml
2169.02,2196423.85
2270.69,2261552.76
2310.52,2279970.25
1577.12,1806566.29

LIGO_500_441.xml
1951,2077222.89
2109.03,2180939.41
2290.78,2288512.37
1579.8,1828551.42

LIGO_500_442.xml
1905.97,2046097.15
2141.38,2199798.74
2358.82,2335467.68
1589.89,1836673.76

LIGO_500_443.xml
1703.67,1859503.1
1835.76,1952331.83
2077.73,2105567.68
1463.55,1703886.13

LIGO_500_444.xml
1843.55,1941470.23
1871.1,1959011.2
2137.13,2124338.03
1465.08,1689234.43

LIGO_500_445.xml
1872.47,1957843.68
1973.83,2027755.9
2396.22,2298099.32
1447.67,1678819.58

LIGO_500_446.xml
1687.66,1848943.25
1798.86,1922622.98
2398.04,2312110.23
1482.51,1712486.58

LIGO_500_447.xml
2177.93,2220906.65
2276.55,2287173.15
2189.24,2226970.07
1826.08,1990341.57

LIGO_500_448.xml
2027.44,2115015.47
2094.38,2162226.85
2348.35,2317362.22
1557.58,1804648.32

LIGO_500_449.xml
1877.2,1986748.17
2034.07,2095588.97
2491.14,2390812.91
1473.83,1725517.11

LIGO_500_450.xml
1903.96,2015294.59
2109.44,2148113.89
2134.74,2161562.63
1611.46,1821396.02

LIGO_500_451.xml
2004.85,2093372.48
2223.58,2238288.91
2359.16,2327900.89
1621.42,1845729.38

LIGO_500_452.xml
1990.21,2090893.85
2160,2202783.68
2293.59,2281216.07
1620.31,1847798.88

LIGO_500_453.xml
2047.93,2144535.33
1853.23,2021517.86
2221.7,2266338.07
1716.01,1926534.31

LIGO_500_454.xml
1925.37,2046538.92
2236.36,2242761.7
2225.16,2235375.11
1624.88,1843979.58

LIGO_500_455.xml
1884.74,2015639.92
2024.13,2106131.68
2183.98,2203640.51
1530.44,1778171.68

LIGO_500_456.xml
1895.82,1995194.64
2026.94,2078281.18
2287.2,2245269.96
1466.76,1705992.6

LIGO_500_457.xml
1972.48,2064382.63
2151.14,2179854.07
2178.12,2204126.63
1544.59,1786607.01

LIGO_500_458.xml
1930.72,2044998.52
2108.69,2163417.22
2407.77,2358568.72
1520.89,1776706.45

LIGO_500_459.xml
1809.93,1918770.33
1811.1,1921035.66
2110.26,2109427.52
1429.11,1665550.32

LIGO_500_460.xml
2116.73,2200189.7
2318.39,2333550.83
2297.16,2316599.24
1789.76,1985720.54

LIGO_500_461.xml
2063,2174118.28
2264.96,2305346.47
2362.08,2373048.54
1913.34,2080033.55

LIGO_500_462.xml
2349.26,2352531.2
2257.01,2288524.89
1803.41,1994929.39
1804.95,1998543.53

LIGO_500_463.xml
1889.61,2009879.63
1990.98,2081496.31
2364.29,2323012.57
1520.76,1768460.16

LIGO_500_464.xml
2152.75,2198259.35
2196.64,2224847.69
2218.52,2243854.36
1650.62,1867128.71

LIGO_500_465.xml
1819.04,1934360.45
1815.3,1932905.91
2488.23,2370572.32
1474.41,1709128.78

LIGO_500_466.xml
2163.25,2222342.43
2305.4,2316055.29
2303.34,2311315.71
1691.59,1910052.07

LIGO_500_467.xml
1848.15,1982114.13
2131.9,2166206.97
2206.21,2219260.39
1499.67,1751214.65

LIGO_500_468.xml
2283.83,2293769.44
2357.17,2334230.56
2332.61,2318500.75
1740.4,1931809.05

LIGO_500_469.xml
1878.65,1989110.45
1718.86,1884525.96
2489.59,2381674.99
1523.61,1754777.83

LIGO_500_470.xml
1852.54,1957880.11
1984.02,2046896.21
1962.22,2027594.72
1508.17,1733111.67

LIGO_500_471.xml
2054.6,2144317.17
2169.28,2224937.25
2577.86,2489705.24
1606.8,1852617.56

LIGO_500_472.xml
1998.64,2092200.86
2184.4,2212925.15
2500.26,2417434.22
1671.94,1880337.63

LIGO_500_473.xml
1793.39,1923680.71
1883.91,1984937.3
2093.42,2118319.02
1463.1,1704366.27

LIGO_500_474.xml
2007.54,2073689.05
1959.31,2042179.65
2214.4,2207391.16
1568.28,1781698.02

LIGO_500_475.xml
1948.32,2023458.64
1825.57,1937217.03
2410.66,2318516.73
1516.17,1735523.86

LIGO_500_476.xml
2047.56,2122975.22
2243.29,2257688.06
1896.31,2027393.27
1717.39,1911132.2

LIGO_500_477.xml
1890.73,2014959.18
2063.68,2124639.71
2216.37,2224314.94
1540.47,1783511.57

LIGO_500_478.xml
2012.54,2106276.8
2181.48,2217797.77
2468.5,2401001.84
1638.97,1859772.72

LIGO_500_479.xml
2253.34,2275910.47
2326.65,2323498.91
2145.23,2208776.08
1733.6,1931783.81

LIGO_500_480.xml
1812.21,1954214.75
1821.79,1962854.82
2183.19,2190930.69
1524.67,1767801.99

LIGO_500_481.xml
2170.25,2229184.59
2274.15,2298168.68
2295.04,2312087.01
1786.26,1978423.74

LIGO_500_482.xml
1874.96,2005859.11
2259.84,2261474.35
1963.35,2061041.37
1658.5,1862561.76

LIGO_500_483.xml
2157.94,2214234.73
2321.9,2320411.77
2129.08,2193088.78
1647.95,1879003.6

LIGO_500_484.xml
1810.61,1920474.79
1763.94,1889103.28
2003.58,2037172.46
1433.41,1672211.34

LIGO_500_485.xml
2184.21,2229486.12
2228.91,2253960.25
2287.22,2294358.12
1605.3,1845598.43

LIGO_500_486.xml
1996.83,2109496.8
1981.44,2101371.58
2281.74,2290233.15
1597.01,1847876.49

LIGO_500_487.xml
1862.3,1945371.66
1944.8,1999562.09
2141.48,2126626.69
1441.54,1669336.55

LIGO_500_488.xml
1929.13,2039355.11
2183.13,2204045.12
1870.31,1999643.61
1587.55,1812788.05

LIGO_500_489.xml
1964.73,2040393.54
2021.58,2080460.43
2127.91,2144557.12
1530.51,1755554.87

LIGO_500_490.xml
2070.33,2156207.6
2173.81,2222786.44
2452.84,2396920.44
1593.81,1841679.06

LIGO_500_491.xml
2031.93,2112178.43
1836.07,1983325.48
2491.84,2411158.43
1600.57,1828675.32

LIGO_500_492.xml
1915.61,2013359.48
2024.74,2085387.52
2420.94,2346253.04
1509.45,1744544.17

LIGO_500_493.xml
1911.25,2033439.39
2116.39,2166992.32
2445.22,2376593.22
1629.01,1845060.13

LIGO_500_494.xml
1819.3,1944184.72
1896.27,1998635
2301.03,2257001.73
1480.58,1722833.05

LIGO_500_495.xml
1974.22,2070499.49
2204.16,2212812.52
2606.28,2481897.78
1563.68,1795017.94

LIGO_500_496.xml
1945.46,2084853.53
2123.16,2202385.56
2689.21,2563337.59
1660.01,1897273.39

LIGO_500_497.xml
2018.34,2095550.15
2285.47,2276850.7
2159.02,2185873.66
1659.03,1859430.97

LIGO_500_498.xml
1765.83,1899673.11
2032.18,2073423.87
2004.74,2044605.55
1434.62,1678328.83

LIGO_500_499.xml
1890.78,1998920.64
2126.87,2155675.71
2070.46,2117249.52
1489.12,1735813.04

LIGO_500_500.xml
1880.59,1976470.05
1870.73,1973282.57
2380.32,2301078.59
1464.98,1703155.67

LIGO_500_501.xml
1943.85,2022932.02
1985.92,2054704.31
2159.49,2167724.97
1474.84,1715837.92

LIGO_500_502.xml
2064.68,2154243.08
2159.06,2214085.26
1919.14,2058394.49
1707.7,1921121.56

LIGO_500_503.xml
1914.06,2024046.76
1979.89,2064512.7
2173.85,2186492.7
1519.28,1763778.4

LIGO_500_504.xml
1866.14,1996424.15
2027.86,2104394.06
2287,2277690.59
1558.39,1796053.24

LIGO_500_505.xml
2377.38,2352110.95
2259.68,2266881.98
1869.21,2015969.48
1735.58,1922968.52

LIGO_500_506.xml
1714.8,1853825.04
1874.09,1961060.69
2094.17,2099988.62
1440.33,1674898.26

LIGO_500_507.xml
1843.01,1966904.08
1733.61,1892353.43
2618.47,2468996.93
1504.24,1743019.26

LIGO_500_508.xml
1912.89,2022779.8
1950.96,2047584.73
2377.48,2322210.55
1514.94,1755864.16

LIGO_500_509.xml
2104.74,2193232.13
2179.57,2244285.14
2158.75,2217693.48
1687.48,1916301.45

LIGO_500_510.xml
2116.8,2178124.33
2275.4,2279438.2
1766.61,1949097.41
1747.4,1934104.6

LIGO_500_511.xml
1733.52,1898610.07
1980.8,2063074.17
2507.75,2407430.54
1542.94,1773245.12

LIGO_500_512.xml
1840.83,1975020.26
2082.06,2129200.17
2224.87,2218706.7
1535.34,1773327.99

LIGO_500_513.xml
2011.27,2102628.2
2152.12,2194724
1952.07,2064061.09
1581.31,1816191.98

LIGO_500_514.xml
1815.36,1933546.4
2017.84,2072142.85
2101.24,2114475.2
1461.74,1701953.38

LIGO_500_515.xml
1911.2,2043084.75
2130.24,2186285.61
2291.01,2287582.8
1588.39,1829711.68

LIGO_500_516.xml
1763.92,1889439.21
1834.87,1936962.85
2193.45,2169678.76
1429.85,1667710.27

LIGO_500_517.xml
1783.7,1953380.05
2079.87,2146081.58
2392.7,2349462.5
1595.92,1829322.2

LIGO_500_518.xml
1938.26,2034230.99
1925.87,2022889.4
2148.38,2168455.88
1545.7,1775123.37

LIGO_500_519.xml
1671.36,1824374.88
1707.31,1849685.26
2167.62,2144124.05
1440.28,1673673.74

LIGO_500_520.xml
1861.71,1975544.05
1959.56,2045434.54
2264.81,2233866.73
1489.7,1730483.08

LIGO_500_521.xml
1652.16,1824458.7
1870.1,1966922.47
2177.43,2165407.35
1493.6,1719220.75

LIGO_500_522.xml
2239.53,2277043.76
2252.79,2281938.99
1818.69,2000780.43
1769.25,1969146.55

LIGO_500_523.xml
1982.59,2073622.59
2032.8,2105503.18
2201.4,2207233.16
1579.56,1809920.02

LIGO_500_524.xml
1939.05,2037600.95
2262.45,2250942.03
2072.96,2126049.14
1537.61,1776005.13

LIGO_500_525.xml
1910.2,2036224.89
1965.68,2072458.65
2253.69,2251578.34
1590.29,1823067.48

LIGO_500_526.xml
2079.67,2148982.63
2222.67,2238335.84
2216.07,2242407.16
1652.62,1869851.59

LIGO_500_527.xml
2156.98,2227709.7
2329.59,2335138.53
2324.61,2334543.73
1890.21,2053632.72

LIGO_500_528.xml
1880.84,2016613.74
2120.69,2170813.49
2228.54,2233876.03
1832.53,1985239.11

LIGO_500_529.xml
1838.98,1964764.77
1990.75,2067910.44
2462.22,2372543.88
1477.27,1724415.33

LIGO_500_530.xml
1783.96,1919710.95
1923.34,2016068.99
2027.39,2078732.03
1481.38,1721308.87

LIGO_500_531.xml
1953.87,2076545.95
2270.64,2287233.51
2597.73,2501749.53
1714.09,1924800.76

LIGO_500_532.xml
1968.53,2056151.7
2067.19,2120124.29
2301.48,2270044.28
1500.51,1749485.43

LIGO_500_533.xml
1977.2,2059031.32
2144.46,2164973.13
2236.83,2221081.44
1584.91,1803644.08

LIGO_500_534.xml
2045.85,2112734.16
2190.73,2207783.82
1982.15,2071778.22
1763.83,1930740.45

LIGO_500_535.xml
1887.27,1994843.48
1795.37,1935393.15
2162.99,2174849.24
1469.89,1718662.08

LIGO_500_536.xml
2194.55,2256707.93
2171.61,2236814.55
2103.12,2193761.77
1722.21,1944371.03

LIGO_500_537.xml
2071.63,2139264.7
2277.52,2281064.43
2059.84,2131831.93
1634.78,1852746.77

LIGO_500_538.xml
1665.98,1837147.23
1920.75,2000417.91
2550.57,2412825.44
1442.48,1688316.06

LIGO_500_539.xml
1823.13,1965970.51
1905.09,2015898.55
2480.83,2397335.81
1523.11,1770610.97

LIGO_500_540.xml
2315.19,2357034.81
2403.25,2407555.51
2215.58,2285742.96
1833.96,2036001.09

LIGO_500_541.xml
1831.74,1944068.99
1889.1,1984465.84
2126.27,2134525.64
1494.99,1720964.32

LIGO_500_542.xml
1919.93,2019099.09
1853.67,1976809.5
2146.86,2161710.89
1503.63,1746407.36

LIGO_500_543.xml
1897.18,1993427.98
1778.32,1911678.25
2125.08,2131832.76
1472.07,1710653.41

LIGO_500_544.xml
2211.78,2266125.31
2268.73,2299900.1
2077.26,2172027.29
1860.03,2032556.28

LIGO_500_545.xml
1828.38,1966700.64
2075.18,2127723.64
2526.25,2420351.02
1584.49,1805907.51

LIGO_500_546.xml
1945.74,2014777
1873.46,1968446.88
2092.94,2100685.97
1480.23,1704240.19

LIGO_500_547.xml
2046.04,2128271.92
2231.85,2252536.34
2114.04,2174657.39
1661.16,1879250.46

LIGO_500_548.xml
1876.18,1968876.78
1852.81,1952883.68
2072.97,2090148.53
1452.53,1688056.61

LIGO_500_549.xml
2105.47,2156129.68
2224.24,2234079.4
1704.63,1893620.64
1651.86,1861718.86

LIGO_500_550.xml
1946.3,2056413.25
2155.1,2195560.39
2099.31,2153191.74
1556.16,1803313.47

LIGO_500_551.xml
1782.88,1930599.47
1745.79,1901324.77
2204,2197742.28
1500.57,1743194.66

LIGO_500_552.xml
1915.93,2023358.57
2106.62,2147973.01
2283.52,2266084.74
1495.44,1742614.63

LIGO_500_553.xml
2178.39,2245543.81
2335.21,2351114.4
2185.25,2257254.79
1803.22,2002605.31

LIGO_500_554.xml
1939.12,2060115.11
2193.53,2223418.66
2381.43,2343537.99
1602.43,1834779.23

LIGO_500_555.xml
1943.56,2031895
2163.71,2179645.83
2395.37,2328060.2
1583.39,1797512.95

LIGO_500_556.xml
2172.54,2229124.11
2291.01,2304095.76
2280.46,2296437.12
1735.36,1937071.08

LIGO_500_557.xml
2005.28,2077379.01
2123.18,2159171.65
2439.08,2357760.76
1507.78,1750480.89

LIGO_500_558.xml
1888.41,2022464.84
2131.63,2180436.61
2474.14,2410684.29
1643.8,1861062.27

LIGO_500_559.xml
2013.11,2120329.08
2290.35,2300758.8
2414.97,2378433.11
1662.56,1888206.93

LIGO_500_560.xml
2035.91,2133686.68
2345.54,2337517.38
2085.96,2161920.84
1726.13,1930337.13

LIGO_500_561.xml
1848.87,1966312.6
2115.58,2144952.4
2154.85,2162786.52
1479.17,1723134.54

LIGO_500_562.xml
1702.01,1856518.13
1804.03,1921562.33
2140.82,2139494.06
1474.78,1708587.01

LIGO_500_563.xml
1828.14,1953038.32
2041.94,2092281.81
2183.46,2178238.37
1510.8,1742138.96

LIGO_500_564.xml
2359.23,2346861.32
2284.2,2293696.87
1777.68,1961139.8
1751.97,1943445.57

LIGO_500_565.xml
1887.84,1993719.14
1941.45,2031197.28
2331.03,2285013.42
1546.01,1771291.33

LIGO_500_566.xml
1754.66,1877413.24
1806.41,1912020.01
2264.96,2200607.89
1423.87,1658758.77

LIGO_500_567.xml
2263.98,2282401.71
2366.18,2347659.41
1723.23,1922667.28
1745.44,1935219.77

LIGO_500_568.xml
1893.89,2029831.18
2167.23,2208474.06
2623.36,2505985.82
1578.72,1824974.75

LIGO_500_569.xml
1823.74,1952109.16
1967.8,2046787.3
2192.67,2186801.68
1556.32,1777036.99

LIGO_500_570.xml
1784.92,1893065.31
1792.5,1900696.47
2186.47,2151009.21
1407.39,1643256.41

LIGO_500_571.xml
1889.94,2018693.55
2117.97,2166381.06
2468.64,2395047.27
1577.2,1812792.04

LIGO_500_572.xml
2215.1,2256765.11
2317.03,2319034.15
2124.16,2194889.65
1648.77,1887134.18

LIGO_500_573.xml
2103.49,2182085.31
2351.21,2349756.83
1761.14,1956267.18
1714.63,1922521.91

LIGO_500_574.xml
1933.32,2036926.62
2107.94,2149678.19
2204.78,2201656.47
1527.76,1768510.8

LIGO_500_575.xml
1723.29,1872875.34
1961.51,2029968.94
2117.04,2128574.08
1476.48,1710626.01

LIGO_500_576.xml
1867,1963316.42
1927.32,1998650.79
2218.01,2188503.9
1477.21,1703617.97

LIGO_500_577.xml
2015.13,2093457.74
2172.82,2195300.48
2099.78,2143871.06
1583.76,1807538.51

LIGO_500_578.xml
1964.87,2056858.79
2000.9,2078646.04
2200.05,2202426.95
1505.29,1750804.48

LIGO_500_579.xml
2034.84,2136560.77
2286.37,2308857.64
1807.01,1994383.9
1800.72,1990028.64

LIGO_500_580.xml
2058.07,2118041.27
2167.86,2188186.94
2066.56,2116937.67
1541.49,1776576.75

LIGO_500_581.xml
1962.66,2065538.53
2163.17,2194095.44
2344.48,2311081.41
1595.85,1825831.4

LIGO_500_582.xml
1846.26,1987739.74
2125.45,2171781.86
2300.77,2282517.52
1581.04,1811312.79

LIGO_500_583.xml
1971.48,2064145.53
2163.7,2187042.49
2558.06,2438991.51
1562.41,1795646.58

LIGO_500_584.xml
1794.17,1927362.51
2052.82,2096116.38
2160.78,2165325.91
1454.74,1702839.76

LIGO_500_585.xml
1970.69,2067116.6
2113.55,2166606.49
2301.94,2276598.03
1696.12,1888716.9

LIGO_500_586.xml
1978.13,2065327.52
2119.16,2155585.61
2557.02,2450881.3
1585.64,1810346.9

LIGO_500_587.xml
2009.96,2104893.73
2189.11,2222510.24
1973.37,2076122.14
1652.44,1866688.49

LIGO_500_588.xml
2065.68,2143942.36
2050.38,2130522.75
2122.53,2174544.12
1577.75,1821929.39

LIGO_500_589.xml
1860.99,1989739.66
1991.84,2075718.23
2385.49,2324940.62
1569.7,1798732.42

LIGO_500_590.xml
2004.63,2113159.26
2129.57,2197409.9
2248.03,2268952.3
1669.02,1890907.31

LIGO_500_591.xml
1819.67,1976005.67
2124.35,2182455.77
2556.05,2456854.75
1620.1,1845950.17

LIGO_500_592.xml
1918.49,2000148.14
1976.84,2039275.1
2288.05,2238160.34
1436.13,1683942.43

LIGO_500_593.xml
1748,1891775.11
1736.29,1887578.21
2433.34,2339288.9
1499.56,1732333.9

LIGO_500_594.xml
1747.37,1890082.96
2095.21,2125916.33
2209.51,2186968.09
1479.19,1713735.46

LIGO_500_595.xml
1828,1933785.45
1852.01,1945553.13
2114.19,2110533.24
1467.52,1692839.43

LIGO_500_596.xml
2140.12,2188584.21
2230.3,2244210.37
2198.1,2224383.37
1623.35,1847471.83

LIGO_500_597.xml
1833.08,1966825.76
2066.84,2115692.96
2210.5,2207868.58
1542.39,1773314.39

LIGO_500_598.xml
2009.02,2098139.39
2031.24,2111067.95
2456.1,2388631.79
1557.72,1798075.04

LIGO_500_599.xml
2022.07,2110432.59
2317.89,2313422.91
2112.37,2174207.21
1624.85,1853473.06

LIGO_500_600.xml
1962.97,2055539.44
2045.65,2107812.17
2168.03,2181337.29
1535.84,1770990.78

LIGO_500_601.xml
1776.3,1908947.32
1808.39,1930623.45
2130.64,2135622.63
1494.64,1724491.54

LIGO_500_602.xml
1897,2010318.43
1937.53,2037419.9
2129.66,2156821.24
1537.25,1774748.73

LIGO_500_603.xml
2081.78,2144024.94
2238.03,2247800.59
2027.16,2104538.95
1535.69,1783743.85

LIGO_500_604.xml
1850.65,1992741.12
2111.94,2159424.68
2201.04,2218250.47
1566.24,1803749.67

LIGO_500_605.xml
1700.58,1837990.05
1874.8,1951072.17
1971.44,2009256.5
1404.63,1640642.88

LIGO_500_606.xml
2062.14,2126655.75
2033.13,2103767.35
2273.21,2262281.24
1576.63,1808090.31

LIGO_500_607.xml
1997.27,2079750.83
2227.84,2233061.95
2098.68,2148794.76
1657.12,1859789.7

LIGO_500_608.xml
1941.92,2016777.69
1823.5,1934437.5
2259.36,2226600.34
1466.84,1702370.99

LIGO_500_609.xml
1846.53,1967054.2
2087.32,2122795.48
2254.25,2227652.72
1582.72,1791326.19

LIGO_500_610.xml
2037.48,2095639.07
2143.71,2170559.32
2154,2168308.19
1501.12,1747256.32

LIGO_500_611.xml
1987.92,2058801.76
2046.46,2095990.4
2159.92,2164364.09
1498.92,1736072.89

LIGO_500_612.xml
2067.9,2128204.3
2250.96,2243215.52
2176.51,2188286.64
1647.79,1849404.96

LIGO_500_613.xml
1855.22,1978463.89
2228.61,2222460.83
2086.05,2125777.09
1571.55,1792160.86

LIGO_500_614.xml
2227.9,2285011.83
2213.46,2270087.95
1825.29,2019939.98
1788.62,1996397.63

LIGO_500_615.xml
2021.25,2117544.68
2218.38,2245575.11
1894.25,2031408.53
1644.99,1867362.04

LIGO_500_616.xml
2081.29,2138363.99
2207.84,2223513.71
2194.71,2206818.16
1531.18,1779049.71

LIGO_500_617.xml
1902.27,2002118.12
1834.94,1956035.61
2263.35,2233444.96
1492.48,1732543.68

LIGO_500_618.xml
1885.09,2000180.45
2032.33,2101861.73
2214.83,2213156.02
1525.67,1761278.71

LIGO_500_619.xml
1765.14,1900016.54
1862.47,1967080.81
2230.35,2205986.27
1474.18,1710230.39

LIGO_500_620.xml
2142.27,2203454.62
2356.38,2343184
2258.86,2286000.09
1692.16,1910687.52

LIGO_500_621.xml
1813.89,1926361.12
1857.9,1953554.31
2166.85,2152602.9
1431.07,1674358.06

LIGO_500_622.xml
1908.01,2017973.57
2109.06,2151678.69
1917.41,2025114.53
1542.74,1777788.69

LIGO_500_623.xml
1979.95,2060893.65
2146.97,2170825.43
1946.21,2035393.84
1605.85,1817111.37

LIGO_500_624.xml
2099.25,2169217.13
2183.22,2222650.13
2405.58,2357806.18
1642.65,1868152.14

LIGO_500_625.xml
2035.23,2118995.37
2157.53,2197528.51
1989.23,2077448.24
1669.4,1876797.57

LIGO_500_626.xml
1922.56,2003915.06
1966.18,2027798.06
2207.14,2182608.49
1447.39,1686594.05

LIGO_500_627.xml
2048.06,2136027.11
2134.97,2186881.57
2342.08,2325635.28
1673.49,1886590.61

LIGO_500_628.xml
1747.38,1889129.09
1840.85,1951984.22
2354.37,2285126.47
1464.68,1703324.69

LIGO_500_629.xml
1815.15,1941863.98
1984.66,2055176.86
2350.4,2292473.33
1513.81,1744901.62

LIGO_500_630.xml
2339.96,2332280.25
2327.44,2320638.55
2073.63,2158017.07
1720.07,1919335.56

LIGO_500_631.xml
1872.77,1960444.73
1920.9,1991094.25
2420.07,2321820.59
1422.64,1663783.29

LIGO_500_632.xml
1836.49,1968340.53
2007.32,2084340.66
2266.48,2242904.78
1534.84,1767342.54

LIGO_500_633.xml
1914.68,2041715.6
2168.82,2214367.8
2369.29,2340388.74
1617.98,1850614.37

LIGO_500_634.xml
1967.31,2100304.04
2192.62,2247757.95
2455.62,2407044.95
1692.25,1913978.25

LIGO_500_635.xml
1984.46,2101990.4
2032.5,2134897.39
2248.34,2273264.79
1586.91,1839793.18

LIGO_500_636.xml
2251.61,2268841.06
2124.27,2180364.35
2206.98,2233842.84
1717.51,1916606.88

LIGO_500_637.xml
1871.28,1983866.7
1966.41,2047523.38
2259.15,2232132.75
1494.81,1740568.79

LIGO_500_638.xml
1868.88,1981351.43
1987.78,2056015.27
2341.49,2284506.91
1493.9,1733662.83

LIGO_500_639.xml
2013.32,2095049.01
2111.04,2161196.18
2211.16,2225482.92
1519.42,1774158.66

LIGO_500_640.xml
1728.78,1863803.73
1751.49,1880814.65
2096.3,2106971.69
1448.35,1682648.17

LIGO_500_641.xml
1849.76,1978280.15
2077.33,2133681.23
2223.74,2220393.65
1521.99,1766190.75

LIGO_500_642.xml
1783.52,1920539.52
1834.14,1951162.33
2100.86,2128237.25
1477.01,1720547.01

LIGO_500_643.xml
1962.72,2056430.25
2175.24,2194935.21
2162.77,2191594.76
1553.79,1788638.82

LIGO_500_644.xml
1781.41,1918448.19
1910.01,2004354.34
2089.44,2111551.11
1497.85,1731560.1

LIGO_500_645.xml
2079.9,2153015.96
2192.84,2226376.84
2127.66,2183339.46
1621.59,1857466.29

LIGO_500_646.xml
2025.27,2098040.32
2277.34,2265654.67
2562.26,2445719.26
1536.07,1775366.27

LIGO_500_647.xml
1806.77,1938699.39
1870.71,1977348.61
2651.42,2487667.87
1487.6,1728105.74

LIGO_500_648.xml
1972.32,2081504.58
2218.61,2240701.66
2270.39,2269109.05
1623.2,1852512.88

LIGO_500_649.xml
1790.1,1903767.67
1789.47,1906564.1
2202.34,2168251.3
1440.01,1674587.94

LIGO_500_650.xml
2169.32,2208064.89
2186.27,2215398.49
2575.3,2470342.62
1578.97,1816850.14

LIGO_500_651.xml
2191.29,2240397.15
2217.41,2256103.72
2448.28,2413789.01
1737.59,1940001.11

LIGO_500_652.xml
1788.16,1909179.62
1887.44,1974280.31
2151.7,2142781.92
1438.02,1679789.89

LIGO_500_653.xml
1760.99,1904147.84
1768.42,1910230.58
2114.68,2133186.29
1480.91,1719152.29

LIGO_500_654.xml
2196.72,2251513.44
2270.88,2291079.43
2059.09,2147541.28
1699.78,1920559.9

LIGO_500_655.xml
1825.5,1957103.43
1871.73,1985651.08
2094.72,2129607.83
1498.93,1739755.49

LIGO_500_656.xml
1947.26,2053993.94
2180.51,2208257.03
2405.69,2353686.41
1629,1845788.72

LIGO_500_657.xml
1926.43,2030120.87
2120.79,2160169.82
2198.15,2208868.19
1524.29,1766655.7

LIGO_500_658.xml
2132.99,2190074.57
2276.42,2278873.49
2298.71,2298584.28
1690.82,1897079.37

LIGO_500_659.xml
2105.22,2151182.01
2189.38,2206907.77
2483.16,2393072.87
1566.7,1796104.41

LIGO_500_660.xml
1833.37,1963767.91
2024.22,2090001.86
2469.7,2381914.52
1512.84,1758177.46

LIGO_500_661.xml
1767.94,1901598.24
1912.06,1996650.64
2148.72,2144213.43
1452.65,1693194.83

LIGO_500_662.xml
1955.66,2067628.52
2293.9,2290038.18
2210.4,2236914
1586.8,1826367.68

LIGO_500_663.xml
1750.34,1900603.99
1789.08,1924443.94
2204.77,2190575.84
1477.99,1719357.29

LIGO_500_664.xml
1806.17,1944773.51
2092.56,2134897.99
2383.44,2322875.9
1511.07,1751208.59

LIGO_500_665.xml
1857.39,1988447.55
2036.04,2104390.1
2212.12,2211404.87
1497.69,1750889.57

LIGO_500_666.xml
1950.68,2045506.75
2190.89,2206334.29
2121.49,2153675.44
1576.26,1799176.28

LIGO_500_667.xml
1926,2036837.72
2198.46,2223081.19
2249.53,2245550.18
1550.6,1791054.35

LIGO_500_668.xml
1808.99,1934494.96
2066.86,2105644.66
2203.46,2193031.62
1464.39,1708409.31

LIGO_500_669.xml
2174.62,2214024.9
2144.63,2193780.42
2064.88,2142915.52
1698.95,1906551.04

LIGO_500_670.xml
1936.41,2067055.15
2216.64,2252177.38
2254.78,2277450.28
1638.32,1872525.69

LIGO_500_671.xml
1959.05,2056156.85
2199.75,2217461.24
2125.68,2162882.95
1612.92,1826231.3

LIGO_500_672.xml
1901.87,1974175.85
1850.65,1932665.02
2306.26,2231818.31
1416.63,1651460.18

LIGO_500_673.xml
2102.48,2170446.51
2293.92,2293872.52
2260.32,2275059.05
1642.83,1869377.55

LIGO_500_674.xml
1815.74,1938700.92
1833.81,1953991.82
2012.2,2066603.77
1475.07,1718719.83

LIGO_500_675.xml
2009.05,2074262.4
1986.56,2058765.96
2077.52,2113933.53
1499.59,1740069.26

LIGO_500_676.xml
1858.14,1961905.83
2126.17,2142048.94
2685.39,2511361.39
1494.21,1720921.05

LIGO_500_677.xml
2213.26,2258859.78
2335.96,2338365.97
2316.39,2328085.27
1715.83,1932711.15

LIGO_500_678.xml
1860.01,1979558.04
1975.97,2055839.74
2343.93,2291850.81
1508.06,1748501.13

LIGO_500_679.xml
1775.29,1887398.02
1868.95,1949772.37
2174.55,2143731.21
1423.95,1654033.41

LIGO_500_680.xml
1834.49,1948014.18
1962.2,2031065.5
2294.72,2241792.21
1503.08,1731794.24

LIGO_500_681.xml
1741.76,1897076.03
1968.47,2050393.03
2233.72,2215385.99
1485.96,1726772.09

LIGO_500_682.xml
2111.1,2184481.44
2203.4,2247175.18
2476.17,2421091.58
1806.3,1984907.4

LIGO_500_683.xml
1710.68,1874160.77
1841.13,1957228.98
2234.27,2214363.09
1474.9,1719879.38

LIGO_500_684.xml
2006.01,2078326.28
2050.67,2107192.83
2126.49,2154249.88
1501.46,1748780.48

LIGO_500_685.xml
1861.54,1970910.8
1976.75,2050093.01
2318.19,2265353.85
1526.16,1752290.39

LIGO_500_686.xml
1919.44,2026093.36
2107.63,2150583.38
2230.24,2222379.13
1526.93,1765049

LIGO_500_687.xml
1997.37,2082451.88
2143.96,2174609.93
2275.21,2260966.12
1566.66,1797076.22

LIGO_500_688.xml
2316.74,2342337.84
2292.72,2321319.71
1840.74,2031374.32
1870.04,2051103.25

LIGO_500_689.xml
1761.71,1889682.74
1902.55,1981518.05
2427.47,2318198.18
1447.64,1681340.34

LIGO_500_690.xml
2095.67,2162781.72
2198.73,2230422.26
1964.65,2079618.57
1686.44,1891158.42

LIGO_500_691.xml
2085.49,2183643.4
2354.1,2351938.77
2123.62,2201176.77
1694.11,1922406.56

LIGO_500_692.xml
2025.65,2118682.55
2116.96,2178285.29
2218.28,2245478.94
1685.06,1890680.85

LIGO_500_693.xml
1899.95,2003380.4
2088.44,2127335.47
1997.37,2062734.64
1530.87,1755229.15

LIGO_500_694.xml
1759.76,1893893.78
1862.71,1959841.24
2662.94,2490956.08
1455.26,1693013.79

LIGO_500_695.xml
1788.91,1940226.36
1754.56,1917248.11
2239.17,2230604.52
1532.56,1771562.01

LIGO_500_696.xml
1816.73,1928653.26
1891.78,1980675.01
2058.15,2084278.5
1451.57,1687834.34

LIGO_500_697.xml
1948.43,2053894.01
2181.83,2209270.22
2120.31,2162800.06
1598.89,1829208.3

LIGO_500_698.xml
2112.92,2151664.27
2190.16,2200795.67
2235.18,2230578.69
1611.73,1824923.77

LIGO_500_699.xml
1855.25,1991440.05
1976.52,2069165.43
2263.82,2250298.86
1559.85,1795395.47

LIGO_500_700.xml
2057.43,2145277.54
2185.62,2225625.58
2391.56,2362329.92
1629.39,1862031.91

LIGO_500_701.xml
2036.41,2143548.82
2271.63,2299229.72
2290.05,2306809.68
1747.65,1951085.53

LIGO_500_702.xml
2043.05,2106019.51
1991.61,2072305.81
2139.12,2160209.43
1524.54,1764031.89

LIGO_500_703.xml
1851.01,1965052.24
2066.66,2114479.4
2251.16,2221605.05
1471.58,1716084.25

LIGO_500_704.xml
2214.11,2260659.84
2312.32,2317554.51
2199.6,2249352.36
1822.52,2002201.58

LIGO_500_705.xml
1973.84,2082886.46
2127.81,2176286.27
2369.96,2335837.29
1561.21,1809125.35

LIGO_500_706.xml
1931.48,2036727.26
2285.67,2266562.29
2236.96,2225020.73
1602.71,1815238.38

LIGO_500_707.xml
1835.97,1948071.9
1809.79,1926313
2087.14,2103802.5
1459.74,1698983.46

LIGO_500_708.xml
1784.13,1894311
1842.42,1935733.88
2202.37,2166387.46
1420.32,1655120.93

LIGO_500_709.xml
1743.21,1874502.8
1920.7,1990206.43
2021.28,2056727.83
1447.82,1678974.97

LIGO_500_710.xml
2080.49,2147784.18
2131.11,2179872.57
2292.92,2277599.09
1663.58,1871262.49

LIGO_500_711.xml
1753.81,1891717.08
1772.48,1908093.3
2267.62,2226006.68
1461.64,1701089.35

LIGO_500_712.xml
1823.75,1955526.93
1941.54,2033815.62
2285.4,2249125.06
1487.57,1730759.67

LIGO_500_713.xml
1826.55,1939081.78
1947.96,2018968.74
2191.63,2173326.45
1457.99,1693645.8

LIGO_500_714.xml
1894.44,1995929.14
1930.66,2017967.61
2216.09,2199257.23
1459.45,1708663.05

LIGO_500_715.xml
2013.81,2093812.3
2171.22,2193265.27
2223.01,2221520.99
1563.64,1795494.5

LIGO_500_716.xml
1966.17,2059929.78
2005.56,2085126.99
2156.37,2185414.46
1589.19,1810278.89

LIGO_500_717.xml
2081.01,2162159.46
2294.37,2302718.36
1842.39,2003643.87
1719.5,1926460.11

LIGO_500_718.xml
1925.58,2049667.99
2067.65,2138027.46
2357.07,2324588.76
1563.62,1808134.12

LIGO_500_719.xml
1930.96,2055537.88
2176.54,2211334.59
2303.64,2287044.94
1669.91,1880262.53

LIGO_500_720.xml
1964.56,2061313.15
2104.04,2151625.17
2217.57,2225773.62
1494.26,1752346.04

LIGO_500_721.xml
1770.89,1888530.2
1802.54,1907325.03
2033.91,2055302.39
1422.22,1659272.78

LIGO_500_722.xml
1842.54,1985758.75
2023.82,2102389.42
2380.1,2335842.59
1554.56,1795808.09

LIGO_500_723.xml
2284.29,2314850.77
2333.47,2345718.06
1984.1,2115726.72
1782.64,1984214.24

LIGO_500_724.xml
1936.48,2031230.3
1943.29,2036681.81
2188.5,2188737.73
1502.06,1748211.37

LIGO_500_725.xml
1922.4,2018601.19
1945.92,2028009.91
2260.35,2232921.44
1493.54,1738360.32

LIGO_500_726.xml
2099.07,2187775.98
2261.81,2299287.91
1967.42,2102048.18
1682.86,1914731.35

LIGO_500_727.xml
1854.56,1975966.13
1946.28,2044927.5
2186.26,2189885.98
1500.68,1745053.69

LIGO_500_728.xml
2146.48,2214940.59
2224.47,2260245.22
2317.74,2325545.45
1711.29,1917919.63

LIGO_500_729.xml
2097.79,2144077.45
2224.65,2223283.45
1718.53,1894147.19
1684.63,1872380.93

LIGO_500_730.xml
1903.74,2024823.28
2204.17,2219915.95
2299.26,2278662.94
1539.31,1783518.61

LIGO_500_731.xml
1910.52,2004562.22
1772.32,1912277.97
2143.18,2147388.42
1487.2,1725224.72

LIGO_500_732.xml
1859.68,1958148.05
1845.9,1949061.85
2379.78,2297470.28
1468.33,1699244.05

LIGO_500_733.xml
1797.13,1922404.73
1906.58,1991414.67
2075.34,2100211.37
1487.8,1717960.06

LIGO_500_734.xml
2199.82,2265434.93
2397.37,2394947.97
2142.68,2229454.51
1754.99,1969221.52

LIGO_500_735.xml
2090.54,2169667.16
2307.08,2307049.92
2219.1,2247863.26
1753.11,1948454.41

LIGO_500_736.xml
1782.51,1926448.5
1810.06,1945484.16
2312.11,2267870.45
1492.17,1737306.21

LIGO_500_737.xml
2161.59,2201073.79
2296.24,2286992.53
2448.71,2389165.26
1734.01,1916629.18

LIGO_500_738.xml
2152.58,2228801.95
2235.54,2279111.75
2113.74,2203360.91
1796.98,1992374.5

LIGO_500_739.xml
1926.06,2013234.15
2073.26,2114406.59
2421.65,2346291.36
1452.1,1702282.3

LIGO_500_740.xml
1853.14,1953206.4
1894.16,1979638.56
2075.11,2092416.3
1473.12,1701506.41

LIGO_500_741.xml
2143.81,2201078.6
2243.94,2270640.3
2022.7,2115880.61
1724.74,1923751.46

LIGO_500_742.xml
1778.36,1925992.5
1830.16,1957184.43
2192.57,2198659.71
1469.48,1721220.11

LIGO_500_743.xml
1851.56,1991056.97
2133.04,2174166.94
2189.91,2200389.15
1535.37,1782387.38

LIGO_500_744.xml
1728.27,1866985.05
1684.06,1833521.64
2106.78,2105708.57
1407.3,1653012.43

LIGO_500_745.xml
2100.22,2170280.4
2331.09,2319047.11
2161.98,2204929.16
1671.98,1887765.09

LIGO_500_746.xml
1833.72,1985424.74
2073.74,2143905.81
2017.8,2106665.92
1516.64,1778617.41

LIGO_500_747.xml
2172.34,2235683.23
2361.05,2362107.76
1797.89,1990314.76
1789.46,1983291.55

LIGO_500_748.xml
1909.9,2024703.84
2042.5,2113182.98
2108.04,2147442.9
1561.72,1794641.16

LIGO_500_749.xml
2023.02,2113947.55
2045.66,2133822.05
2234.31,2242635.03
1621.42,1847627.53

LIGO_500_750.xml
1956.69,2045086.66
1945.04,2039464.67
2372.54,2313895.51
1535.33,1768658.83

LIGO_500_751.xml
1906.2,2005281.79
2077.48,2118152.07
2044.51,2083505.46
1484.87,1728387.94

LIGO_500_752.xml
1947.25,2071346.7
2221.07,2249713.99
2298.42,2301102.28
1689.54,1905757.54

LIGO_500_753.xml
1809.99,1928735.3
1919.96,1997861.24
1974.98,2035497.16
1450.13,1689200.93

LIGO_500_754.xml
1881.28,2004099.03
2103.61,2150647.2
2221.1,2227770.29
1565.82,1796929.53

LIGO_500_755.xml
1954.76,2051590.14
2110.51,2155047.65
2823.46,2622331.42
1530.51,1768861.97

LIGO_500_756.xml
1746.3,1883888.33
1817.79,1930687.19
2143.97,2139647.81
1466.91,1701773.72

LIGO_500_757.xml
1861.45,1969148.43
1914.17,2002731.4
2367.07,2296035.26
1472.58,1714903.65

LIGO_500_758.xml
1923.67,2044425.37
2193.79,2223048.73
2371.49,2331530.88
1561.9,1805417.03

LIGO_500_759.xml
1809.6,1932878.25
1796.25,1927439.59
2046.61,2089876.79
1455.55,1702562.48

LIGO_500_760.xml
1828.06,1968867.18
2182.01,2202851.93
2119.54,2158583.23
1626.36,1840283.62

LIGO_500_761.xml
1743.81,1879080.38
1966.33,2022923.2
2073.39,2093183.38
1443.94,1678374.34

LIGO_500_762.xml
2110.42,2194073.18
2359.91,2357633.94
2586.08,2499052.66
1717.47,1933808.44

LIGO_500_763.xml
2200.76,2212896.08
2196.66,2213388.57
1706.7,1890514.51
1688.55,1876160.94

LIGO_500_764.xml
1780.92,1918664.58
1884.8,1994202.41
2093.37,2128431.44
1494.21,1732740.59

LIGO_500_765.xml
1790.7,1897593.64
1789.51,1897617.92
2199.94,2162129.35
1444.31,1669588.92

LIGO_500_766.xml
1769.61,1902206.67
1833.62,1948197.02
2563.81,2416582.37
1456.33,1696884.82

LIGO_500_767.xml
1806.62,1932656.57
1873.62,1979598.98
2292.47,2244935.1
1498.49,1729158.24

LIGO_500_768.xml
1727.05,1884156.63
1839.3,1961330.91
2128.36,2141138.23
1462.7,1712968.69

LIGO_500_769.xml
1958.45,2048468.21
2172.83,2185018.51
2460.02,2372314.27
1641.53,1840311.6

LIGO_500_770.xml
1782.65,1912286.73
1815.69,1931625.46
2177.56,2167800.28
1479.35,1711745.43

LIGO_500_771.xml
2233.61,2240731.89
2212.41,2226125.7
1693.84,1885689.02
1692.21,1882154.53

LIGO_500_772.xml
2104.19,2196999.34
2376.7,2377941.67
2059.97,2158418.79
1778.44,1978880.8

LIGO_500_773.xml
1781.25,1914150.7
1858.36,1968179.97
2273.29,2229267.19
1448.13,1696191.16

LIGO_500_774.xml
1843.91,1957934.7
1972.03,2042779.29
2322.87,2267310.2
1498.98,1728961.3

LIGO_500_775.xml
2123.98,2173624.06
2253.14,2263988.73
1811.83,1969442.31
1682.33,1885459.87

LIGO_500_776.xml
1988.47,2080211.97
2188.87,2210888.3
2335.49,2303526.18
1548.52,1793680.27

LIGO_500_777.xml
2069.19,2146519.78
2254.15,2266580.81
2527.81,2451429.08
1723.12,1916549.15

LIGO_500_778.xml
1788.86,1908375.16
1868.27,1964339.9
2296.6,2241840.95
1457.66,1688603.39

LIGO_500_779.xml
1917.99,2027189.46
2078.02,2130727.99
2307.17,2278399.66
1546.54,1778672.38

LIGO_500_780.xml
1986.57,2075017.93
2133.36,2172536.24
2136.33,2168075.77
1565.21,1799090.98

LIGO_500_781.xml
1911.95,2014563.02
2062.42,2110544.2
2244.44,2220343.44
1506.6,1745122.37

LIGO_500_782.xml
1946,2060552.6
2139.53,2188555.32
2044.83,2123904.6
1567.55,1813488.91

LIGO_500_783.xml
2042.91,2110956.17
2124.64,2162718.03
2274.24,2258975.62
1522.14,1764917.39

LIGO_500_784.xml
1918.27,2024933.18
1937.57,2036849.81
2193.05,2204566.69
1550.88,1783988.37

LIGO_500_785.xml
2146.25,2195329.26
2281.88,2285598.31
2293.44,2287073.8
1593.93,1831513.98

LIGO_500_786.xml
1775.33,1916992.33
2016.23,2076629.82
2279.57,2243877.21
1475.71,1721302

LIGO_500_787.xml
2361.9,2369179.77
2376.49,2378942.15
1845.65,2031707.84
1838.67,2028483.93

LIGO_500_788.xml
1905.66,2001126.64
1933.47,2020232.4
2409.71,2326074.51
1487.14,1724283.92

LIGO_500_789.xml
1910.41,1994294.31
2104.88,2120259.69
2084.54,2102646.67
1478.08,1709961.64

LIGO_500_790.xml
1938.37,2063016.44
2070.94,2152498.16
2163.99,2211301.67
1561.88,1815706.16

LIGO_500_791.xml
1730.64,1873571.89
1767.99,1897367.33
2199.74,2173558.69
1446.56,1686335.77

LIGO_500_792.xml
1804.27,1942633.64
2002.79,2070131.15
2482.75,2381129.56
1531.35,1759531.95

LIGO_500_793.xml
2153,2213508.78
2294.4,2305683.26
2181.95,2238332.05
1701.98,1917463.19

LIGO_500_794.xml
1924.85,2049288.62
2082.68,2153054.53
2253.26,2257093.34
1568.78,1810876.51

LIGO_500_795.xml
2061.42,2152335.93
2253.67,2277575.5
2380.31,2363626.08
1624.92,1867036.51

LIGO_500_796.xml
1794.03,1944496.13
1849.09,1974289.16
2209.29,2213316.97
1532.33,1770601.9

LIGO_500_797.xml
1916.6,2036661.59
2167.49,2198529.8
2151.73,2183899.16
1575.89,1808569.52

LIGO_500_798.xml
1834.57,1933000.84
1816.52,1920334.25
2181.93,2152582.92
1426.84,1662959.64

LIGO_500_799.xml
1860,1948618.74
1806.73,1912014.42
2152.45,2130985.4
1451.06,1677875.83

LIGO_500_800.xml
1775.43,1928359.92
1844.36,1974970.39
2568.57,2453039.61
1509.06,1755282.73

LIGO_500_801.xml
2166.99,2221563.32
2368.48,2352557.71
1965.41,2093111.6
1741.67,1942250.71

LIGO_500_802.xml
1767.77,1896029.4
2013.74,2060378.38
2032.22,2062917.79
1439.58,1681238.72

LIGO_500_803.xml
2048.47,2106267.58
2203.34,2212556.55
2116.37,2153613.47
1539.69,1773175.67

LIGO_500_804.xml
2307.12,2318968.73
2253.22,2278494.12
1776.16,1967326.62
1831.94,2007643.68

LIGO_500_805.xml
1947.57,2065709.13
2059.48,2136329.07
2286.71,2275612.75
1612.7,1842008.3

LIGO_500_806.xml
1701.95,1844698.26
1799.72,1911214.58
2168.31,2145348.05
1415.81,1656340.38

LIGO_500_807.xml
2086.45,2147864.13
2290.63,2281740.06
2124.38,2166065.39
1669.56,1875466.74

LIGO_500_808.xml
1888.18,2015675
2202.25,2213001.29
2547.53,2441207.74
1558.27,1799918.91

LIGO_500_809.xml
2308.06,2316035.87
2336.46,2326741.64
2081.71,2155657.54
1774,1960432.37

LIGO_500_810.xml
2200.43,2212457.48
2150.02,2180193.36
2211.49,2213337.21
1643.3,1846456.31

LIGO_500_811.xml
1825.17,1939800.54
1839.79,1940426.15
2037.16,2065423.93
1477.7,1706743.67

LIGO_500_812.xml
1881.68,1971478.05
1777.79,1899572.54
2330.4,2259931.93
1436.48,1678529.88

LIGO_500_813.xml
1733.09,1868304.22
1759.83,1887433.1
2216.15,2181063.26
1448.96,1678536.37

LIGO_500_814.xml
2054.79,2158786.54
2171.16,2233610.6
2286.12,2305864.72
1716.4,1937102.9

LIGO_500_815.xml
2291.82,2323989.63
2296.4,2321373.69
2010.08,2132595.75
1634.15,1885002.87

LIGO_500_816.xml
1936.87,2041379.89
2104.07,2151146.38
2269.1,2256023.11
1528.87,1772899.74

LIGO_500_817.xml
2016.45,2118343.22
2106.64,2174988.72
2271.3,2282845.7
1597.12,1841277.24

LIGO_500_818.xml
1836.98,1937918.65
1882.53,1967881.17
2104.35,2112235.94
1442.92,1675841.17

LIGO_500_819.xml
2091.46,2153909.27
2224.36,2243096.74
2299.67,2299444.19
1665.03,1875694.88

LIGO_500_820.xml
1849.3,1963521.59
1835.28,1949331.53
1893.8,1989163.99
1486.5,1720507.39

LIGO_500_821.xml
1896.43,1999507.97
1949.43,2039619.07
2188.32,2187446.5
1520.12,1757031.1

LIGO_500_822.xml
1755.88,1895976.15
1783.29,1911081.6
2081.21,2102483.42
1476.43,1710504.28

LIGO_500_823.xml
1912.33,2010627.13
1999.57,2066467.48
2326.11,2278097.81
1518.07,1751811.7

LIGO_500_824.xml
2025.98,2100985.95
2128.82,2170219.44
2078.9,2132929.99
1536.99,1782262.49

LIGO_500_825.xml
1875.28,1989995.05
1977.27,2057220.81
2296.89,2265533.27
1534.8,1765346.41

LIGO_500_826.xml
1997.28,2108451.61
2229.39,2259659.89
2150.35,2209107.23
1730.48,1930029.62

LIGO_500_827.xml
1824.85,1943601.23
2035.95,2078098.07
2265.45,2228108.68
1487.05,1720489.16

LIGO_500_828.xml
1898.13,2010699.6
1983.8,2066727.84
2394.68,2329009.05
1538.49,1772110.88

LIGO_500_829.xml
1967.26,2072350.4
1804.63,1960817.55
1948.96,2054984.95
1523.68,1776440.13

LIGO_500_830.xml
1789.71,1939285.07
2016.51,2086841.66
2400.91,2333638.48
1491.57,1741685.44

LIGO_500_831.xml
2012.34,2116496.43
2108.28,2180583.49
2278.26,2287729.3
1592.5,1840142.47

LIGO_500_832.xml
1890.31,1994693.71
1759.3,1908420.51
2285.52,2241300.08
1504.28,1740559.42

LIGO_500_833.xml
1853.73,1967704.43
1835.41,1956446.28
2123.92,2137603.32
1486.53,1726821.16

LIGO_500_834.xml
2121.06,2177644.69
2285.23,2287965.25
1781.83,1956200.71
1782.95,1957868.68

LIGO_500_835.xml
2253.67,2278762.64
2294.86,2302344.5
2068.2,2158669.6
1742.09,1939638.33

LIGO_500_836.xml
2110.77,2167401.74
2272.27,2272374.4
1895.21,2024942.24
1598.56,1831134.88

LIGO_500_837.xml
1744.6,1888966.81
1903.51,1993304.3
2380.41,2300944.47
1485.36,1718823.03

LIGO_500_838.xml
1942.56,2049114.02
2125.8,2171890.38
2075.85,2141128.08
1715.85,1903574.33

LIGO_500_839.xml
1775.52,1877582.11
1833.52,1916714.95
1970.04,1996953.49
1404.82,1632316.22

LIGO_500_840.xml
2082.39,2171340.51
2302.37,2319842.18
2045.26,2149947.87
1707.2,1926927.46

LIGO_500_841.xml
2201.31,2244876.3
2324.56,2327795.58
2340.31,2335624.05
1685.44,1907359.17

LIGO_500_842.xml
1846.6,1947705.63
1795.83,1913550.66
2277.09,2222755.61
1470.67,1699554.66

LIGO_500_843.xml
1821.96,1936353.09
2104.87,2121118.41
2167.32,2154096.13
1455.62,1697803.07

LIGO_500_844.xml
1819.74,1959206.8
1750.25,1913863.37
2223.45,2217550.35
1493.32,1743199.05

LIGO_500_845.xml
1808.74,1955742.82
2039.62,2111440.8
2063.44,2122775.74
1552.82,1787336.05

LIGO_500_846.xml
2058.87,2114032.83
2116.55,2151195.23
2235.95,2223316.58
1519.62,1755792.67

LIGO_500_847.xml
1919.26,2029199.43
1951.5,2050610.84
2227.68,2222397.4
1503.06,1753915.79

LIGO_500_848.xml
2263.35,2292859.23
2323.81,2325297.72
1793.29,1979310.17
1773.6,1965527.82

LIGO_500_849.xml
1987.91,2075301.06
2045.37,2110647.78
2231.35,2228531.49
1527.7,1769094.71

LIGO_500_850.xml
2220.39,2258002.57
2344,2335033.83
2367.17,2351025.64
1684.93,1906898.92

LIGO_500_851.xml
1951.71,2032227.27
2177.55,2180576.25
2116.44,2130395.18
1477.76,1718693.29

LIGO_500_852.xml
1852.66,1959475.58
1939.07,2017150.18
2326.38,2267849.57
1495.48,1725514.55

LIGO_500_853.xml
1830.06,1944508.3
1845.97,1956207.05
2459.11,2347362.79
1465.72,1702288.36

LIGO_500_854.xml
1918.45,2001725
1826.43,1942312.55
2298.55,2242299.51
1444.29,1685867.91

LIGO_500_855.xml
2208.89,2278908.16
2336.17,2361205.83
1974.41,2126859.41
1792.74,2001490.41

LIGO_500_856.xml
2211.67,2234858.59
2229.08,2244426.7
2284.33,2277538.11
1683.3,1879549.06

LIGO_500_857.xml
2116.88,2220530.49
2349.16,2371059.23
2432.41,2432863.94
1765.39,1993386.68

LIGO_500_858.xml
2284.88,2318421.61
2312.99,2332050.68
2490.91,2445542.4
1798.87,1995171.11

LIGO_500_859.xml
1818.14,1951764.57
1818.04,1950868.35
2263.1,2236556.69
1507.08,1747201.27

LIGO_500_860.xml
1848.67,1990428.64
2153.88,2188390.49
2185.05,2205295.21
1568.73,1803195.33

LIGO_500_861.xml
1864.08,1952594.59
1867.72,1954671.25
2171.2,2149628.99
1427.82,1664235.78

LIGO_500_862.xml
2197.82,2256988.28
2336.77,2345427.45
2016.18,2132757.29
1766.79,1967731.86

LIGO_500_863.xml
1764.38,1925703.14
2061.64,2120688.7
2123.06,2154490.36
1541.73,1779004.36

LIGO_500_864.xml
1927.92,2053857.81
2174.97,2213059.16
2407.13,2372758.89
1562.64,1813984.34

LIGO_500_865.xml
1937.75,2044055.67
1930.19,2038817.33
2489.34,2406985
1528.71,1774101.2

LIGO_500_866.xml
1857.66,2004526.25
2158.1,2206979.54
2342.67,2315509.72
1575.15,1820111.24

LIGO_500_867.xml
1980.18,2073179.72
2116.94,2164857.93
1777.34,1935770.11
1565.81,1798483

LIGO_500_868.xml
2050.41,2134242.73
2243.51,2257127.88
2540.78,2452456.26
1763.9,1947877.12

LIGO_500_869.xml
1900.18,2010295.68
1886.36,2000556.03
2253.92,2237233.52
1518.33,1758226.46

LIGO_500_870.xml
2188.14,2247262.34
2291.86,2313026.85
2224.35,2265975.13
1775.5,1978250.37

LIGO_500_871.xml
1845.89,1946617.14
2057.58,2090161.85
2104.04,2114336.67
1479.96,1707670.16

LIGO_500_872.xml
1675.08,1821442.58
1858.55,1944453.75
2021.04,2046255.75
1429.57,1659841.3

LIGO_500_873.xml
1881.38,2015544.16
2111.35,2169224.57
2186.52,2212495.13
1540.45,1791067.67

LIGO_500_874.xml
1989.51,2077651.21
2193.59,2212441.21
2142.4,2174151.16
1557.69,1793300.45

LIGO_500_875.xml
2027.61,2119127.72
2160.62,2209110.43
2237.4,2257777.21
1681.61,1894255.09

LIGO_500_876.xml
1882.09,2003850.59
1926.29,2030142.08
2428,2358105.47
1491.29,1744561.97

LIGO_500_877.xml
1902.05,2036896.1
2242.99,2266238.91
2295.19,2285349.8
1557.32,1808528.68

LIGO_500_878.xml
2143.34,2207494.66
2329.77,2332954.64
2169.45,2226763.38
1649.48,1881840.92

LIGO_500_879.xml
2195.2,2229286.94
2156.89,2200488.68
2164.2,2214117.01
1730.84,1922584.25

LIGO_500_880.xml
2252.01,2299639.69
2363.54,2371246.04
1926.81,2084966.07
1797.6,1996942.27

LIGO_500_881.xml
1800.98,1945012.99
2115.02,2153547.64
2191.28,2195986.23
1499.45,1743689.16

LIGO_500_882.xml
2009.7,2079870.01
2159.79,2173403.39
2132.31,2156055.15
1494.6,1739851.43

LIGO_500_883.xml
1917.11,1995545.62
1908.71,1986461.66
2075.38,2097749.42
1449.92,1685996.63

LIGO_500_884.xml
1739.98,1888265.85
1746.42,1891238.61
2112.83,2123129.13
1463.72,1704025.1

LIGO_500_885.xml
1839.34,1985894.01
1777.42,1937276.79
2316.52,2295142.87
1568.91,1805702.35

LIGO_500_886.xml
2220.99,2238475.72
2278.88,2267968.43
1806.03,1961012.31
1695.99,1884845.73

LIGO_500_887.xml
1840.94,1959604.22
1985.02,2052831.35
2394.39,2314461.06
1501.39,1734231.9

LIGO_500_888.xml
1854.12,1965897.86
1900.56,1996291.56
2235.48,2209971.99
1496.49,1732180.97

LIGO_500_889.xml
2088.67,2142117.44
2241.84,2241186.84
2142.34,2172927.8
1573.62,1799809.69

LIGO_500_890.xml
2157.44,2195011.89
2280.08,2269940.19
1862.81,2001263.81
1702.12,1895180.32

LIGO_500_891.xml
2053.1,2143619.31
2235.73,2264640.46
2400.59,2370007.01
1744.35,1942374.53

LIGO_500_892.xml
1901.13,1977076.81
1806.94,1917463.69
2078.98,2091279.14
1431.45,1670210.43

LIGO_500_893.xml
1870.17,1985238.9
1920.66,2022616.42
2177.44,2178820.83
1508.16,1748357.24

LIGO_500_894.xml
1698.13,1837644.5
1846.63,1939498.49
2260.15,2203966.78
1450.19,1674459.92

LIGO_500_895.xml
1915.85,2019229.03
1966.58,2054377
2244.99,2233812.91
1497.98,1744699.89

LIGO_500_896.xml
1838.87,1951106.27
1974.16,2039850.7
2098.13,2123555.58
1516.29,1741000.43

LIGO_500_897.xml
1946.59,2049012.45
1830.57,1976891.37
2239.39,2229452.67
1545.75,1785252.35

LIGO_500_898.xml
1838.49,1976288.48
1991.32,2077024.85
2230.39,2229444.81
1517.26,1763946.4

LIGO_500_899.xml
1848.37,1966580.6
1878.97,1987051.39
2359.53,2293297.74
1493.24,1730129.72

LIGO_500_900.xml
1942.11,2053658.98
2087.72,2144623
2224.83,2235849.46
1574.76,1810950.47

LIGO_500_901.xml
1710.94,1885967.86
1957.89,2050644.64
2129.58,2154541.24
1504.54,1749191.32

LIGO_500_902.xml
1892.6,2000701.78
2117.5,2150792.34
2204.02,2201984.61
1507.08,1747696.98

LIGO_500_903.xml
1886.39,2001839.7
1987.09,2073207.08
2443.87,2368840.65
1496.42,1744152.24

LIGO_500_904.xml
1844.66,1950870.52
2033.37,2071210.35
2097.97,2108633.14
1445.41,1684608.25

LIGO_500_905.xml
1785.89,1935729.91
2064.49,2115419.65
2356.4,2305119.39
1517.67,1757328.38

LIGO_500_906.xml
1713.86,1877697.91
1912.98,2011359.65
2119.91,2140654.4
1481.84,1729770.84

LIGO_500_907.xml
1968.71,2056500.76
2101.91,2141650.35
2303.53,2268410.02
1512.53,1753355.54

LIGO_500_908.xml
2005.02,2078910.79
2235.31,2228637.63
1688.58,1867900.56
1610.68,1815479.39

LIGO_500_909.xml
1927.47,2038418.48
2076.37,2139422.62
2222.96,2231184.42
1578.24,1811119.37

LIGO_500_910.xml
1953.91,2057093.35
1951.23,2053130.8
2731.69,2555109.59
1530.12,1775861.42

LIGO_500_911.xml
1943.18,2048003.48
2206.97,2228349.01
2113.05,2161081.52
1587.56,1819326.13

LIGO_500_912.xml
2361.43,2363406.27
2400.8,2386958.28
2165.2,2228263.59
1781.7,1974516.62

LIGO_500_913.xml
1958.23,2062979.76
2227.93,2248970.9
2352.67,2315495.93
1756.46,1933071.52

LIGO_500_914.xml
2301.54,2318659.41
2242.5,2274382.33
2153.72,2223531.82
1782.29,1976488.35

LIGO_500_915.xml
1660.73,1814545.35
1824.22,1923035.75
2114.13,2106234.89
1419.57,1655859.21

LIGO_500_916.xml
1980.19,2068596.56
2182.12,2200596.92
2263.63,2251989.28
1635.2,1840581.75

LIGO_500_917.xml
1900.58,1995849.62
1963.75,2037542.69
2212.92,2193795.38
1478.51,1716143.08

LIGO_500_918.xml
2127.54,2198554.68
2317.06,2320794.84
2168.26,2224666.55
1643.54,1880192.48

LIGO_500_919.xml
1854.86,1993007.33
2125.39,2171471.76
2265.89,2259429.1
1530.34,1778612.96

LIGO_500_920.xml
1888.39,1985131.36
1817.61,1933531.07
2181.94,2167903.22
1452.7,1697380.62

LIGO_500_921.xml
1815.48,1947630.42
1700.93,1868034.56
2362.6,2300680.6
1482.6,1727887.87

LIGO_500_922.xml
1999.91,2118285.67
2333.42,2342061.69
2307.64,2317739.98
1769.1,1965462.07

LIGO_500_923.xml
1944,2058727.35
2040.37,2121490.36
2267.79,2266296.94
1530.78,1783952.67

LIGO_500_924.xml
1741.04,1888338.98
1718.69,1874898.19
2410.37,2323765.49
1482,1715563.08

LIGO_500_925.xml
1851.55,1968216.03
1784.72,1916533.76
2367.95,2303344.21
1521.19,1747901.19

LIGO_500_926.xml
1899.25,2012212.87
1816.74,1955642.83
2443.12,2366808.97
1506.55,1751850.16

LIGO_500_927.xml
1914.18,2026315.25
2056.62,2122612.27
2355.8,2317478.2
1549.56,1785141

LIGO_500_928.xml
2301.23,2303434.67
2214.94,2240370.74
1725.95,1918684.89
1690.49,1896251.89

LIGO_500_929.xml
1705.26,1876254.83
2137.87,2158896.68
2153.9,2165940.99
1542.9,1771673.32

LIGO_500_930.xml
1854.39,1966966.78
1927.42,2015429.87
2245.41,2227482.2
1505.65,1739369.61

LIGO_500_931.xml
2134.1,2190612.57
2174.59,2216972.13
2091.14,2165622.56
1700.77,1906808.86

LIGO_500_932.xml
1910.26,2034813.64
2009.26,2098098.28
2227.69,2239894.45
1620.76,1844500.67

LIGO_500_933.xml
1784.7,1886151.94
1765.94,1875408.95
2033.31,2044890.38
1409.27,1637648.01

LIGO_500_934.xml
2071.95,2119221.87
2159.73,2184868.39
2480.06,2386474.26
1627.89,1831989.84

LIGO_500_935.xml
2259.79,2278999.89
2258.17,2281472.49
2131.4,2199050.57
1801.42,1975261.1

LIGO_500_936.xml
2032.47,2124202.21
2282.48,2290801.39
1778.56,1961930.73
1727.9,1926278.55

LIGO_500_937.xml
1976.45,2066797.19
2187.6,2206304.43
2250.54,2242639.02
1581.25,1809355.83

LIGO_500_938.xml
1772.99,1902059.11
1931.96,2009100.67
2665.26,2493397.27
1490.48,1718235.89

LIGO_500_939.xml
2134.47,2199158.45
2350.01,2337829.74
2143.97,2200016.2
1748.61,1944843.67

LIGO_500_940.xml
1697.15,1827910.49
1684.11,1817172.18
2019.26,2034081.65
1411.4,1636968.63

LIGO_500_941.xml
2038.55,2112477.51
2212.34,2222000.9
2042.31,2114213.41
1583.1,1812463.12

LIGO_500_942.xml
1797.2,1937412.1
2099.79,2139739.08
2184.93,2186561.15
1531.89,1761975.14

LIGO_500_943.xml
1851.8,1996397.08
2098.88,2160963.17
2235.51,2247773.05
1594.03,1822759.28

LIGO_500_944.xml
1749.99,1870623.08
1812.73,1911174.62
2277.37,2217677.93
1450.48,1674789.71

LIGO_500_945.xml
2001.05,2089180.17
2023.74,2104693.52
2243.4,2250312.01
1590.42,1820629.2

LIGO_500_946.xml
1856.64,1965832.4
2092.69,2121879.41
2057.79,2098840.35
1485.74,1722595.22

LIGO_500_947.xml
2127.4,2202896.36
2210.18,2258883.21
2255.08,2284642.96
1829.25,2010497.14

LIGO_500_948.xml
1945.79,2052649.16
2168.79,2205588
2618.73,2498136.48
1607.12,1836572.84

LIGO_500_949.xml
2157.06,2222890.32
2294.83,2315491.94
1812.1,1997408.38
1793.64,1984380.98

LIGO_500_950.xml
1930.47,2052317.68
2025.83,2114771.87
2456.6,2397429.51
1600.12,1838251.99

LIGO_500_951.xml
1782.97,1914213
1973.75,2037605.78
2151.75,2150210.18
1452.52,1695732.6

LIGO_500_952.xml
1832.42,1951691.83
1988.47,2061762.61
2206.17,2194826.49
1468.57,1715623.47

LIGO_500_953.xml
2211.92,2257580.85
2277.26,2293529.31
2290.49,2310090.16
1809.41,1991114.64

LIGO_500_954.xml
1864.29,1975002.22
2040.28,2088663.75
2654.29,2489432.69
1486.54,1723934.05

LIGO_500_955.xml
2344.73,2335169.5
2321.84,2320604.82
1891.94,2037636.61
1723.95,1926684.93

LIGO_500_956.xml
1968.99,2080811.71
2241.4,2258816.98
2277.99,2280128.24
1750.38,1938123.75

LIGO_500_957.xml
1901.53,1989574.22
1873.9,1972776.03
2281.14,2234881.76
1470.43,1704347.28

LIGO_500_958.xml
1827.14,1976621.21
1919.05,2040086.94
2245.43,2252836.82
1529.18,1784419.86

LIGO_500_959.xml
2145.71,2224176.65
2306.12,2327517.93
2653.66,2555032.1
1685.87,1920191.68

LIGO_500_960.xml
1925.46,2040997.86
2153.5,2189503.34
2217.63,2224113.65
1528.68,1778924.8

LIGO_500_961.xml
1792.3,1926318.91
1925.35,2019186.64
2203.11,2187872.16
1492.77,1731300.97

LIGO_500_962.xml
2078.51,2138085.57
2245.79,2245404.95
1770.08,1936348.03
1616.89,1834277.68

LIGO_500_963.xml
1937.44,2028493.2
1939.76,2032473.75
2277.33,2241132.37
1518,1750742.25

LIGO_500_964.xml
2035.95,2133426.62
2170.22,2218962.01
2112.93,2185203.8
1602.01,1848101.97

LIGO_500_965.xml
2136.57,2197721.38
2224.23,2262225.05
2250.41,2268153.15
1717.85,1923420.12

LIGO_500_966.xml
2107.5,2179679.55
2245.5,2272045.6
1774.05,1963743.54
1728.55,1931689.66

LIGO_500_967.xml
2398.83,2400366.9
2363.69,2377786.37
1957.8,2111820.4
1808.13,2011665.74

LIGO_500_968.xml
1743,1881099.87
1858.82,1956312.11
2140.67,2134245.98
1448.42,1685441.13

LIGO_500_969.xml
1907.06,2022828.57
2120.51,2159128.9
2406.7,2347073.27
1527.08,1771930.32

LIGO_500_970.xml
1830.84,1985028.45
2163.79,2206106.31
2159.53,2195994.82
1615.17,1844522.32

LIGO_500_971.xml
1836.95,1973462.49
2148.18,2178868.73
2241.42,2232946.44
1529.67,1767511.28

LIGO_500_972.xml
1959.19,2044352.15
2129.49,2157970.97
2439.35,2362648.36
1502.33,1743212.65

LIGO_500_973.xml
1821.8,1955381.37
1987.3,2065432.87
2186.58,2191113.21
1549.86,1773289.33

LIGO_500_974.xml
2192.15,2269377.03
2378.35,2389032.02
2259.54,2309937.36
1907.04,2080416.93

LIGO_500_975.xml
2246.52,2272969.45
2238.36,2261077.35
2035.88,2137312.06
1674.22,1896717.74

LIGO_500_976.xml
1939.92,2028612.86
1775.06,1920722.16
2403.16,2334557.65
1489.65,1732851.56

LIGO_500_977.xml
1949.3,2034525.6
2126.79,2152709.15
2309.77,2266276.6
1606.46,1809791.4

LIGO_500_978.xml
1890.49,2004419.1
1920.85,2029137.72
2047.01,2105869.64
1559.54,1788607.86

LIGO_500_979.xml
1840.41,1953399.78
1701.78,1859879.68
2395.54,2317306.6
1460.42,1704414.54

LIGO_500_980.xml
2150.31,2179903.35
2169,2188459.85
2297.24,2272114.26
1517.8,1763605.8

LIGO_500_981.xml
1960.32,2080917.56
2273.5,2286751.29
2300.76,2296143.84
1654.16,1880658.62

LIGO_500_982.xml
1869.56,1999676.28
1989.13,2072880.55
2225.08,2226652.35
1535.79,1777150.85

LIGO_500_983.xml
2171.39,2205687.5
2297.21,2286548.67
2024.4,2110786.48
1669.46,1871927.97

LIGO_500_984.xml
1956.85,2048338.23
2239.17,2230815.8
2193.95,2197999.16
1582.1,1798086.04

LIGO_500_985.xml
1848.59,1981051.53
1924.64,2030817.33
2374.23,2325535.52
1498.49,1750066.03

LIGO_500_986.xml
2198.03,2245997.65
2263.72,2283336.65
2107.48,2186204.22
1655.21,1885139.83

LIGO_500_987.xml
1915.13,2000906.49
2054.2,2091915.55
2343.27,2278059.26
1481.47,1713681.92

LIGO_500_988.xml
2072.32,2140408.47
2273.49,2273322.36
2213.63,2239140.04
1643.64,1857632.58

LIGO_500_989.xml
2078.37,2137321.36
2247.04,2248464.16
1738.72,1914186.16
1660.38,1860531.09

LIGO_500_990.xml
1886.35,1983017.82
1956.03,2028706.32
2472.15,2364321.42
1489.09,1720867.8

LIGO_500_991.xml
1873.49,1979741.17
2083.22,2122816.86
2135.69,2145254.05
1480.19,1721183.63

LIGO_500_992.xml
1888.56,1999478.57
1969.52,2047043.72
2145.39,2160692.48
1504.17,1744318.66

LIGO_500_993.xml
1755.52,1862888.24
1862.23,1928952.08
2232.54,2171483.27
1390.35,1620718

LIGO_500_994.xml
1879.54,1990827.15
1877.91,1988640.22
2359.33,2306975.99
1500.54,1742012.98

LIGO_500_995.xml
1909.08,2034696.77
2139.19,2191702.47
2357.88,2326676.43
1586.22,1822772.02

LIGO_500_996.xml
1822.82,1973050.86
1834.34,1984372.43
2189.95,2219289.37
1555.93,1800712.41

LIGO_500_997.xml
2067,2169133.46
2165.32,2231197.22
2487.51,2434098.06
1572.85,1841402.73

LIGO_500_998.xml
1843.31,1966707.84
1889.64,2001370.48
2265.81,2240240.38
1506.03,1746056.46

LIGO_500_999.xml
1850.8,1954645.65
1812.54,1932479.98
2454.75,2351212.75
1477.37,1711799.93

LIGO_500_1000.xml
2013.29,2116819.78
2180.96,2226493.97
2330.61,2319589.51
1592.96,1840586.09

