LIGO_1000_1.xml
3047.93,3445392.86
2992.58,3408786.85
3680.69,3863903.24
2688.69,3208468.48

LIGO_1000_2.xml
3254.79,3718373.73
3365,3798532.79
3883.83,4131381.86
2987.21,3541034.74

LIGO_1000_3.xml
3267.19,3743764.34
3369.44,3813266.84
3319.07,3779905.78
3027.56,3586053.46

LIGO_1000_4.xml
3232.43,3668005.19
3461.23,3816224.82
3870.28,4091073.24
2929.68,3467415.59

LIGO_1000_5.xml
3259.03,3676303.86
3332.36,3719296.53
3548.7,3867162.18
2850.67,3408044.98

LIGO_1000_6.xml
3391.33,3851081.01
3537.33,3949310.21
3375.29,3843894.59
3156.88,3694680.53

LIGO_1000_7.xml
3087.69,3513824.97
3143.04,3549373.51
3330.41,3677975.76
2777.86,3309538.87

LIGO_1000_8.xml
3054.28,3484693.62
3160.64,3555003.47
3511.27,3784881.32
2744.4,3278750.8

LIGO_1000_9.xml
3054.95,3544327.15
3357.22,3747852.38
3887.82,4087024.44
2858.2,3419120.32

LIGO_1000_10.xml
3129.48,3547295.17
3132.85,3558344.47
3392.92,3726722.86
2786.24,3325014.58

LIGO_1000_11.xml
3158.3,3568281.68
3197.04,3600430.24
3770.17,3981522.56
2808.31,3343811.48

LIGO_1000_12.xml
3279.1,3677391.35
3240.45,3650452.76
3616.16,3895182.94
2807.75,3362615.01

LIGO_1000_13.xml
2931.69,3382176.72
3121.85,3509882.8
3680.03,3874054.1
2715.52,3236937.58

LIGO_1000_14.xml
3307.76,3765916.88
3497.69,3896146.62
3484.28,3881584.78
3015.57,3574213.3

LIGO_1000_15.xml
3352.96,3793575.21
3312.75,3770961.93
3762.77,4064646.57
3001.85,3565087.07

LIGO_1000_16.xml
3281.58,3668683.96
3157.14,3590959.43
3589.32,3870423.97
2793.09,3348186.48

LIGO_1000_17.xml
3671,4026449.82
3566.15,3956775.96
3748.22,4084279.16
3214.43,3726724.97

LIGO_1000_18.xml
3445.31,3868952.48
3551.25,3940427.86
3968.22,4209989.23
3135.44,3665740.14

LIGO_1000_19.xml
3204.49,3622319.89
3774.3,4006193.22
3790.7,4011088.64
2837.23,3380224.68

LIGO_1000_20.xml
3032.88,3463091.75
3140.65,3536872.59
3509.03,3776015.13
2745.47,3277501.33

LIGO_1000_21.xml
3533.69,3942780.23
3586.03,3977332.62
3650.39,4019161.86
3072.58,3635265.37

LIGO_1000_22.xml
3336.95,3769462.92
3346.58,3777374.43
3618.05,3952951.13
2921.38,3491867.1

LIGO_1000_23.xml
3168.14,3633068.57
3264.8,3698315.34
3268.12,3700339.92
2910.12,3463970.08

LIGO_1000_24.xml
3141.54,3550962.33
3209.02,3595013.77
3646.9,3880837.79
2762.08,3303894.06

LIGO_1000_25.xml
3660.63,4010045.14
3517.05,3914830.32
3098.21,3642719.59
3139.56,3662613.47

LIGO_1000_26.xml
3196.86,3610867.59
3115.73,3555508.17
3496.16,3803301.42
2808.79,3353586.65

LIGO_1000_27.xml
3116.01,3538742.47
3168.15,3569781.79
3363.29,3702093.96
2785.19,3318763.52

LIGO_1000_28.xml
2950.93,3396150.06
3316.72,3642063.69
3421.7,3704121.95
2720.91,3241946.44

LIGO_1000_29.xml
2917.63,3388703.71
3123.92,3525988.58
3479.47,3765933.56
2746.28,3275424.57

LIGO_1000_30.xml
3500.99,3891679.25
3315.71,3777127.41
3423.88,3846687.61
3017.04,3576631.77

LIGO_1000_31.xml
3176.87,3671707.57
3319.98,3769857.7
3551.64,3923969.08
2984.89,3548294.2

LIGO_1000_32.xml
3039.46,3523916.22
3218.65,3639663.67
3524.78,3839602.42
2834.86,3389368.01

LIGO_1000_33.xml
3101.6,3509862.03
3188.09,3567175.56
3659.22,3878265.19
2762.23,3290763.03

LIGO_1000_34.xml
3329.82,3750776.98
3275.55,3716268.57
3639.21,3948301.64
2915.33,3476962.13

LIGO_1000_35.xml
3138.25,3574987.29
3286.83,3674564.64
3621.58,3895598.09
2799.56,3355056.9

LIGO_1000_36.xml
3163.61,3588972.71
3127.9,3562252.29
3290.5,3674715.93
2786.71,3340733.09

LIGO_1000_37.xml
3308.48,3736798.84
3316.41,3746014.18
3564.9,3907385.17
2903.3,3468146.84

LIGO_1000_38.xml
3436.97,3885971.01
3673.6,4047173.64
3820.24,4142853.19
3201.13,3734322.16

LIGO_1000_39.xml
3157.96,3582081
3190.75,3603143.34
3458.26,3776641.07
2876.81,3395491.94

LIGO_1000_40.xml
3123.58,3573982.2
3424.38,3772480.37
3566.54,3867256.28
2820.25,3371462.57

LIGO_1000_41.xml
3244.88,3701178.06
3501.55,3875695.6
3914.09,4155561.3
2929.54,3493424.88

LIGO_1000_42.xml
3144.27,3631819.58
3324.18,3758134.61
3405.82,3808543.1
2929.06,3490980.86

LIGO_1000_43.xml
3168.51,3616906.05
3817.55,4057935.64
3354.93,3745546.03
2875.53,3428829.45

LIGO_1000_44.xml
3291.84,3706280.41
3269.63,3692705.46
3321.86,3722754.1
2841.87,3406728

LIGO_1000_45.xml
3153.92,3558623.57
3141.9,3553981.75
3506.1,3788378.83
2758.23,3297868.2

LIGO_1000_46.xml
3713.31,4068491.14
3644.28,4025617.43
3611.49,3998160.75
3179.73,3717989.21

LIGO_1000_47.xml
3088.46,3548207.47
3193.79,3625235.72
3395.25,3755578.65
2820.55,3373161.26

LIGO_1000_48.xml
3280.36,3721262.89
3292.4,3728161.64
3785.47,4057285.1
2972.58,3519512.16

LIGO_1000_49.xml
3596.75,3983314.12
3497.69,3927373.26
3659.46,4029923.28
3081.35,3644745.84

LIGO_1000_50.xml
3180.6,3597748.97
3187.3,3601459.66
3733.7,3965579.48
2801.17,3347164.71

LIGO_1000_51.xml
3162.04,3599591.22
3228.17,3646339.04
3492.31,3815400.36
2843.11,3387763.13

LIGO_1000_52.xml
3013.33,3451924.35
3153.28,3548111.71
3435.91,3735278.84
2740.52,3272853.6

LIGO_1000_53.xml
3457.11,3839271.84
3493.23,3867790.92
3484.92,3859584.23
2959.05,3509802.06

LIGO_1000_54.xml
3316.27,3721997.69
3449.09,3811144.48
3945.25,4137561.52
2903.83,3453614.95

LIGO_1000_55.xml
3270.63,3720191.8
3432.22,3830629.2
3648.97,3973004.99
3000.82,3546365.18

LIGO_1000_56.xml
3753.84,4081584.52
3825.24,4124533.59
3310.79,3782503.96
3103.4,3643192.62

LIGO_1000_57.xml
3337.25,3715518.73
3585.85,3879431.22
3321.96,3706434.38
2834.27,3380436.27

LIGO_1000_58.xml
3308.52,3774073.4
3480.15,3892249.38
3602.57,3970677.94
3029.32,3591370.12

LIGO_1000_59.xml
3175.19,3634900.35
3258.71,3696580.93
3748.92,4014291.46
2906.53,3457350.76

LIGO_1000_60.xml
3258.71,3686488.13
3243.27,3678314.74
3817.92,4052965.82
2885.45,3438404.36

LIGO_1000_61.xml
3121.59,3555947.84
3301.74,3670445.38
3444.3,3771501.12
2793.39,3338532.46

LIGO_1000_62.xml
3216.9,3657035.4
3273.85,3697922.65
3604.9,3912905.74
2912.5,3456508.66

LIGO_1000_63.xml
3075.29,3480131.74
3378.69,3688195.14
3151.62,3532594.98
2720.3,3245868.33

LIGO_1000_64.xml
3088.21,3506497.3
3259.89,3621306.06
3394.68,3710729
2772.77,3297938.45

LIGO_1000_65.xml
3522.57,3906612.55
3539.13,3911468.41
3068.06,3609691.82
3146.51,3652298.16

LIGO_1000_66.xml
3470.27,3893818.82
3576.16,3963175.83
3463.97,3893185.64
3078.76,3634228.18

LIGO_1000_67.xml
3437.36,3833021.06
3459.33,3847846.47
3761.61,4050599.29
2977.85,3532416.82

LIGO_1000_68.xml
3182.35,3612885.74
3575.04,3875240.98
3529.22,3842247.07
2832.78,3380828.03

LIGO_1000_69.xml
3199.33,3661488.8
3221.95,3677854.45
3496.7,3862168.67
2883.68,3453176.23

LIGO_1000_70.xml
3159.33,3618450.13
3199.18,3649174.55
3141.54,3608118.82
2913.68,3458696.44

LIGO_1000_71.xml
3173.87,3570646.61
3333.45,3677710.39
3542.19,3816089.55
2782.21,3312720.55

LIGO_1000_72.xml
3160.15,3567021.98
3397.29,3725999.99
3494.08,3787017.08
2779.18,3319035.7

LIGO_1000_73.xml
3796.3,4110854.46
3821.37,4134781.74
3138.08,3686608.68
3092.09,3651961.57

LIGO_1000_74.xml
3226.82,3651980.98
3467.54,3810744.63
3301.57,3698544.66
2848.95,3405288.72

LIGO_1000_75.xml
3125.39,3575356.5
3650.39,3928339.8
3525.69,3839908.78
2815.84,3372086.45

LIGO_1000_76.xml
3414.86,3841966.75
3488.19,3896493.71
3971.98,4210062.51
3098.39,3633742.17

LIGO_1000_77.xml
2988.89,3404885.48
3157.71,3513563.88
3238.89,3565606.74
2684.95,3204386.21

LIGO_1000_78.xml
3136.57,3563658.8
3759.01,3978549.41
3806.46,4002698.22
2809.34,3346164.23

LIGO_1000_79.xml
3442.32,3856068.63
3495.72,3895460.86
3779.94,4084979.29
3026.92,3579904.67

LIGO_1000_80.xml
3081.59,3510627.24
3196.04,3591526.42
3634.68,3874853.71
2763.66,3302928.48

LIGO_1000_81.xml
3193.8,3600932.37
3217.18,3619205.54
3451.34,3768793.35
2778.7,3325333.46

LIGO_1000_82.xml
3063.07,3473921.88
3159.27,3534136.78
3230,3585791.32
2727.31,3252155.25

LIGO_1000_83.xml
3657.99,4032572.81
3557.02,3960681.7
3603.72,3990333.56
3103.73,3663327.54

LIGO_1000_84.xml
3204.4,3640609.47
3070.57,3557693.44
3851.78,4069353.37
2858.56,3416063.61

LIGO_1000_85.xml
3262.05,3674769.77
3867.45,4078198.2
3576.11,3884462.09
2843.41,3398743.22

LIGO_1000_86.xml
3295.97,3737931.75
3417.09,3822839.76
3421.59,3823209.73
2991.09,3537363.03

LIGO_1000_87.xml
3328,3740583.17
3258.66,3694448.59
3336.54,3740502.47
2928.74,3472416.45

LIGO_1000_88.xml
3212.25,3604034.73
3202.85,3599352.9
3781.6,3978868.1
2777.37,3316877.77

LIGO_1000_89.xml
3336.28,3778783.32
3344.2,3791429.03
3656.6,3994523.95
3012.23,3564192.2

LIGO_1000_90.xml
3394.66,3834030.72
3340.74,3801992.87
3583.77,3962041.31
3010.63,3581420.66

LIGO_1000_91.xml
3236.91,3648497.58
3217.47,3640629.61
3408.26,3767785.63
2857.75,3400600.97

LIGO_1000_92.xml
3211.02,3693429.12
3428.91,3842034.27
3582.46,3936557.87
2993.4,3550589.76

LIGO_1000_93.xml
3190.87,3581724.24
3874.86,4042393.89
3647.38,3887883.27
2770.32,3305728.99

LIGO_1000_94.xml
3155.84,3558426.37
3156.75,3560591.93
3627.08,3865354.86
2759.5,3297405.07

LIGO_1000_95.xml
3255.27,3692543.27
3322.12,3743692.64
3725.7,4005156.1
2888.31,3452922.22

LIGO_1000_96.xml
3115.74,3562122.88
3414.97,3765663.28
3809.55,4025097.24
2832.55,3377552.61

LIGO_1000_97.xml
3220.35,3675636.17
3377.36,3780063.29
3458.17,3824229.43
2955.75,3498729.91

LIGO_1000_98.xml
3195.45,3665280.91
3366.25,3777381.61
3743.6,4027904.99
2959,3505251.44

LIGO_1000_99.xml
3393.32,3814099.86
3455.84,3866114.37
3894.13,4145715.91
2973,3536132.5

LIGO_1000_100.xml
3454.1,3863808.27
3463.07,3879942.49
3582.24,3949986.54
3022.63,3580021.04

LIGO_1000_101.xml
3179.47,3640028
3471.95,3839318.27
3989.23,4170903.33
2884.02,3447319.87

LIGO_1000_102.xml
3452.07,3863026.2
3394.29,3820927.89
3497.61,3888084.33
3003.44,3564102.02

LIGO_1000_103.xml
3011.63,3425666.36
3094.98,3478788.55
3569.52,3792670.4
2694.74,3218080

LIGO_1000_104.xml
3061.16,3499438.52
3143.35,3555252.76
3518.29,3802595.46
2765.51,3299740.27

LIGO_1000_105.xml
3170.72,3573539.84
3720.75,3944881.44
3891.33,4046956.06
2791.59,3323374.28

LIGO_1000_106.xml
3432.42,3842071.62
3412.89,3833587.78
3667.13,3994333.6
2997.41,3555808.54

LIGO_1000_107.xml
3059.33,3513404.57
3244.02,3638250.77
3496.35,3799675.46
2820.02,3356536.02

LIGO_1000_108.xml
3607.3,3980208
3508.58,3920165.15
3533.25,3931000.39
3037.67,3605623.87

LIGO_1000_109.xml
2984.8,3438894.54
3303.21,3649154.8
3363.52,3692194.78
2768.72,3298569.13

LIGO_1000_110.xml
3322.82,3771735.51
3327.77,3778291.24
3327.36,3775283.43
3037.65,3583550.69

LIGO_1000_111.xml
3146.49,3562056.74
3405.99,3735579.87
3300.97,3664741.54
2770.58,3315241.51

LIGO_1000_112.xml
3106.17,3500141.68
3607.58,3835642.65
3609.9,3832193.22
2729.68,3251442.33

LIGO_1000_113.xml
3038.08,3474981.81
3375.57,3697818.36
3611.09,3858859.96
2746.62,3284558.68

LIGO_1000_114.xml
3376.97,3808595.43
3442.09,3849001.27
3510.51,3897389.05
3022.68,3573406.42

LIGO_1000_115.xml
3330.1,3768842.3
3286.81,3741140.59
3796.95,4078865.09
2983.68,3540869.7

LIGO_1000_116.xml
3408.61,3785752.67
3287.32,3705801.12
3620.64,3922572.03
2881.96,3435989.11

LIGO_1000_117.xml
3383.32,3829980.92
3543.23,3937759.39
3328.35,3797152.11
3049.52,3607335.07

LIGO_1000_118.xml
3111.51,3547354.62
3182.74,3596716.17
3285.83,3658670.99
2788.9,3335597.57

LIGO_1000_119.xml
3159.23,3590098.92
3149.96,3587295.15
3416.77,3760720.81
2800.17,3356328.62

LIGO_1000_120.xml
3281.43,3685467.37
3512.44,3842311.21
4044.81,4198231.28
2848.42,3399839.21

LIGO_1000_121.xml
3068.26,3514052.71
3406.57,3737523.6
3461.07,3776802.04
2783.07,3328923.93

LIGO_1000_122.xml
3093.88,3540434.98
3211.39,3618347.26
3981.8,4135292.44
2804.61,3347656.35

LIGO_1000_123.xml
3148.81,3593290.58
3229.18,3651416.99
3461.25,3802367.66
2834.37,3388666.49

LIGO_1000_124.xml
3180.91,3640897.44
3259.81,3700881.5
3437.62,3813891.44
2938.86,3488390.49

LIGO_1000_125.xml
3218.39,3639467.69
3245.6,3657653.73
3643.19,3920408.12
2813.89,3371853.88

LIGO_1000_126.xml
3209.94,3643909.5
3283.47,3694135.51
3387.61,3760070.86
2851.52,3408344.29

LIGO_1000_127.xml
3246.65,3685990.59
3340.65,3751913.23
3238.89,3680839.96
2928.27,3477819.88

LIGO_1000_128.xml
3334.57,3779808.4
3364.75,3804147.42
3430.86,3843393.11
3018.07,3569276.44

LIGO_1000_129.xml
3315.76,3729760.12
3248.97,3688694.71
3493.99,3840739.86
2940.82,3481893.85

LIGO_1000_130.xml
3351.79,3782294.62
3307.26,3758196.93
3444.83,3848054.67
2943.83,3516726.34

LIGO_1000_131.xml
3189.48,3613524.37
3155.62,3593731.33
3454.26,3787709.56
2812,3363875.35

LIGO_1000_132.xml
3266.63,3695074.97
3257.26,3690099.39
3415.26,3788256.15
2835.7,3412789.72

LIGO_1000_133.xml
3549.46,3954024.82
3567.91,3967830.37
3659.09,4022259.04
3076.01,3641598.22

LIGO_1000_134.xml
3267.86,3734229.71
3351.68,3793066.09
3502.57,3889637
3004,3559268.79

LIGO_1000_135.xml
3233.99,3675940.39
3307.74,3722996.36
3508,3853407.04
2935.46,3480226.88

LIGO_1000_136.xml
3367.38,3784331.69
3375.6,3787216.01
3927.41,4152880.57
2953.85,3506833.52

LIGO_1000_137.xml
3507.41,3906113.92
3577.03,3956841.19
3855.68,4141822.4
3055.35,3610307.91

LIGO_1000_138.xml
3146.25,3562563.68
3151.15,3568509.04
3530.61,3809672.37
2783.86,3322696.34

LIGO_1000_139.xml
3397.25,3835367.61
3702.15,4044504.2
3122.99,3662670.39
3083.67,3629492.04

LIGO_1000_140.xml
3125.55,3596580.46
3250.1,3683227.43
3525.52,3861256.39
2836.42,3402940.62

LIGO_1000_141.xml
3162.32,3585470.4
3420.41,3759495.27
3398.98,3739670.48
2802.65,3347813.75

LIGO_1000_142.xml
3156.25,3577972.64
3215.83,3621511.76
3458.02,3780247.78
2787.41,3333558.39

LIGO_1000_143.xml
3178.92,3649774.5
3285.98,3722836.48
3885.42,4114857.62
2984.14,3518493.28

LIGO_1000_144.xml
3494.49,3898215.06
3820.99,4122380.91
3088.41,3637672.25
3117.52,3652389.46

LIGO_1000_145.xml
3039.11,3485828.36
3147.07,3564936.62
3685.33,3917832
2776.13,3317422.07

LIGO_1000_146.xml
3091.2,3503354.63
3003.97,3446399.13
3329.91,3658490.2
2739.15,3273402.39

LIGO_1000_147.xml
3358.77,3801458.07
3411.46,3847423.04
3345.34,3797503.94
3031.83,3590627.07

LIGO_1000_148.xml
3087.96,3509976.92
3483.58,3774798.45
3604.49,3858580.53
2748.89,3288917.43

LIGO_1000_149.xml
3352.53,3754952.39
3280.36,3708857.34
3542.8,3881309.07
2940.39,3483445.07

LIGO_1000_150.xml
2945.25,3394955.42
3135.89,3521084.31
3406.91,3707706.74
2733.31,3258959.16

LIGO_1000_151.xml
3014.05,3449014.33
3140.23,3532277.87
3367.19,3687879.75
2735.39,3265421.01

LIGO_1000_152.xml
3150.65,3624793.87
3222.12,3671252.67
3363.76,3763486.26
2960.99,3498031.73

LIGO_1000_153.xml
3258.11,3678551.7
3248.92,3674242.85
3510.54,3845935.04
2857.03,3414171.15

LIGO_1000_154.xml
3381.28,3793658.15
3317.44,3759561.55
3375.81,3787042.27
3014.44,3548905.45

LIGO_1000_155.xml
3120.84,3613229.86
3387.29,3792581.59
3331.1,3753810.78
2936.45,3494004.04

LIGO_1000_156.xml
3500.07,3890658.1
3352.44,3800555.93
3719.92,4044803.16
3092.01,3624705.09

LIGO_1000_157.xml
3511.24,3923113.31
3543.78,3942226.04
3823.89,4134697.17
3058.27,3623089.76

LIGO_1000_158.xml
3176.86,3604032.02
3333.78,3708652.4
3157.41,3590359.61
2814.39,3367035.5

LIGO_1000_159.xml
3313.8,3799442.23
3518.85,3938954.14
3865.28,4170617.13
3097.94,3655239.83

LIGO_1000_160.xml
3322.96,3718192.13
3410.01,3776361.87
3521.56,3845487.89
2831.69,3390597.22

LIGO_1000_161.xml
3322.83,3738246.84
3307.89,3728980.39
3490.17,3844609.02
2898.32,3457992.27

LIGO_1000_162.xml
3688.64,4081836.84
3677.56,4075434.14
3211.39,3773480.93
3313.83,3835289.14

LIGO_1000_163.xml
2987.65,3443994.26
3163.06,3560449.02
3301.61,3648629.74
2768.87,3299818.82

LIGO_1000_164.xml
3284.9,3726065.53
3324.12,3749707.06
3201.18,3670517.93
2971.89,3520742.64

LIGO_1000_165.xml
3270.32,3720208.45
3359.31,3779028.14
3816.89,4076236.63
2986.98,3530490.94

LIGO_1000_166.xml
3156.68,3563816.45
3128.23,3546784.28
3421.15,3736384.83
2769.45,3308865.88

LIGO_1000_167.xml
3297.47,3727140.39
3423.83,3811515.76
3829.28,4078071.3
2958.52,3505878.42

LIGO_1000_168.xml
2982.93,3407609.56
3081.57,3479038.88
3264.99,3598189.32
2739.42,3247208.1

LIGO_1000_169.xml
3453.54,3841233.93
3439.09,3828858.3
3480.31,3861896.78
2979.23,3523264.44

LIGO_1000_170.xml
3693.48,4049899.09
3613.24,4005643.92
3165.06,3709350.99
3168.57,3707120.88

LIGO_1000_171.xml
3138.39,3555895.11
3620.98,3887600.52
3679.97,3919651.25
2773.22,3311834.38

LIGO_1000_172.xml
3648.54,3995503.99
3547.09,3922387.56
3508.09,3899154.82
3070.15,3612348.27

LIGO_1000_173.xml
3039.26,3495629.77
3091.64,3533202.86
3699.56,3939040.39
2792.95,3337362.18

LIGO_1000_174.xml
3075.72,3491297.24
3200.74,3576749.51
3640.96,3862908.4
2745.16,3273648.55

LIGO_1000_175.xml
3019.1,3452069.59
3104.97,3512518.48
3265.12,3619602.79
2734.42,3268309.04

LIGO_1000_176.xml
3055.16,3480795.76
3406.25,3713559.5
3395.28,3704500.81
2755.75,3284914.9

LIGO_1000_177.xml
3328.98,3757179.75
3320.29,3751358.94
3730.81,4024525.94
2913.57,3484276.86

LIGO_1000_178.xml
3559.98,3937587.43
3656.03,4008300.53
3086.19,3628832.07
3112.96,3641790.31

LIGO_1000_179.xml
3242.57,3675511.25
3174.85,3636094.28
3610.54,3922594.11
2857.34,3423780.06

LIGO_1000_180.xml
3150.9,3575698.3
3173.13,3594088.74
3608.27,3876417.95
2795.66,3346726.74

LIGO_1000_181.xml
3152.87,3550033.96
3296.71,3644588.04
3789.25,3969860.48
2755.28,3288818.79

LIGO_1000_182.xml
3447.99,3869303.91
3597.33,3969780.46
3230.51,3731287.4
3017.28,3589827.8

LIGO_1000_183.xml
3291.74,3736130.9
3269.32,3729847.44
3572.01,3923697.52
2994.87,3543871.15

LIGO_1000_184.xml
3250.34,3661674.21
3251.74,3667975.42
3314.44,3707249.21
2834.94,3390209.37

LIGO_1000_185.xml
3527.38,3887954.96
3405.5,3808750.98
3236.1,3694770.43
2997.99,3530632.09

LIGO_1000_186.xml
3208.01,3633953.83
3229.48,3655125.81
3701.44,3958837.73
2867.55,3414839.11

LIGO_1000_187.xml
3343.13,3746187.11
3264.79,3696740.94
3538.96,3875654.78
2877.43,3437896.49

LIGO_1000_188.xml
3421.61,3872828.55
3653.92,4025992.69
3554.31,3963912.04
3079.89,3645595.94

LIGO_1000_189.xml
3044.28,3457742.86
3138.33,3522844.6
3438.38,3721601.85
2720.17,3244934.76

LIGO_1000_190.xml
3446.14,3877065.81
3539.98,3937361.38
3928.81,4202209.85
3018.02,3593875.2

LIGO_1000_191.xml
3181.08,3586146.49
3187,3590655.28
3298.55,3658997.09
2807.21,3333759.22

LIGO_1000_192.xml
3185.4,3636586.28
3275.54,3693853.7
3448.92,3814823.71
2844.08,3410570.05

LIGO_1000_193.xml
3241.37,3684778.57
3331.31,3746017.69
3496.39,3850883.48
2952.21,3492919.6

LIGO_1000_194.xml
3724.87,4092825.22
3895.01,4204918.14
3181.42,3734767.45
3234.15,3766233.22

LIGO_1000_195.xml
3328.03,3765012.33
3343.2,3780386.31
3723.44,4027907.19
3025.27,3565238.28

LIGO_1000_196.xml
3097.61,3519305.09
3179.92,3578193.6
3241.12,3619642.2
2752.09,3295207.52

LIGO_1000_197.xml
3301.17,3723539.23
3224.97,3675105.23
3551.61,3887415.95
2879.4,3445785.4

LIGO_1000_198.xml
3125.61,3579489.84
3197.16,3629602.72
3610.55,3898089.32
2828.81,3384690.61

LIGO_1000_199.xml
3190.05,3608845.2
3769.77,4001039.8
3399.89,3752942.48
2820.28,3365674.1

LIGO_1000_200.xml
3234.84,3643406.33
3206.97,3624446.8
3375.11,3733885.17
2815.77,3365827.63

LIGO_1000_201.xml
3710.58,4060683.49
3848.38,4154217.72
3159.97,3701050.76
3124.77,3672381.1

LIGO_1000_202.xml
3141.42,3530720.9
3173.62,3552451.6
3242.44,3597766.61
2764.86,3283386.58

LIGO_1000_203.xml
3447.29,3818722.9
3286.73,3718000.44
3612.06,3923504.91
2976.34,3507218.72

LIGO_1000_204.xml
3300.83,3713195.11
3266.38,3688003.25
3528.11,3860748.67
2857.77,3418350.33

LIGO_1000_205.xml
3072.12,3492301.2
3192.86,3575495.04
3435.64,3731970.7
2759.73,3289332.35

LIGO_1000_206.xml
3052.34,3525921.64
3239.7,3652044.67
3529.82,3842503.38
2823.41,3376999.52

LIGO_1000_207.xml
3102.29,3548853.41
3570.27,3862128.12
3554.79,3850881.58
2813.15,3354491.73

LIGO_1000_208.xml
3289.73,3698734.55
3271.16,3690471.44
3269.54,3687848.45
2904.67,3444784.26

LIGO_1000_209.xml
3566.17,3967712.45
3547.01,3956286.66
3161.17,3700785.46
3083.17,3651872.63

LIGO_1000_210.xml
3125.46,3505701.55
3472.16,3742422.3
3169.36,3537995.35
2714.46,3236308.02

LIGO_1000_211.xml
3211.08,3620449.92
3198.16,3614510.45
3618.47,3887442.22
2819.89,3361943.88

LIGO_1000_212.xml
3508.18,3917544.04
3492.73,3906243.79
3946.65,4202411.41
3086.61,3641411.5

LIGO_1000_213.xml
3225.07,3628357.09
3135.49,3572093.67
3429.73,3763348.4
2795.11,3344971.77

LIGO_1000_214.xml
3551.78,3938927.58
3519.98,3920010.77
3806.03,4110142.68
3033.58,3595814.93

LIGO_1000_215.xml
3429.18,3828079.59
3334.12,3768258.18
3329.27,3762444.09
2997.43,3540023.57

LIGO_1000_216.xml
3273.84,3670706.94
3164.44,3597228.29
3393.04,3744674.97
2843.47,3382929.66

LIGO_1000_217.xml
3088.6,3536180.98
3164.07,3588242.7
3386.44,3730240.03
2807.42,3351349.02

LIGO_1000_218.xml
3202.41,3631888.03
3259.81,3668683.91
3506.88,3827256.95
2837.67,3391729.95

LIGO_1000_219.xml
3369.67,3808197.82
3340.89,3792007.93
3605.48,3965177.38
2967.3,3540154.23

LIGO_1000_220.xml
3156.67,3566147.34
3178.68,3586400.32
3562.06,3835356.84
2779.9,3321074.8

LIGO_1000_221.xml
3533.94,3930243.87
3340.98,3806199.76
3748.83,4071147.79
3059.79,3614596.14

LIGO_1000_222.xml
3214.95,3690616.36
3390.7,3815439.16
3790.51,4079392.52
2987.86,3544250.32

LIGO_1000_223.xml
3144.49,3569573.1
3286.12,3664235.35
3563.04,3849961.92
2787.28,3335365.82

LIGO_1000_224.xml
3547.5,3980530.47
3587.42,4007794.24
3197.55,3755588.08
3183.61,3740268.8

LIGO_1000_225.xml
3266.3,3723009
3351.96,3784077.62
3312.16,3754433.26
2976.81,3527735.11

LIGO_1000_226.xml
3203.56,3634488.22
3247.27,3665478.48
3518.77,3845585.59
2867.67,3414198.45

LIGO_1000_227.xml
3388.17,3780366.45
3278.16,3714155.22
3313.28,3733558.8
2954.43,3499034.81

LIGO_1000_228.xml
3284.76,3759392.53
3412.71,3851057.99
3631.34,3990429.09
3066.89,3619205.42

LIGO_1000_229.xml
3116.16,3584813.96
3182.64,3631945.72
3621.64,3916887.25
2849.95,3409314.87

LIGO_1000_230.xml
3407.45,3820359.91
3353.05,3784753.2
3394.44,3807654.29
2977.67,3532442.56

LIGO_1000_231.xml
3491.04,3897247.67
3581.2,3966800.21
3400.02,3843820.72
3159.87,3679892.12

LIGO_1000_232.xml
3489.08,3910158.59
3567.57,3965220.94
3642.8,4013689.83
3043.16,3614664.4

LIGO_1000_233.xml
3384.34,3788899.98
3781.25,4053736.7
3557.23,3899358.07
2893.36,3464873.5

LIGO_1000_234.xml
2984.8,3462986.59
3677.12,3922003.28
3557.37,3844117
2795.17,3338424.11

LIGO_1000_235.xml
3096.56,3566033.95
3276.83,3689748.65
3502.38,3828716.66
2946.89,3467357.5

LIGO_1000_236.xml
3442.3,3865713.9
3360.88,3811824.32
3649.72,4005956.53
3039.78,3600921.91

LIGO_1000_237.xml
3122.69,3582765.32
3256.15,3673059.92
3931.7,4115585.67
2837.09,3392944.46

LIGO_1000_238.xml
3167.2,3590267.19
3209.63,3623664.23
3648.7,3908043.43
2814.55,3358490.23

LIGO_1000_239.xml
3267.72,3670764.22
3184.35,3620718.56
3576.18,3871460.28
2842.36,3392886.3

LIGO_1000_240.xml
3427.88,3813125.99
3362.97,3775360.34
3514.23,3870258.83
2964.49,3509341.96

LIGO_1000_241.xml
3253.14,3688818.18
3240.69,3683339.63
3496.19,3852436.57
2871.17,3436223.65

LIGO_1000_242.xml
3526.01,3935814.51
3409.4,3861786.1
3715.96,4054861.54
2995.88,3581939.67

LIGO_1000_243.xml
3093.68,3532287.46
3182.64,3596206.21
3703.81,3942954.96
2784.64,3333479

LIGO_1000_244.xml
3017.87,3500885.39
3285.74,3682637.96
3201.82,3625008.41
2802.11,3362022.52

LIGO_1000_245.xml
3438.15,3830404.18
3439.02,3829835.54
3594.75,3938400.43
3000.57,3547240.85

LIGO_1000_246.xml
3498.65,3902459.15
3546.17,3939741.04
4137.17,4323728.54
3042.36,3600740.84

LIGO_1000_247.xml
3251.01,3689879.7
3268.52,3703307.21
3618.54,3935263.85
2883.77,3446214.01

LIGO_1000_248.xml
3381.71,3802100.12
3323.06,3764972.68
3548.65,3910352.35
2943.05,3510860.39

LIGO_1000_249.xml
3344.57,3801527.69
3343.95,3802442.68
3398.58,3837651.72
2959.57,3545936.9

LIGO_1000_250.xml
3662.36,4007412.51
3576.13,3943672.44
3080.28,3627124.13
3078.94,3621640.77

LIGO_1000_251.xml
3154.82,3586132.09
3308.02,3688728.33
3476.08,3799491.07
2817.22,3364491.49

LIGO_1000_252.xml
3597.9,3972550.78
3753.94,4076925.02
3094.65,3642541.44
3071.21,3621825.92

LIGO_1000_253.xml
3393.41,3814735.55
3330.98,3780062.21
3606.19,3950890.41
2944.2,3520012.59

LIGO_1000_254.xml
2979.53,3443558.13
3191.48,3586944.43
3286.82,3649678.78
2787.66,3319295.45

LIGO_1000_255.xml
3255.43,3689515.97
3241,3684583.8
3604.55,3925003.62
2931.56,3477513.23

LIGO_1000_256.xml
3573.81,3972492.36
3695.78,4056204.64
3264.55,3768427.65
3177.31,3710927.3

LIGO_1000_257.xml
3319.76,3756638.38
3126.56,3629643.79
3632.74,3959258.79
2991.26,3535560.62

LIGO_1000_258.xml
3116.32,3541619.75
3045.01,3493994.2
3703.73,3920032.4
2776.45,3316271

LIGO_1000_259.xml
3216.81,3648391.85
3173.53,3620254.32
3567.37,3880328.38
2845.11,3401461.77

LIGO_1000_260.xml
3326.03,3765549.69
3274.48,3731492.64
3532.39,3898674.2
2913.12,3490911.98

LIGO_1000_261.xml
3327.65,3787877.51
3479.7,3898129.92
3548.82,3941298.17
3033.57,3596789.68

LIGO_1000_262.xml
3350.64,3784924.33
3307.13,3760396.21
3310.68,3758493.56
2960.74,3529751.91

LIGO_1000_263.xml
3107.99,3549887.17
3077.97,3532993.62
3475.69,3793376.69
2806.84,3351331.07

LIGO_1000_264.xml
3392.39,3820884.68
3390.19,3823504.69
3457.94,3864620.41
2980.5,3554816.1

LIGO_1000_265.xml
3527.68,3896294.93
3496.26,3877405.04
3245.59,3713569.65
3046.69,3580910.64

LIGO_1000_266.xml
3069.46,3540761.23
3368.91,3736624.43
3526.19,3841968.41
2842.92,3391666.48

LIGO_1000_267.xml
3506.25,3940335.16
3563.7,3985005.22
3740.79,4100143.56
3149.61,3709221.82

LIGO_1000_268.xml
3066.96,3506079.79
3386.08,3715433.11
3293.75,3651533.18
2788.98,3324350.33

LIGO_1000_269.xml
3373.41,3799678.47
3300.82,3756129.84
3551.03,3914458.55
3002.06,3557504.77

LIGO_1000_270.xml
3479.15,3882156.16
3453.06,3872996.71
3410.74,3841647.85
3024.26,3579500.96

LIGO_1000_271.xml
3235.51,3633953.49
3416.13,3762408.04
3501.61,3814134.44
2808.22,3356675.62

LIGO_1000_272.xml
3247.73,3718140.15
3412.44,3832254.48
3565.61,3933673.6
3008.98,3558971.64

LIGO_1000_273.xml
3314.48,3736390.06
3301.44,3731184.09
3468.35,3839507.88
2904.61,3469499.52

LIGO_1000_274.xml
3282.32,3691081.45
3392.84,3764762.28
3434.46,3793412.29
2843.3,3402044.05

LIGO_1000_275.xml
3173.67,3568066.69
3517.72,3795479.65
3400.56,3724250.13
2771.71,3301962.3

LIGO_1000_276.xml
3314.18,3764309.03
3259.76,3726887.86
3922.98,4162279.14
2982.6,3543355.02

LIGO_1000_277.xml
3189.38,3604350.09
3781.17,4000896.98
3363.83,3720508.74
2817.45,3358386.1

LIGO_1000_278.xml
3218.47,3627685.59
3243.81,3649855.57
3474.86,3797648.02
2809.62,3358534.06

LIGO_1000_279.xml
3095.15,3582335.22
3367.8,3767815.44
3594.18,3911109.39
2923.24,3472452.92

LIGO_1000_280.xml
3178.92,3600073.54
3568.77,3853358.63
3646.12,3909797.26
2823.31,3366242.1

LIGO_1000_281.xml
3842.39,4173532.25
3917.88,4232767.22
4153.21,4386851.09
3183.75,3738639.34

LIGO_1000_282.xml
3377.95,3839047.33
3475.2,3909457.06
3605.16,3987925.88
3076.99,3641178.52

LIGO_1000_283.xml
3140.81,3553159.44
3181.77,3586402.95
3413.76,3734217.09
2758.27,3299934.34

LIGO_1000_284.xml
3270.44,3707519.52
3564.11,3900543.7
3399.99,3792110.4
2885.71,3456708.3

LIGO_1000_285.xml
3359.31,3772351.41
3189.72,3659960.41
3443.88,3828231.47
2962.39,3507814.53

LIGO_1000_286.xml
3169.75,3610754.14
3176.41,3618395.12
3635.07,3914093.57
2865.26,3411263.21

LIGO_1000_287.xml
3249.79,3667543.32
3201.37,3632991.78
3520.4,3836002.04
2850.3,3402383.89

LIGO_1000_288.xml
3856.44,4155410.93
3853.76,4162270.93
3350.3,3824434.63
3132.32,3675665.81

LIGO_1000_289.xml
3164.33,3588250.6
3334.65,3701478.94
3716.83,3954126.05
2814.97,3358009.3

LIGO_1000_290.xml
3432.67,3868702.63
3547.96,3942279.64
3858.19,4152061.94
3052.11,3618584.72

LIGO_1000_291.xml
3091.09,3564000.16
3230.79,3658870.75
3357.89,3742638.93
2823.53,3391111.12

LIGO_1000_292.xml
3501.75,3941098.31
3550.77,3980576.44
3343.93,3844803.75
3209.02,3751521.11

LIGO_1000_293.xml
3251.09,3644485.24
3341.86,3709602.47
3423.72,3757910.8
2803.3,3346720.46

LIGO_1000_294.xml
3220.37,3651242.38
3257.82,3677156.95
3513.35,3847489.06
2866.04,3420788.2

LIGO_1000_295.xml
3196.16,3691859.52
3368.86,3812498.66
3816.32,4108980.1
3019.09,3576611.23

LIGO_1000_296.xml
3454.24,3845487.18
3324.39,3767709.19
3674.67,3990693.8
2987.35,3541702.65

LIGO_1000_297.xml
3064.77,3526498.46
3187.24,3609437.08
3439.68,3775063.27
2870.7,3401141.52

LIGO_1000_298.xml
3609.3,3960327.42
3802.89,4094761.44
3496.04,3890948.48
3087.64,3616463.08

LIGO_1000_299.xml
3052.08,3490865.71
3289.07,3649305.73
3528.04,3806429.78
2787.2,3314004.22

LIGO_1000_300.xml
3613.03,3968400.17
3821.52,4112410.39
3572.09,3948981.35
3064.17,3600821.45

LIGO_1000_301.xml
3170.98,3594666
3214.86,3624713.89
3347.21,3712983.98
2821.71,3364709.84

LIGO_1000_302.xml
3300.54,3749423.98
3283.5,3734129.64
3941.96,4169705.55
2908.43,3489354.04

LIGO_1000_303.xml
3091.26,3556476.04
3228.76,3651816.73
3364.31,3736678.1
2826.46,3382980.65

LIGO_1000_304.xml
3315.33,3753519.77
3271.53,3726039.91
3590.17,3935000.28
2975.8,3529693.86

LIGO_1000_305.xml
3004.17,3431856.2
3137.3,3526500.34
3336.9,3656553.05
2738.39,3258520.11

LIGO_1000_306.xml
2971.63,3414153.95
3220.59,3582923.96
3631.49,3853140.85
2710.95,3243722.63

LIGO_1000_307.xml
3130.15,3577285.03
3115.02,3570229.24
3296.03,3685573.67
2828.3,3377786.45

LIGO_1000_308.xml
3315.35,3715668.95
3371.77,3753122.48
3508.6,3845121
2840.92,3405171.92

LIGO_1000_309.xml
3063.41,3526093.99
3299.04,3688374.14
3766.49,3994382.94
2813.64,3363948.7

LIGO_1000_310.xml
3359.61,3782957.65
3339.83,3771790.77
3602.8,3932388.79
2987.8,3533939.8

LIGO_1000_311.xml
3403.85,3821890.55
3447.02,3856295.97
3945.77,4177759.55
2988.79,3548835.89

LIGO_1000_312.xml
3183.02,3636546.32
3286.6,3708194.32
3800.51,4040065.83
2909.99,3460085.3

LIGO_1000_313.xml
3245.44,3676727.2
3230.26,3668301.48
3416.22,3792366.87
2863.05,3427339.43

LIGO_1000_314.xml
3294.34,3737072.24
3269.66,3723890.27
3528.86,3893012.87
2930.63,3499379.47

LIGO_1000_315.xml
3432.46,3822065.59
3481.72,3861004.34
3453.67,3846202.57
3071.12,3587615.54

LIGO_1000_316.xml
3472.72,3896776.91
3622.58,3998651.07
3393.76,3842557.49
3092.18,3641319.58

LIGO_1000_317.xml
3227.79,3653345.91
3206.71,3642394.51
3461.32,3803598.42
2901.35,3440117.57

LIGO_1000_318.xml
3110.51,3577527.48
3230.17,3653869.05
3498.4,3839017.5
2822.16,3388747.64

LIGO_1000_319.xml
3557.68,3944191.32
3699.51,4046906.25
3534.17,3937325.06
3081.16,3631196.47

LIGO_1000_320.xml
3234.67,3671732.66
3774.99,4030622.76
3396.45,3773317.34
2860.07,3423279.73

LIGO_1000_321.xml
3272.08,3669792.29
3174.95,3611590.86
3574.4,3868226.89
2837.47,3384528.68

LIGO_1000_322.xml
3140.37,3605556.01
3374.82,3763047.61
3443.4,3812450.01
2933.29,3469731.22

LIGO_1000_323.xml
3077.71,3506321.27
3124.11,3538590.79
3713.77,3936451.11
2775.88,3310508.47

LIGO_1000_324.xml
3077.37,3511520.75
3053.41,3497194.85
3421.27,3737092.13
2766.11,3307612.98

LIGO_1000_325.xml
3301.34,3723697.76
3332.38,3748455.3
3352.54,3756646.08
2957.24,3496521.54

LIGO_1000_326.xml
3789.98,4134894.26
3611.93,4008734.58
3140.34,3705099.34
3227.59,3758051.93

LIGO_1000_327.xml
3298.61,3750267.74
3369.18,3796239.69
3473.66,3869936.3
3028.29,3569300.4

LIGO_1000_328.xml
3723.09,4100851.54
3847.4,4189874.66
4091.38,4337387.45
3159.95,3726343.58

LIGO_1000_329.xml
3149.4,3539232.87
3493.12,3769171.25
3345.64,3662656.4
2740.26,3267534.82

LIGO_1000_330.xml
3217.41,3658947.02
3297.72,3716040.99
3453.22,3812069.3
2872.3,3433001.18

LIGO_1000_331.xml
3227.33,3652932.36
3256.01,3675860.66
3627.78,3915327.05
2846.45,3404328.33

LIGO_1000_332.xml
3393.67,3802080.67
3423.75,3827676.86
3465.85,3855571.95
3052.87,3577145.15

LIGO_1000_333.xml
3276.3,3651374.83
3416.5,3748025.59
3471.43,3780053.31
2797.66,3336058.97

LIGO_1000_334.xml
3649.75,4007590.67
3540.24,3936665.66
3091.6,3646096.67
3136.88,3672679.33

LIGO_1000_335.xml
3453.71,3896368.61
3851.67,4166028.68
3199.42,3737048.99
3149.28,3700455.33

LIGO_1000_336.xml
3326.47,3730046.7
3220.3,3660674.86
3732.83,3998681.88
2863.51,3422928.82

LIGO_1000_337.xml
3368.41,3782073.19
3218.54,3686754.71
3273.62,3722311.83
2969.14,3523653.94

LIGO_1000_338.xml
3267.39,3669204.78
3232.07,3646203.72
3788.42,4010790.01
2831.32,3378264.61

LIGO_1000_339.xml
3423.54,3865797.92
3843.72,4149231.9
3150,3689327.15
3126.38,3669929.58

LIGO_1000_340.xml
3393.58,3793382.5
3352.33,3768842.4
3569.53,3906980.81
2962.84,3506678.68

LIGO_1000_341.xml
3227.81,3653299.98
3201.09,3636797.1
3253.53,3667119.42
2909.26,3440909.23

LIGO_1000_342.xml
3254.14,3697944.72
3274.92,3715982.9
3553.74,3901244.43
2983.9,3516769.5

LIGO_1000_343.xml
3271.28,3691397.01
3254.47,3680265.05
3482.07,3833018.28
2862.07,3420147.96

LIGO_1000_344.xml
3619.64,4009585.57
3807.91,4133693.32
3181.67,3721931.89
3148.21,3695411.58

LIGO_1000_345.xml
3189.25,3597193.58
3188.05,3601462.11
3464.63,3782971.15
2794.18,3341404.18

LIGO_1000_346.xml
3297.19,3695779.43
3259.67,3672990.75
3439.64,3792323.1
2826.54,3383912.47

LIGO_1000_347.xml
3239.5,3683397.92
3243.79,3689846.4
3353.1,3758656.79
2907.55,3464208.7

LIGO_1000_348.xml
3471.62,3878806.81
3536.45,3924202.49
3901.44,4160613.33
3033.02,3594074.11

LIGO_1000_349.xml
3140.22,3580339.49
3190.82,3616548.79
3465.06,3792084.64
2866.81,3400152.95

LIGO_1000_350.xml
3058.44,3492326.65
3224.11,3602554.13
3622.63,3862216.99
2780.92,3310955.38

LIGO_1000_351.xml
3386.15,3811038.76
3418.67,3842323.6
4041.7,4248148.53
3021.37,3572163.24

LIGO_1000_352.xml
3651.14,4038667.42
3620.79,4026996.63
3552.29,3978245.46
3148.79,3705264.05

LIGO_1000_353.xml
3083.85,3515290.98
3143.75,3558024
3434.91,3750439.85
2762.28,3308095.34

LIGO_1000_354.xml
3431.53,3839316.55
3346.73,3796461.82
3755.26,4053628.24
3012.58,3565439.92

LIGO_1000_355.xml
3144.75,3554835.75
3564.28,3834432.48
3571.56,3836368.27
2757.57,3298193.21

LIGO_1000_356.xml
3323.9,3766709.32
3373,3806488.65
3722.38,4029073.69
3017.54,3567168.74

LIGO_1000_357.xml
3395.18,3831296.55
3486.4,3894675.23
3730.12,4056573.79
3036.52,3594744.81

LIGO_1000_358.xml
3261.63,3701795.03
3230.2,3684826.96
3522.46,3871892.83
2908.04,3470040.84

LIGO_1000_359.xml
3195.92,3665032.82
3265.63,3716438.61
3588.28,3917362.4
2941.93,3496704.23

LIGO_1000_360.xml
3235.68,3635178.72
3553.8,3844892.15
3629.38,3893694.01
2797.71,3345090.06

LIGO_1000_361.xml
3220.62,3669690.6
3239.07,3682286.75
3475.04,3834854.89
2930.48,3477736.3

LIGO_1000_362.xml
3522.09,3928268.83
3617.46,3989700.13
3110.6,3661773.97
3171.05,3696875.03

LIGO_1000_363.xml
2966.46,3418258.3
3424.25,3719620.69
3428.91,3726416.77
2738,3271228.51

LIGO_1000_364.xml
3248.38,3692313.45
3420.07,3805974.58
3621.76,3936836.32
2973.1,3511955.52

LIGO_1000_365.xml
3256.16,3665824.09
3391.1,3758380.74
3700.54,3953370.22
2924.7,3448537.95

LIGO_1000_366.xml
3199.1,3629446.94
3204.56,3637686.05
3896.72,4086497.21
2889.66,3427760.79

LIGO_1000_367.xml
3270.32,3681384.36
3185.49,3626060.95
3157.03,3607932.43
2847.23,3400684.36

LIGO_1000_368.xml
3249.04,3703422.96
3361.51,3783301.92
3599.29,3937424.2
3002.63,3544071.38

LIGO_1000_369.xml
3550.36,3924050.74
3462.09,3861818.15
3316.14,3769182.23
3047.89,3589910.67

LIGO_1000_370.xml
3356.51,3797577.2
3397.37,3831675.39
3957.55,4206047.25
2996.37,3561874.19

LIGO_1000_371.xml
3155.2,3552591.64
3573.92,3836660.56
3478.18,3766587.69
2762.76,3295518.97

LIGO_1000_372.xml
3147.56,3591871.25
3295,3694163.73
3226.35,3645185.05
2858.95,3403112.03

LIGO_1000_373.xml
3442.96,3879656.91
3545.6,3949709.5
3545.01,3951040.73
3064.17,3633106.26

LIGO_1000_374.xml
3143.82,3571944.38
3274.76,3662257.53
3165.6,3588636.09
2843.56,3375988.14

LIGO_1000_375.xml
3280.27,3687443.18
3304.08,3706322.65
3568.96,3880677.86
2856.95,3406163.57

LIGO_1000_376.xml
3276.36,3719788.07
3275.9,3719660.69
3444.78,3829207.82
2909.55,3473284.86

LIGO_1000_377.xml
3249.82,3702322.95
3368.28,3784415.24
3933.75,4155445.57
2910.69,3482635.5

LIGO_1000_378.xml
3058.06,3479992.04
3461.01,3749933.96
3665.52,3877241.17
2736.75,3267012.76

LIGO_1000_379.xml
3309.75,3728159.51
3268.22,3698427.8
3422.96,3800599.69
2874.41,3439604.16

LIGO_1000_380.xml
3878.01,4210667.57
3940.1,4246455.81
3220.89,3775610.79
3250.28,3790015.66

LIGO_1000_381.xml
3715.4,4058096.78
3871.98,4163396.96
3159.28,3693187.42
3196.36,3713910.84

LIGO_1000_382.xml
3176.76,3576411.5
3552.82,3824966.29
3458.11,3760283.93
2755.25,3297623.37

LIGO_1000_383.xml
3364.93,3779794.53
3331.34,3762395.06
3651.03,3969166.43
2981.97,3526625.89

LIGO_1000_384.xml
3366.14,3778322.1
3452.22,3832158.16
3707.05,4009582.18
2962.63,3515068.97

LIGO_1000_385.xml
3275.06,3682964.48
3196.09,3627183.3
3485.31,3817363.86
2847.25,3397309.91

LIGO_1000_386.xml
3273.53,3742789.38
3456.3,3861025.29
3614.09,3962643.07
2990.14,3551908.01

LIGO_1000_387.xml
3389.29,3827531.51
3190.45,3698560.63
3643.34,3989963.33
3004.3,3571736.48

LIGO_1000_388.xml
3234.15,3671280.13
3254.65,3689721.64
3498.87,3848609.04
2882.92,3444241.23

LIGO_1000_389.xml
3250.02,3683899.67
3242.67,3681187.24
3526.03,3868148.11
2875.79,3437454.55

LIGO_1000_390.xml
3631.89,3997147.35
3772.35,4094435.05
3116.02,3664993.21
3197.48,3711090.2

LIGO_1000_391.xml
3395.21,3825063.02
3401.38,3837529.95
3790.39,4090982.99
3011.32,3574490.23

LIGO_1000_392.xml
3042.07,3460446.2
3188.36,3559760.11
3258.77,3604667.2
2742.36,3263543.95

LIGO_1000_393.xml
3093.61,3523455.56
3176.41,3582508.69
3330.67,3683524.2
2796.44,3329467.81

LIGO_1000_394.xml
3349.93,3762748.52
3276.15,3714228.28
3553.62,3895446.72
2886.77,3454829.82

LIGO_1000_395.xml
3223.74,3652334.16
3183.68,3620458.99
3493.51,3828588.51
2816.92,3379850.31

LIGO_1000_396.xml
3167.03,3584185.87
3172.29,3588981.3
3374.61,3717495.98
2821.89,3355434.82

LIGO_1000_397.xml
3230.81,3717874.69
3394.64,3828395.79
3621.77,3975042.5
3036.61,3589806.46

LIGO_1000_398.xml
3175.98,3647736.93
3342.71,3760202.39
3596.58,3925628.39
2910.54,3476304.76

LIGO_1000_399.xml
3218.04,3655428.41
3233.35,3671367.21
3347.21,3739519.5
2865.55,3423809.03

LIGO_1000_400.xml
3201.85,3622949.89
3534.38,3837519.79
3548.5,3849173.77
2831.69,3374690.41

LIGO_1000_401.xml
3191.6,3598397.16
3503.86,3799737.33
3742.5,3966765.49
2803.19,3337914.9

LIGO_1000_402.xml
3281.63,3703219.3
3340.26,3745834.03
3342.15,3740808.98
2913.52,3457186.23

LIGO_1000_403.xml
3386.65,3790764.33
3336.31,3766246.49
3608.96,3942797.82
2960.24,3508007.42

LIGO_1000_404.xml
3054.23,3489162.63
3545.19,3822219.79
3294.53,3646602.61
2757.04,3293713.98

LIGO_1000_405.xml
3017.65,3458925.24
3614.63,3863032.29
3129.06,3533553.59
2761.77,3293331.72

LIGO_1000_406.xml
3107,3505319.03
3202.37,3571193.5
3352.13,3663737.46
2736.79,3262586.19

LIGO_1000_407.xml
3380.71,3800843.85
3350.7,3785784.92
3801.73,4081086.63
2969.96,3532836.3

LIGO_1000_408.xml
3177.39,3584541.65
3181.47,3590906.56
3727.01,3938792.99
2759.58,3309000.8

LIGO_1000_409.xml
3461.81,3887436.9
3470.05,3893259.41
3695.48,4036614.71
3043.63,3610332.74

LIGO_1000_410.xml
3298.19,3729201.51
3210.66,3670946.48
3600.77,3932935.73
2929.79,3483703.4

LIGO_1000_411.xml
3172.02,3586802.54
3194.65,3605261.7
3545.2,3838780.72
2804.07,3347070.96

LIGO_1000_412.xml
3525.52,3893016.29
3449.9,3849643.5
3491.44,3881198.04
3002.77,3553777.57

LIGO_1000_413.xml
3503.93,3904794.32
3559.14,3948749.71
3534.26,3926811.59
3107.09,3644853.56

LIGO_1000_414.xml
3115.32,3546576.75
3469.87,3782800.33
3319.71,3685816.64
2788.93,3335517.85

LIGO_1000_415.xml
3135.02,3553573.24
3083.28,3523807.63
3302.85,3666753.6
2784.61,3325747.08

LIGO_1000_416.xml
3076.72,3471132.07
3239.59,3581928.18
3243.72,3586061.65
2727.69,3243763.59

LIGO_1000_417.xml
3083.02,3485407.74
3502.04,3765600.77
3407.93,3697706.53
2747.35,3260380.03

LIGO_1000_418.xml
3253.66,3641699.28
3098.54,3544336.12
3299.71,3674974.25
2797.66,3342618.24

LIGO_1000_419.xml
3033.69,3463510.65
3139.93,3537318.51
3286.92,3630896
2730.39,3264199.62

LIGO_1000_420.xml
3104.68,3540374.16
3342.96,3696872.16
3580.84,3855087.48
2801.44,3340505.51

LIGO_1000_421.xml
3202.78,3628364.58
3370.03,3741707.54
3691.67,3946540
2882.37,3417184.22

LIGO_1000_422.xml
3349.37,3799931.77
3627.59,3991770.79
3578.92,3958230.58
3097.24,3639935.15

LIGO_1000_423.xml
3162.01,3625410.57
3474.37,3831414.25
3411.85,3793892.6
2937.3,3475567.25

LIGO_1000_424.xml
3273.82,3691158.03
3231.4,3663459.19
3437.61,3800093.53
2835.88,3401710.64

LIGO_1000_425.xml
3188.44,3619637.83
3365.32,3745538.6
3329.59,3715958.96
2834.73,3385102.44

LIGO_1000_426.xml
3521.55,3937749.13
3588.67,3980939.16
3823.14,4141033.22
3225.44,3745431.87

LIGO_1000_427.xml
3141.79,3558556.43
3661.78,3901539.31
3514.12,3799803.06
2777.63,3317645.72

LIGO_1000_428.xml
3217.41,3665298.56
3336.56,3747402.71
3584.25,3903664.67
2933.62,3479593.97

LIGO_1000_429.xml
3118.18,3549980.25
3396.01,3737957.09
3224.69,3623597.11
2797.83,3341883.33

LIGO_1000_430.xml
3085.25,3555368.36
3891.66,4099009.87
3343.38,3726713.25
2819.42,3380058.26

LIGO_1000_431.xml
3055.01,3478417.92
3156.66,3547957.84
3605.68,3846196.09
2742.09,3272000.9

LIGO_1000_432.xml
3063.12,3488479.54
3342.2,3680197.83
3633.69,3867031.35
2762.79,3292790.76

LIGO_1000_433.xml
3166.09,3621063.64
3248.21,3675290.74
3253.03,3677609.52
2859.92,3417091.56

LIGO_1000_434.xml
3454.53,3852580.98
3430.67,3839274.67
3530.71,3902444.17
2989.54,3547872.09

LIGO_1000_435.xml
3658.39,4043652.92
3861.77,4185834.05
3483.5,3928878.09
3244.34,3769266.13

LIGO_1000_436.xml
3126.52,3560429.77
3195.98,3605453.41
3347.14,3707049.46
2829.13,3361467.76

LIGO_1000_437.xml
3114.47,3564940.02
3245.04,3652479.21
3456,3792014.04
2809.77,3361490.44

LIGO_1000_438.xml
3302.1,3701646.91
3235.58,3661496.71
3686.83,3957608.15
2835.64,3395191.56

LIGO_1000_439.xml
3373.31,3825656.66
3336.29,3804889.02
3596.54,3972634.9
3033.43,3598982.7

LIGO_1000_440.xml
3246.81,3636933.99
3104.53,3541659.47
3477.02,3788180.23
2819.62,3351914.78

LIGO_1000_441.xml
3144.04,3568545.37
3202.98,3608858.18
3532.82,3821783.26
2783.43,3333849.05

LIGO_1000_442.xml
3186.64,3598658.18
3455.31,3778510.89
3560.73,3848747.63
2783.02,3332845.41

LIGO_1000_443.xml
3441.47,3862602.09
3326.43,3793788.6
3968.74,4222235.65
3134.79,3663369.74

LIGO_1000_444.xml
3250.78,3654799.24
3828.71,4038780.7
3506.84,3820154.65
2795.34,3352713.66

LIGO_1000_445.xml
3116.07,3535630.66
3154.09,3558062.24
3617.26,3858565.49
2770.23,3304405.8

LIGO_1000_446.xml
3472.67,3887974.74
3354.76,3811035.03
3598.95,3962742.13
3036.2,3596344.46

LIGO_1000_447.xml
3316.61,3747833.75
3330.5,3763606.8
3584.4,3928524.51
2947.12,3507378.62

LIGO_1000_448.xml
3199.82,3692566.25
3443.86,3858061.29
3331.98,3783953.49
3023.53,3578993.06

LIGO_1000_449.xml
3251.84,3651222.03
3199.76,3619010.8
3591.52,3871883.77
2807.96,3360049.45

LIGO_1000_450.xml
3269.65,3658310.98
3327.49,3697227.51
3406.25,3746577.93
2802.93,3349855.69

LIGO_1000_451.xml
3533.07,3954848.44
3870.71,4187556.67
3187.73,3731251.53
3147.99,3699347.03

LIGO_1000_452.xml
3196.8,3612865.59
3404.91,3756752.81
3466.4,3792233.2
2807.61,3353639.87

LIGO_1000_453.xml
3235.79,3656924.36
3204.2,3636677.79
3557.37,3870463.58
2842.3,3396389.27

LIGO_1000_454.xml
3143.8,3582789.6
3253.39,3655977.34
3340.54,3709309.06
2845.69,3386705.42

LIGO_1000_455.xml
3206.69,3631534.03
3833.21,4047978.41
3517.1,3840061.54
2830.17,3383310.05

LIGO_1000_456.xml
3239.81,3642453.59
3210.4,3626218.26
3446.78,3778890.57
2811.62,3358443.02

LIGO_1000_457.xml
3349.2,3761877.71
3335.35,3751246.11
3375.99,3779186.82
2943.66,3488988.94

LIGO_1000_458.xml
3175.72,3625883.06
3246.54,3676581.04
3519.83,3853234.25
2861.65,3419813.42

LIGO_1000_459.xml
3814.03,4162372.92
3643.34,4049765.47
3880.06,4209852.21
3252.12,3788248.88

LIGO_1000_460.xml
3225,3704906.37
3384.62,3811901.23
3463.08,3865661.5
3008.72,3564102.53

LIGO_1000_461.xml
3536.21,3925808.05
3846.62,4135089.63
3708.22,4035525.14
3104.68,3634981.19

LIGO_1000_462.xml
3343.67,3756461.48
3283.28,3719426.16
3406.92,3798108.52
2965.48,3507085.85

LIGO_1000_463.xml
3176.26,3621766.23
3255.64,3678019.4
3545.62,3864914.18
2911.5,3448586.35

LIGO_1000_464.xml
3235.83,3681368.7
3365.86,3768030.99
3658.85,3960447.35
2949.83,3492749.63

LIGO_1000_465.xml
3476.03,3854979.67
3244.56,3710279.82
3638.62,3966848.42
3007.28,3546570.05

LIGO_1000_466.xml
3307.26,3750361.82
3648.02,3984875.23
3461.89,3853799.86
3016.21,3563823.55

LIGO_1000_467.xml
3127.66,3538600.06
3151.97,3556634.21
3492.78,3781095.04
2769.15,3302216.39

LIGO_1000_468.xml
3383.5,3800193.94
3362.23,3787454.92
3677.88,3985743.49
2986.92,3536271.17

LIGO_1000_469.xml
3257.37,3711678.84
3312.16,3753497.9
3458.63,3844591.6
2969.56,3522821.51

LIGO_1000_470.xml
3168.33,3594073.85
3395.54,3742640.82
3298.48,3680654.22
2808.23,3355062.49

LIGO_1000_471.xml
3501.02,3893865.02
3434.31,3855276.33
3716.92,4036699
3007.54,3572641.7

LIGO_1000_472.xml
3201.71,3611649.24
3205.2,3614116.94
3375.67,3724978.48
2795.86,3345189.34

LIGO_1000_473.xml
3095.56,3553120.07
3204.07,3627944.29
3574.02,3872214.7
2808.13,3363144.81

LIGO_1000_474.xml
3296.58,3722220.79
3323.16,3739057.04
4610.81,4576498.36
2931.01,3480929.24

LIGO_1000_475.xml
3381.32,3790323.05
3290.04,3732215.8
3754.42,4037490.04
2952.33,3504070.5

LIGO_1000_476.xml
3122.88,3538343.29
3201.33,3591278.42
3383.22,3706631.14
2772.44,3304636.58

LIGO_1000_477.xml
3240.64,3677659.89
3312.51,3735646.99
3358.13,3758086.74
2944.64,3485106.92

LIGO_1000_478.xml
3158.66,3589434.02
3497.43,3822743.35
3712.6,3954146.21
2810.42,3360680.66

LIGO_1000_479.xml
3225.33,3668790.77
3298.13,3719310.31
3397.02,3781968.26
2932.35,3475731.94

LIGO_1000_480.xml
3305.66,3726094.1
3317.23,3736063.05
3495.96,3852656.26
2882.92,3445166.36

LIGO_1000_481.xml
3270.15,3723920.47
3404.49,3813764.51
3422.08,3822114.41
3000.83,3542214.78

LIGO_1000_482.xml
3515.98,3909879.43
3460.01,3869627.02
3478.74,3885383.09
3043.84,3596776.41

LIGO_1000_483.xml
3294.2,3680651.28
3130.95,3576712.65
3751.78,3981658.8
2798.64,3349111.35

LIGO_1000_484.xml
3092.97,3504407.4
3266.27,3621242.63
3594.99,3833205.3
2734.47,3265582.53

LIGO_1000_485.xml
3066.27,3524832.97
3389.14,3740151.18
3744.92,3973272.4
2798.22,3347843.35

LIGO_1000_486.xml
3204.75,3666175.19
3289.41,3725743.42
3668.99,3975266.53
2935.53,3487936.49

LIGO_1000_487.xml
3351.62,3796108.39
3474,3877086.71
3578.75,3949559.75
3021,3576005.96

LIGO_1000_488.xml
3230.34,3693896.4
3412.53,3813505.4
3666.44,3981737.29
2979.04,3528987.02

LIGO_1000_489.xml
3398.84,3851406.32
3749.16,4089945.13
3728.35,4076567.23
3114.11,3662788.42

LIGO_1000_490.xml
3187.68,3678677.86
3301.4,3761056.49
3564.51,3930441.3
2965.21,3532031.58

LIGO_1000_491.xml
3324.7,3775811.71
3523.76,3912723.15
3618.26,3978532.08
3050.57,3593093.58

LIGO_1000_492.xml
3167.35,3570896.94
3221.44,3604269.44
3590.34,3849668.79
2761.44,3306749.1

LIGO_1000_493.xml
3326.45,3807094.91
3585.17,3979010.14
3638.08,4020582.35
3181.34,3716406.66

LIGO_1000_494.xml
3167.58,3566137.86
3245.35,3619982.94
3214.02,3591417.06
2763.37,3296386.77

LIGO_1000_495.xml
3263.23,3687549.64
3242.7,3680401.55
3719.23,3990521.92
2844.73,3413457.37

LIGO_1000_496.xml
3297.46,3710811.28
3479.16,3834009.58
3489.89,3835097.23
2867.06,3424633.17

LIGO_1000_497.xml
3317.04,3737299.08
3326.03,3747359.61
3822.04,4075944.69
2945.53,3491573.77

LIGO_1000_498.xml
3458.26,3882690.13
3541.39,3942741.31
3555.34,3950552.67
3081.12,3636943.67

LIGO_1000_499.xml
3092.84,3481101.09
3269.72,3599096.53
3485.36,3734383.72
2680.57,3207277.17

LIGO_1000_500.xml
3052.39,3520899.58
3219.78,3633062.66
3277.14,3668711.02
2807.36,3356097.37

LIGO_1000_501.xml
3164.77,3563009.89
3320.43,3666477.14
3348.19,3681487.56
2744.5,3284201.48

LIGO_1000_502.xml
3330.47,3766439.37
3416.29,3827359.65
3572.83,3930845.06
2962.85,3525469.18

LIGO_1000_503.xml
3166.19,3562809.66
3143.8,3548275.6
3540.35,3812550.16
2776.82,3306568.77

LIGO_1000_504.xml
3120.67,3531881.06
3234.49,3610062.85
3533.89,3806871.07
2788.75,3315807.33

LIGO_1000_505.xml
3176.96,3612044.99
3177.7,3611639.66
3545.67,3856898.4
2826.33,3380559.72

LIGO_1000_506.xml
3659.37,4027878.5
3593.81,3990902.79
3685.65,4055222.81
3109.98,3667157.24

LIGO_1000_507.xml
3348.61,3823856.45
3392.45,3857851.24
3442.06,3886374.25
3117.85,3670626.91

LIGO_1000_508.xml
3198.77,3586832.52
3299.69,3651104.45
3442.67,3744237.29
2760.57,3294898.61

LIGO_1000_509.xml
3245.83,3642839.46
3235.75,3634721.57
3526.31,3829140.65
2794.17,3342921.81

LIGO_1000_510.xml
3152.07,3600401.02
3257.5,3676428.25
3237.68,3655987.26
2809.48,3376234.01

LIGO_1000_511.xml
3253.91,3656031.42
3222.9,3633326.42
3832.85,4030152.54
2841.12,3382287.62

LIGO_1000_512.xml
3443.33,3838092.13
3475.8,3857584.49
3608.95,3944796.84
3031.49,3566025.58

LIGO_1000_513.xml
3235.03,3702154.54
3301.45,3746319.31
3615.59,3954451.45
2990.4,3542205.88

LIGO_1000_514.xml
3434.48,3845741.81
3341.5,3793979.21
3490.43,3887440.53
2993.44,3558040.93

LIGO_1000_515.xml
3331.01,3753243.11
3454.07,3835811.02
3543.88,3895799.11
3020.89,3551484.41

LIGO_1000_516.xml
3189.24,3692731.69
3539.9,3920910.32
3795.52,4088053.11
3037,3586887.99

LIGO_1000_517.xml
3131.74,3525122.72
3123.2,3520807.28
3478.45,3751587.85
2724.67,3259355.59

LIGO_1000_518.xml
3177.06,3558670.41
3129.89,3531936.52
3908.13,4043659.4
2771.87,3293581.43

LIGO_1000_519.xml
3447.93,3847851.31
3440.01,3842842.92
4022.45,4226845.69
2995.85,3554648.63

LIGO_1000_520.xml
3057.31,3508278.83
3201.52,3609802.62
3596.13,3863879.42
2773.6,3325108.79

LIGO_1000_521.xml
3414.3,3855027.42
3564.94,3953929.77
3412.59,3854558.25
3050,3614422.63

LIGO_1000_522.xml
3123.1,3551538.17
3606.39,3876738.96
3337.69,3692117.13
2790.24,3331562.13

LIGO_1000_523.xml
3173.56,3592568.58
3480.69,3798568.22
3637.81,3897508.27
2806.98,3350320.86

LIGO_1000_524.xml
3513.79,3908725.24
3353.02,3814133.59
3603.44,3973479.45
3038.64,3599527.51

LIGO_1000_525.xml
3219.41,3620534.24
3322.68,3691389.3
3366.76,3719286.72
2824.42,3360530.46

LIGO_1000_526.xml
3101.33,3515188.27
3000.19,3453124.38
3399.32,3719279.29
2757.18,3291068.6

LIGO_1000_527.xml
3297.28,3695748.66
3363.63,3737382.64
3268.89,3673132.44
2830.16,3387272.02

LIGO_1000_528.xml
3118.72,3557276.52
3179.17,3597810.6
3384.08,3726346.14
2792.78,3340994.59

LIGO_1000_529.xml
3125.26,3577961.24
3226.43,3646076.81
3392.92,3761521.99
2820.81,3381462.85

LIGO_1000_530.xml
3186.55,3594612.14
3163.23,3579605.13
3654.65,3896663.43
2804.44,3339328.22

LIGO_1000_531.xml
3259.15,3685008.57
3214.04,3659571.75
3625.95,3927283.68
2867.6,3429294.23

LIGO_1000_532.xml
3482.4,3914245.44
3476.56,3910948.95
3729.19,4081044.73
3125.6,3671944.84

LIGO_1000_533.xml
3245.03,3716810.17
3412.71,3830650.91
3495.42,3884915.4
3028.11,3576155.85

LIGO_1000_534.xml
3154.22,3590780.35
3134.41,3582857.45
3419.34,3764547.63
2820.46,3372364.08

LIGO_1000_535.xml
3198.57,3610024.61
3171.27,3593338.53
3443.21,3773479.05
2798.52,3346281.84

LIGO_1000_536.xml
3336.64,3744674.81
3284.12,3710718.8
4017.68,4188122.5
2883.5,3442398.17

LIGO_1000_537.xml
3097.8,3574142.09
3268.52,3690032.15
3640.22,3934486.07
2859.8,3417375.15

LIGO_1000_538.xml
3371.46,3814923.12
3343.59,3796819.62
3410.79,3841331.78
3038.8,3595959.15

LIGO_1000_539.xml
3399.44,3790413.4
3386.85,3791999.34
3451.03,3826188.23
2951.93,3498889.15

LIGO_1000_540.xml
3657.87,4033074.83
3617.56,4004898.98
3147.32,3697735.08
3193.02,3723369.62

LIGO_1000_541.xml
3137.47,3586176.14
3139.13,3592704.34
3759.85,4003550.47
2834.66,3389610.98

LIGO_1000_542.xml
3207.59,3655449.53
3529.38,3873186.92
3757.72,4014194.29
2871.01,3432557.02

LIGO_1000_543.xml
3341.75,3757520.36
3464.55,3846484.61
3428.4,3820676.2
2969.11,3517030.36

LIGO_1000_544.xml
3116.9,3546058.93
3361.2,3706424.39
3368.94,3709153.84
2792.36,3331190.12

LIGO_1000_545.xml
3152.11,3578118.74
3175.46,3595168.63
3331.86,3697583.06
2779.07,3333365.19

LIGO_1000_546.xml
3107.53,3482076.27
3055.18,3446579.97
3313.77,3617738.11
2679.63,3200608.57

LIGO_1000_547.xml
3260.29,3688916.3
3341.27,3748793.84
3578.98,3895621.91
2928.61,3474261.27

LIGO_1000_548.xml
3322.5,3768311.08
3439.1,3849169.26
3752.2,4051629.22
3018.05,3568774.98

LIGO_1000_549.xml
3209.28,3668714.25
3252.89,3698802.49
3299.86,3728715.2
2902.35,3466314.14

LIGO_1000_550.xml
3377.58,3793988.2
3411.07,3819458.89
3857.12,4114544.94
2960.47,3515946.18

LIGO_1000_551.xml
3256.56,3688217.5
3261.53,3698589.82
3609.96,3925597.81
2868.18,3434810.27

LIGO_1000_552.xml
3774.54,4104761.57
3866.23,4169610.14
3575.08,3979529.96
3141.48,3681873.14

LIGO_1000_553.xml
3163.93,3553861.81
3309.44,3651209.42
3386.4,3698878.75
2763.04,3288910.72

LIGO_1000_554.xml
3519.82,3893567.66
3434.87,3842767.54
3604.46,3950748.77
3023.93,3564504.19

LIGO_1000_555.xml
3255.92,3678490.98
3290.62,3709730.4
3910.01,4111485.25
2853.84,3417567.7

LIGO_1000_556.xml
3536.73,3932274.85
3536.79,3931961.95
3635.48,3997436.65
3052.45,3613083.43

LIGO_1000_557.xml
3292.54,3726173.08
3217.08,3678550.76
3776.8,4041559.46
2891.79,3461379.55

LIGO_1000_558.xml
3298.53,3713253.33
3264.94,3692861.93
3572.9,3895854.03
2880.6,3437638.23

LIGO_1000_559.xml
3221.41,3707246.83
3292.04,3760280.16
3433.37,3846355.9
3035.7,3585277.79

LIGO_1000_560.xml
3135.57,3587421.81
3212.88,3639480.56
3426.51,3780675.68
2857.31,3402900.93

LIGO_1000_561.xml
3230.87,3645657.32
3164.19,3601095.11
3540.64,3850471.08
2825.3,3376571.69

LIGO_1000_562.xml
3256.01,3695210.61
3306.44,3729024.52
3609.3,3925618.66
2966.69,3504193.47

LIGO_1000_563.xml
3664.92,4023996.43
3651.06,4015499.91
3124.78,3672315.71
3204.44,3722518.32

LIGO_1000_564.xml
3274.55,3675287.16
3245.72,3659551.96
3291.78,3691481.29
2833.21,3385371.01

LIGO_1000_565.xml
3166.29,3596391.82
3120.39,3564539.92
3462.54,3795583.71
2853.52,3393266.17

LIGO_1000_566.xml
3085.1,3504686.82
3125.29,3533901.69
3157.33,3551831.98
2751.31,3285817.67

LIGO_1000_567.xml
3077.75,3493953.88
3584.65,3833952.05
3696.08,3900327.43
2743.54,3273113.47

LIGO_1000_568.xml
3454.2,3884660.17
3574.03,3967392.26
3208.61,3725667.17
3106.16,3657277.16

LIGO_1000_569.xml
3170.62,3625067.39
3236.72,3669301.11
3647.68,3939163.51
2889.48,3439786.13

LIGO_1000_570.xml
3604.67,3980112.31
3818.7,4123445.1
3149.15,3680670.56
3181.01,3698602.71

LIGO_1000_571.xml
3558.51,3919486.54
3604.16,3951571.86
3047.49,3587115.05
3091.22,3607442.88

LIGO_1000_572.xml
3212.88,3675008.73
3204.76,3675116.21
3253.64,3702879.54
2900.69,3471834.46

LIGO_1000_573.xml
3292.92,3713357.45
3372.84,3772908.28
3619.86,3929150.3
2944.62,3486054.47

LIGO_1000_574.xml
3484.32,3911614.67
3592.2,3980930.12
4082.48,4294128.19
3125.13,3672450.95

LIGO_1000_575.xml
3652.38,4023947.46
3659.26,4034607.94
3160.7,3706655.77
3215.86,3736685.61

LIGO_1000_576.xml
3055.85,3475550.35
3265.4,3618592.63
3377.99,3688083.3
2747.05,3272304.22

LIGO_1000_577.xml
3075.4,3514922.47
3156.81,3569045.09
3379.35,3713919.37
2778.21,3312607.94

LIGO_1000_578.xml
3264.34,3708678.06
3305.58,3736385.73
3705.35,3992163.95
2926.64,3483492.45

LIGO_1000_579.xml
3230.69,3627925.31
3182.54,3594461.34
3627.34,3885841.52
2808.04,3342874.5

LIGO_1000_580.xml
3428.05,3842162.25
3433.77,3843323.19
3630.77,3978897.97
3130.7,3644602.65

LIGO_1000_581.xml
3324.97,3775133.35
3523.51,3910450.42
3368.09,3810374.63
3035.2,3589818.99

LIGO_1000_582.xml
3264.06,3672349.15
3369.13,3741682.02
3510.09,3833072.07
2811.08,3373965.14

LIGO_1000_583.xml
3231.66,3643060.4
3242.96,3653120.18
3651.31,3924429.35
2810.25,3363883.38

LIGO_1000_584.xml
3107.69,3542480.16
3225.16,3629779.34
3571.66,3852974.88
2791.85,3342071.08

LIGO_1000_585.xml
3470.05,3827559.39
3295.01,3717529.82
3603.04,3924200.34
2979.75,3506641.87

LIGO_1000_586.xml
3021.19,3504231.87
3329.16,3709882.02
3705.14,3957255.34
2842.63,3386625.4

LIGO_1000_587.xml
3113.01,3542103.98
3205.69,3604175.33
3262.88,3640921.34
2802.25,3339482.68

LIGO_1000_588.xml
3153.5,3557329.85
3109.16,3525982.56
3543.36,3815780.47
2766.76,3300921.33

LIGO_1000_589.xml
3063.33,3472119.68
3090.55,3487853.69
3619.87,3840025.15
2753.57,3265623.93

LIGO_1000_590.xml
3173.13,3596495.71
3113.16,3556497.19
3724.33,3956492.76
2824.67,3365592.66

LIGO_1000_591.xml
3092.65,3511014.59
3207.33,3588735.62
3358.66,3684957.84
2744.29,3281754.97

LIGO_1000_592.xml
3291.16,3743772.47
3313.72,3758958.23
3302.34,3750415.18
3003.23,3553908.41

LIGO_1000_593.xml
3190.79,3631710.69
3230.45,3660856.07
3202.94,3644982.17
2861.49,3420766.07

LIGO_1000_594.xml
3476.71,3893373.46
3362.19,3820348.8
4148.2,4343413.95
3067.19,3621414.05

LIGO_1000_595.xml
3573.47,3967057.53
3624.47,3997871.83
3114.32,3667848.29
3206.25,3724753

LIGO_1000_596.xml
3120.38,3568386.31
3257.3,3662795.36
3521.45,3834379.51
2838.24,3383716.47

LIGO_1000_597.xml
3199.92,3596767.58
3190.84,3596479.21
3538.14,3820246.86
2784.45,3321802.48

LIGO_1000_598.xml
3376.39,3829266.33
3494.79,3907470.81
3554.89,3957179.82
3024.63,3601063.26

LIGO_1000_599.xml
3303.07,3737253.54
3311.31,3745449
3588.61,3925027.96
2907.67,3474620.39

LIGO_1000_600.xml
3283.1,3761262.31
3415.3,3854981.24
3510.28,3909951.52
2998.53,3576088.23

LIGO_1000_601.xml
3074.78,3510624.41
3451.5,3768028.65
3872.97,4040182.82
2795.46,3328628.71

LIGO_1000_602.xml
3118.57,3549504.53
3175.37,3586743.44
3438.23,3758825.61
2806.44,3339578.71

LIGO_1000_603.xml
3154.4,3648665.95
3308.6,3757647.44
3491.77,3871457
3018.9,3562731.31

LIGO_1000_604.xml
3211.77,3604311.83
3275.19,3652685.75
3380.58,3714464.55
2767.74,3314630.92

LIGO_1000_605.xml
3136.41,3547771.71
3226.79,3606986.58
3603.44,3843806.42
2756.23,3293699.47

LIGO_1000_606.xml
3689.91,4037404.81
3820.87,4133382.32
3165.69,3700975.16
3119.7,3663252.34

LIGO_1000_607.xml
3281.08,3696873.85
3307.51,3715007.54
3341.92,3736193.38
2868.49,3423808.24

LIGO_1000_608.xml
3205.83,3597044.6
3307.75,3665714.92
3289.34,3653292.81
2779.65,3320223.43

LIGO_1000_609.xml
3652.53,4035306.44
3671.5,4049104.02
3146.23,3704433.32
3160.94,3709844.57

LIGO_1000_610.xml
3299.67,3723632.28
3305.48,3730640.75
3384.18,3781993.38
2907.11,3466962.05

LIGO_1000_611.xml
3166.56,3562929.78
3614.79,3860838.43
3335.46,3671713.65
2749.13,3285061.15

LIGO_1000_612.xml
3090.83,3539853.44
3197.93,3612957.21
3369.36,3727222.56
2809.35,3355349.06

LIGO_1000_613.xml
3242.43,3649915.16
3612.73,3897143.83
3380.08,3737700.77
2832.35,3380181.97

LIGO_1000_614.xml
3302.52,3729345.53
3228.24,3681090.65
3736.94,4018065.72
2899.11,3464319.15

LIGO_1000_615.xml
3161.83,3595966.05
3328.47,3707247.33
3498.29,3817707.97
2813.54,3363198.6

LIGO_1000_616.xml
3131.86,3562891.31
3744.77,3971135.35
3614.84,3881029.61
2803.34,3347818.33

LIGO_1000_617.xml
3067.96,3475661.13
3032.78,3456075.81
3354.03,3664520.56
2731.38,3256298.22

LIGO_1000_618.xml
3193.44,3648343.83
3226.93,3676389.07
3453.65,3821576.58
2894.12,3451630.75

LIGO_1000_619.xml
3367.12,3802753.3
3474.49,3872380.31
3506.72,3894999.56
2984.46,3552426.01

LIGO_1000_620.xml
3406.81,3816038.06
3382.18,3800802.32
3585.13,3936252.38
2998.16,3548300.89

LIGO_1000_621.xml
3403.84,3805835.49
3440.8,3833142.4
3417.38,3821325.47
3005.55,3547720.02

LIGO_1000_622.xml
3185.3,3579195.55
3304.85,3654771.77
3434.5,3737618.23
2758.59,3295942.23

LIGO_1000_623.xml
3251.31,3694164.44
3450,3826773.18
3541.83,3888298.6
2994.27,3524779.59

LIGO_1000_624.xml
3120.55,3581838.89
3232.33,3663206.96
3474.18,3821451.08
2849.89,3406636.87

LIGO_1000_625.xml
3215.91,3661550.57
3438.56,3802949.81
3588.58,3907021.3
2932.1,3472974.76

LIGO_1000_626.xml
3554.56,3939659.4
3574.82,3949583.24
3106.71,3646674.3
3165.46,3686120.58

LIGO_1000_627.xml
3078.32,3546458.16
3238.09,3656121.71
3539.6,3852665.25
2829.09,3385127.21

LIGO_1000_628.xml
3396.26,3847895.02
3470.68,3903318.36
3943.39,4212984.51
3060.58,3630405.84

LIGO_1000_629.xml
3212.08,3638535.59
3201.41,3631844.49
3742.15,3987318.95
2834.82,3386331.81

LIGO_1000_630.xml
3412.3,3802980.43
3451.04,3828455.58
3818.3,4072585.22
2925.76,3483977.19

LIGO_1000_631.xml
3179.18,3632494.85
3427.11,3795647.22
3432.77,3796295.22
2851.68,3413549.92

LIGO_1000_632.xml
3120.79,3542453.24
3179.87,3586667.83
3639.21,3879625.96
2811.56,3338836.82

LIGO_1000_633.xml
3580.09,3979788.91
3867.44,4167985.67
3534.14,3949946
3140.32,3683726.12

LIGO_1000_634.xml
3275.28,3692286.2
3346.73,3742789.04
3501.9,3845648.06
2929.72,3467653.35

LIGO_1000_635.xml
3421.5,3876917.45
3433.86,3891418.22
3766.35,4106669.23
3054.22,3635996.12

LIGO_1000_636.xml
3413.8,3823808.52
3502.4,3881666.67
3472.82,3859162.53
3023.64,3558059.54

LIGO_1000_637.xml
3037.48,3505907.75
3311.15,3689260.93
3416.97,3762668.73
2831.86,3372740.88

LIGO_1000_638.xml
3053.69,3482787.37
3103.46,3519746.79
3710.46,3921542.37
2707.96,3256460.02

LIGO_1000_639.xml
3209.94,3643985.67
3283.33,3689933.78
3656.9,3947159.38
2835.77,3398946.23

LIGO_1000_640.xml
3372.42,3798129.21
3361.07,3793094.32
3499.43,3881183.7
2928.53,3508111.72

LIGO_1000_641.xml
3677.12,4019934.89
3608.26,3970050.65
3102.16,3640802.31
3122.6,3648049.13

LIGO_1000_642.xml
3084.97,3508220.51
3172.71,3564066.2
3409.04,3716530.49
2772.19,3298783.81

LIGO_1000_643.xml
3237.65,3674830.95
3229.94,3672944.48
3746.81,4016719.85
2873.13,3436558.82

LIGO_1000_644.xml
3443.2,3872901.23
3409.08,3853478.21
3597.33,3976156
3081.04,3631567.39

LIGO_1000_645.xml
3134.54,3529556.26
3201.98,3571336.51
3278.77,3626388.39
2756.9,3281936.72

LIGO_1000_646.xml
3333.21,3788422.3
3252.71,3735499.31
3455.69,3864493.34
3046.11,3599383.45

LIGO_1000_647.xml
3389.23,3802054.36
3729.6,4031859.18
3520.53,3888588.52
3018.4,3557547.14

LIGO_1000_648.xml
3288.98,3729774.03
3255.81,3714355.98
3902.77,4141572.99
2959.4,3517643.89

LIGO_1000_649.xml
3465.38,3868135.95
3488.76,3882702.63
3894.38,4149606.49
3027.82,3580090.42

LIGO_1000_650.xml
3296.44,3728685.99
3308.89,3738269.86
3756.63,4032089.63
2940.3,3496583.78

LIGO_1000_651.xml
3806.63,4049864.4
3709.63,3981780.78
3003.22,3515910.74
2955.63,3483544.08

LIGO_1000_652.xml
3570,3958852.75
3541.05,3943949.29
3212.69,3729986.57
3055.25,3618605.55

LIGO_1000_653.xml
3492.74,3913691.87
3869.77,4166425.54
4058.07,4300217.29
3110.52,3662813.11

LIGO_1000_654.xml
3099.92,3509092.73
3122.13,3522201.99
3669.29,3886122.95
2762.41,3285895

LIGO_1000_655.xml
3492.57,3878010.71
3522.07,3895907.93
3558.59,3924439.38
3073.7,3602507.62

LIGO_1000_656.xml
3291.62,3761345.91
3790.16,4097118.11
3372.21,3816890.27
3006.19,3575038.48

LIGO_1000_657.xml
3658.77,4008925
3571.95,3953107.63
3091.98,3639381.68
3090.77,3636313.71

LIGO_1000_658.xml
3105.25,3540400.3
3137.05,3558943.38
3403.19,3734257.11
2794.84,3334713.66

LIGO_1000_659.xml
3394.11,3845677.02
3453.02,3891937.52
3523.57,3933157.04
3055.13,3625660.35

LIGO_1000_660.xml
3237.19,3657548.46
3251.3,3669394.45
3280.91,3689834.91
2833.41,3392628.08

LIGO_1000_661.xml
3380.19,3761999.48
3325.75,3733924.88
3930.01,4120614.47
2931.73,3472722.3

LIGO_1000_662.xml
3259.89,3667542.87
3586.75,3885087.92
3989.71,4150983.37
2838.73,3388341.05

LIGO_1000_663.xml
3588.76,3959095.77
3775.81,4089954.06
3412.22,3848153.56
3094.97,3632461.33

LIGO_1000_664.xml
3298.72,3737155.86
3370.94,3786157.35
3958.19,4176752.29
2986.46,3528218.95

LIGO_1000_665.xml
3394.54,3813451.86
3976.96,4204832.31
3941.23,4172451.2
2982.44,3537704.78

LIGO_1000_666.xml
3189.77,3616286.79
3375.79,3746042.3
3584.11,3876158.41
2809.13,3362978.36

LIGO_1000_667.xml
3324.67,3746623.72
3216.92,3679096.13
3411.68,3804456.13
2953.31,3500074.36

LIGO_1000_668.xml
3321.97,3737639.01
3318.96,3737716.82
3621.16,3933217.16
2894.76,3455124.52

LIGO_1000_669.xml
3230.35,3652381.54
3253.48,3665831.19
3820.94,4039860.44
2813.95,3374183.84

LIGO_1000_670.xml
3299.32,3698414.48
3198.22,3631961.13
3287.68,3688159.58
2850.31,3400917.08

LIGO_1000_671.xml
3212.11,3624518.67
3221.63,3632061.62
3555.68,3848293.92
2789.99,3348129.58

LIGO_1000_672.xml
3211.85,3620920.51
3273.48,3662994.14
3313.3,3685279.48
2825.84,3365166.13

LIGO_1000_673.xml
3420.13,3852699.15
3504.79,3902616.22
3473.89,3890502.27
3030.49,3592089.08

LIGO_1000_674.xml
3850.79,4213358.74
3714.31,4118523.91
3273.67,3835191.97
3309.56,3853421.75

LIGO_1000_675.xml
3188.35,3625176.89
3241.59,3663595.18
3870.56,4075697.85
2855.47,3405255.48

LIGO_1000_676.xml
3095.76,3523312.93
3166.51,3572083.48
3407.58,3729883.12
2778.7,3313699.89

LIGO_1000_677.xml
3251.94,3694876.77
3376.71,3771029.84
3803.39,4056033.75
2893.86,3451338.95

LIGO_1000_678.xml
2956.97,3398160.29
3112.48,3504340.31
3184.86,3551557.06
2716.45,3242107.41

LIGO_1000_679.xml
3124.11,3544299.83
3428.35,3745964.81
3295.42,3656717.09
2785.43,3321966.93

LIGO_1000_680.xml
2995.55,3385612.94
3040.9,3416227.5
3307.32,3591917.4
2660.53,3168163.51

LIGO_1000_681.xml
3298.73,3702003.3
3235.78,3665444.15
3204.68,3640409.91
2875.58,3424201.36

LIGO_1000_682.xml
3421.84,3854343.05
3372.51,3829542.48
3341.69,3801683.05
3042.06,3604404.35

LIGO_1000_683.xml
3192.78,3646539.64
3702.99,3991856.41
3448.74,3814918.45
2847.77,3419793.34

LIGO_1000_684.xml
3337.81,3779257.14
3433.28,3845344.16
3850.38,4114667.69
3008.95,3558273.74

LIGO_1000_685.xml
3498.35,3892140.06
3585.92,3952012.57
3328.3,3788052.85
3059.58,3604572.6

LIGO_1000_686.xml
3157.48,3595031.4
3204.52,3630993.66
3711.3,3963797.96
2836.31,3383364.2

LIGO_1000_687.xml
3295.21,3729342.03
3374.81,3784433.35
3277.04,3719386.39
3090.03,3593198.29

LIGO_1000_688.xml
3146.58,3575517.98
3213.18,3616425.54
3725.58,3963329.93
2798.59,3345661.22

LIGO_1000_689.xml
3043.49,3499953.66
3199.83,3604013.17
3458.36,3768015.19
2800.13,3339516.51

LIGO_1000_690.xml
3253.91,3734199.42
3444.99,3863215.45
3651.63,3996687.65
3010.42,3576304.76

LIGO_1000_691.xml
3217.48,3666196.97
3300.47,3727736.74
3250.96,3691332.76
2912.52,3464183.41

LIGO_1000_692.xml
3155.69,3545560.61
3302.05,3642563.67
3286.6,3629230.39
2736.06,3267586.33

LIGO_1000_693.xml
3353.18,3779406.24
3388.15,3805280.02
3390.93,3802996.91
2976.36,3530635.98

LIGO_1000_694.xml
3221.32,3666899
3320.67,3733202.82
3813.42,4058667.92
2901.48,3455709.4

LIGO_1000_695.xml
3089.61,3552531.47
3563.57,3865781.65
3822.98,4031979.87
2825.43,3376283.76

LIGO_1000_696.xml
3404.22,3823024.47
3406.77,3824855.41
3573.76,3932916.23
3003.17,3556057.61

LIGO_1000_697.xml
3141.17,3530395.33
3417.17,3716551.25
3368.76,3685218.27
2753.46,3277241.75

LIGO_1000_698.xml
3252.53,3713844.32
3489.05,3871373.47
3787.55,4068675.47
2968.94,3528869.69

LIGO_1000_699.xml
3632.05,4001206.37
3852.82,4144988.79
3784.07,4097698.97
3198.93,3710904.51

LIGO_1000_700.xml
3111.94,3574085.24
3491.74,3826731.37
3588.33,3894347.67
2867.56,3415110.53

LIGO_1000_701.xml
3714.21,4031021.97
3598.9,3962237.54
3357.82,3801083.32
3041.51,3585532.86

LIGO_1000_702.xml
3677.5,4041454.59
3516.08,3936417.27
3738.92,4089091.71
3136.11,3678208.45

LIGO_1000_703.xml
3296.18,3713697.94
3309.96,3724903.19
3358.9,3754537.42
2939.43,3478737.62

LIGO_1000_704.xml
3151.74,3637828.61
3375.72,3786850.9
3538.08,3894253.34
2940.61,3504858.8

LIGO_1000_705.xml
3168.97,3583095.11
3118.6,3553003.23
3676.77,3915346.17
2798.77,3339939.65

LIGO_1000_706.xml
3137.76,3539659.55
3091.8,3513772.89
3658.6,3884640.16
2755.23,3291831.7

LIGO_1000_707.xml
3339.82,3783504.49
3409.8,3832060.58
3578.37,3941849.28
3018.14,3574298.68

LIGO_1000_708.xml
3485.77,3929230.07
3690.39,4068170.17
3205.18,3751920.34
3234.01,3764116.71

LIGO_1000_709.xml
3373.25,3795663.24
3413.14,3825745.95
3796.31,4073232.26
2983.52,3538436.43

LIGO_1000_710.xml
3610.26,4002888.09
3837.66,4159288.36
3197.33,3733593.28
3122.45,3678006.96

LIGO_1000_711.xml
3320.02,3751077.49
3316.01,3750877.28
3905.5,4141983.09
2963.68,3517576.59

LIGO_1000_712.xml
3501.64,3908537.27
3546.6,3936203.46
3325.82,3791444.79
3123.98,3655703.47

LIGO_1000_713.xml
3260.69,3706191.17
3200.65,3665162.5
4265.27,4361817.52
2967.28,3509564.78

LIGO_1000_714.xml
3268.24,3689794.64
3209.5,3651639.6
3353.34,3743022.51
2881.45,3434446.09

LIGO_1000_715.xml
3346.27,3771235.41
3458.35,3847093.14
3352.02,3775267.91
2969.39,3523896.96

LIGO_1000_716.xml
3208.86,3660257.15
3238.94,3681734.17
3621.73,3937996.58
2882.23,3447105.41

LIGO_1000_717.xml
3047.92,3481576.88
3409.39,3717633.75
3648.84,3882906.31
2736.66,3277261.57

LIGO_1000_718.xml
3080.05,3527389.55
3159.42,3574400
3304.9,3675360.56
2793.26,3336500.31

LIGO_1000_719.xml
3283.1,3721734.03
3321.35,3751778.84
3520.98,3884328.36
2906.01,3477244.51

LIGO_1000_720.xml
3429.64,3822907.25
3371.1,3795027.44
3637.91,3964754.1
2976.47,3527935.67

LIGO_1000_721.xml
3254.56,3665801.99
3342.59,3726700.57
3532.29,3845670.56
2837.56,3387282.86

LIGO_1000_722.xml
3247.13,3694608.56
3248.47,3697423.41
3639.74,3957139.55
2964.79,3510475.18

LIGO_1000_723.xml
3085.94,3533351.64
3289.53,3668453.81
3546.5,3837646.05
2811.71,3349453.57

LIGO_1000_724.xml
3440.05,3826020.58
3418.56,3810509.19
3782.46,4059105.63
2974.25,3523701.8

LIGO_1000_725.xml
3368.88,3809798.14
3421.48,3848102
3762.03,4068156.78
3046.82,3595443.99

LIGO_1000_726.xml
3294.75,3712200.81
3257.34,3694724.84
4048.88,4205424.91
2918.22,3465814.81

LIGO_1000_727.xml
3523.46,3940787.97
3526.08,3946663.43
3609.34,3998858.34
3096.65,3663209.11

LIGO_1000_728.xml
3176.38,3597747.25
3201.6,3614434.08
3717.81,3949166.36
2811.57,3356927.88

LIGO_1000_729.xml
3242.48,3689092.33
3264.75,3706531.05
3296.01,3726299.61
2946.25,3495218.98

LIGO_1000_730.xml
3309.51,3759461.75
3342.62,3785139.28
3298.88,3752382.64
2927.04,3510261.13

LIGO_1000_731.xml
3402.78,3832695.51
3586.83,3950783.14
3075.77,3619633.5
3165.68,3672910.21

LIGO_1000_732.xml
3295.57,3772752.72
3535.58,3932325.39
3711.95,4047185.41
3079.74,3630591.41

LIGO_1000_733.xml
3366.15,3766498.94
3266.92,3702224.05
3464.2,3833141.99
2920.13,3471268.53

LIGO_1000_734.xml
3144.14,3545035.98
3094.05,3515267.38
3186.78,3577279.18
2768.26,3300354.8

LIGO_1000_735.xml
3115.08,3572914.36
3484.78,3824916.13
3574.65,3874827.03
2826.64,3381719.68

LIGO_1000_736.xml
3114.75,3555170.35
3190.26,3606633.21
3385.68,3740595.57
2824,3365003.5

LIGO_1000_737.xml
3110.72,3520994.37
3668.8,3892626.28
3340.95,3673005.13
2784.86,3306822.45

LIGO_1000_738.xml
3373.37,3811434.7
3429.64,3853964.12
3553.26,3929913.72
3043.38,3591876.97

LIGO_1000_739.xml
3325.57,3775286.24
3256.16,3733993.67
3385.1,3813326.43
3032.84,3584224.24

LIGO_1000_740.xml
3329.09,3760661.72
3262.64,3722319.3
3251.25,3713381.05
2903.17,3484416.93

LIGO_1000_741.xml
3346.35,3773949.3
3248.31,3709583.82
3887.21,4126326.78
2972.63,3527073.17

LIGO_1000_742.xml
3316.48,3759452.71
3350.41,3789562.52
3758,4057657.01
3019.25,3564701.32

LIGO_1000_743.xml
3532.48,3917288.99
3471.67,3885241.84
3573.46,3951017.1
3024.05,3587027.15

LIGO_1000_744.xml
3436.48,3854811.3
3408.27,3842665.13
3327.02,3784468.04
3066.41,3611755.52

LIGO_1000_745.xml
3113.97,3519067.3
3547.06,3803974.17
3644.01,3866686.25
2755.67,3278087.26

LIGO_1000_746.xml
3553.78,3930177.75
3528.41,3915747.46
3833.05,4113486.74
3060.21,3605187.39

LIGO_1000_747.xml
3240.17,3682229.32
3277.49,3710807.05
3392.7,3786952.3
2869.16,3438945.44

LIGO_1000_748.xml
3099.05,3491640.63
3641.41,3854499.88
3436.34,3715783.91
2736.04,3257052.65

LIGO_1000_749.xml
3636.38,4005714.6
3676.5,4038657.45
3092.42,3651947.42
3110.96,3657671.86

LIGO_1000_750.xml
3087.59,3506500.6
3285.91,3636840.59
3492.51,3765888.74
2737.5,3277468.35

LIGO_1000_751.xml
3328.21,3750968.79
3308.42,3735172.07
3558.64,3904790.67
2900.88,3466143.26

LIGO_1000_752.xml
3095.25,3494632.34
3464.64,3736890.01
3485.79,3751428.19
2737.83,3255697.29

LIGO_1000_753.xml
3424.93,3850480.62
3580.27,3951045.59
3563.18,3941817.76
3157.8,3676423.79

LIGO_1000_754.xml
3183.92,3637511.51
3327.43,3735614.03
3758.13,4017468.21
2901.81,3455357.33

LIGO_1000_755.xml
3530.92,3863193.45
3354.34,3743608.14
3334.24,3739233.62
2939.31,3472785.67

LIGO_1000_756.xml
3584.71,3966413.83
3660.46,4017800.39
3114.54,3662651.34
3069.07,3626127.47

LIGO_1000_757.xml
3219.89,3668081.69
3282.28,3713645.32
3601.34,3917069.38
2949.68,3490809.36

LIGO_1000_758.xml
3166.98,3558500.16
3276.9,3630423.23
3580.16,3834605.97
2749.6,3283976.13

LIGO_1000_759.xml
3453.89,3879219.07
3546.4,3940643.96
3492.93,3912157.46
3064.96,3627818.81

LIGO_1000_760.xml
3163.14,3592683.58
3250.48,3653508.29
3351.44,3715455.67
2812.68,3360030.25

LIGO_1000_761.xml
3494.32,3895336.77
3560.78,3945186.38
3746.63,4063128.78
3123.23,3648709.65

LIGO_1000_762.xml
3189.18,3651031.47
3505.59,3855560.82
3527.18,3875835.43
2890.96,3454251.91

LIGO_1000_763.xml
3105.73,3554248.76
3231.86,3642027.33
3266.08,3660077.48
2842.14,3382063.94

LIGO_1000_764.xml
3109.03,3539420.39
3335.91,3694638.33
3300.9,3669566.63
2786.92,3326591.17

LIGO_1000_765.xml
3185.71,3631577.97
3331.49,3730945.77
3548.35,3878286.28
2836.5,3406883.03

LIGO_1000_766.xml
3245.16,3646155.61
3293.91,3677645.15
3625.57,3894519
2796.85,3346665.23

LIGO_1000_767.xml
3366.17,3789247.89
3461.64,3851391.51
3483.25,3866743.34
2987.93,3540790.04

LIGO_1000_768.xml
3417,3831011.43
3489.29,3886007.37
3613.55,3957786.43
3004.7,3562222.31

LIGO_1000_769.xml
3679.62,4039546.06
3601.06,3990892
3168.44,3711051.08
3075.31,3644358.28

LIGO_1000_770.xml
3144.89,3560347.09
3130.8,3555682.24
3531.69,3817365.26
2763.37,3309916.28

LIGO_1000_771.xml
3248.03,3684037.18
3232.8,3677072.95
3543.4,3883702.84
2936.06,3479054.09

LIGO_1000_772.xml
3265,3671424.54
3206.45,3630310.85
3305.05,3696056.34
2815.45,3371337.23

LIGO_1000_773.xml
3177.47,3574728.51
3227.54,3611558.28
3358.54,3697769.11
2781.62,3313110.5

LIGO_1000_774.xml
3147.53,3540140.66
3134.96,3530791.67
3455.96,3744010.77
2752.24,3278863.04

LIGO_1000_775.xml
3316.41,3775208.77
3378.11,3817773.18
3704.13,4027988.81
3002.62,3567024.58

LIGO_1000_776.xml
3008.93,3489102.67
3138.61,3580819.29
3851.88,4054227.53
2823.42,3371554.42

LIGO_1000_777.xml
3287.37,3741602.64
3408.72,3825406.59
3845.99,4111618.43
3019.2,3569249.71

LIGO_1000_778.xml
3096.77,3531364.17
3134.57,3555560.28
3344.44,3696038.39
2773.29,3318423.06

LIGO_1000_779.xml
3409.27,3833579.5
3554.42,3925683.52
3250.24,3731469.43
3154.75,3657329.66

LIGO_1000_780.xml
3387.84,3831798.93
3392.43,3841453.37
3683.26,4031541.66
3029.32,3596873.74

LIGO_1000_781.xml
3652.48,4021306.73
3821.87,4128592.89
3128.31,3676774.76
3100.29,3646746.09

LIGO_1000_782.xml
3585.24,3980775.41
3809.28,4130422.38
3799.15,4125746.86
3091.69,3656215.76

LIGO_1000_783.xml
3030.01,3441831.45
3705.96,3895472.34
3507.95,3754342.8
2703.63,3229391.03

LIGO_1000_784.xml
3312.59,3751949.08
3325.9,3764886.31
3623.1,3950009.2
2915.87,3489362.69

LIGO_1000_785.xml
3363.92,3798844.71
3615.04,3962275.67
3928.11,4172539.38
3056.81,3591637.17

LIGO_1000_786.xml
3300.23,3699334.66
3223.82,3651547.1
3590.58,3886645.68
2893.75,3431161.34

LIGO_1000_787.xml
3322.83,3763206.23
3355.7,3792095.44
3357.02,3788946.46
2997.56,3549323.39

LIGO_1000_788.xml
3104.58,3505675.32
3414.65,3707173.75
3588.3,3817790.94
2720.03,3251091.23

LIGO_1000_789.xml
3309.3,3721153.97
3288.33,3711657.09
3374.52,3766164.43
2875.65,3439337.72

LIGO_1000_790.xml
3196.99,3619840.83
3056.25,3526439.37
3470.84,3797663.19
2822.47,3370018.96

LIGO_1000_791.xml
3156.31,3550577.29
3128.56,3529592.12
3352.25,3681235.97
2749.84,3281803.92

LIGO_1000_792.xml
3015.91,3459443.09
3125.8,3536396.83
3301.85,3650529.22
2743.11,3283072.68

LIGO_1000_793.xml
3136.22,3579069.67
3394.73,3754804.94
3282.82,3677031.07
2880.29,3412463.02

LIGO_1000_794.xml
3089.85,3517119.69
3176.63,3580039.28
3339.82,3683306.31
2750.19,3292936.69

LIGO_1000_795.xml
3257.72,3649305
3234.29,3636535.89
3373.77,3730246.68
2779.9,3336487.73

LIGO_1000_796.xml
3104.98,3495085.56
3110.49,3495187.31
3664.76,3862505.52
2718.91,3237587.56

LIGO_1000_797.xml
3372.11,3800544.8
3408.17,3829965.01
3371.58,3804341.61
2998.2,3559919.68

LIGO_1000_798.xml
3258.84,3684627.85
3349.76,3744383.49
3395.61,3775432.48
2930.6,3470446.69

LIGO_1000_799.xml
3445.71,3860813.38
3441.49,3857068.26
3091.51,3628231.4
2996.98,3564084.3

LIGO_1000_800.xml
3250.56,3661208.45
3280.08,3682898.38
3411.33,3770323.4
2839.05,3391177.95

LIGO_1000_801.xml
3120.56,3560454.62
3222.95,3628997.15
3343.09,3707248.74
2802.07,3347784.51

LIGO_1000_802.xml
3600.06,3987459.82
3546.63,3958773.15
3528.99,3949500.22
3189.26,3719165.2

LIGO_1000_803.xml
3422.84,3831676.49
3413.97,3827326.37
3431.7,3838605.08
3010.24,3560558.45

LIGO_1000_804.xml
3412.45,3804948.06
3295.05,3725617.92
3504.77,3867447.73
2886.89,3460124.45

LIGO_1000_805.xml
3087.02,3519157.31
3167.09,3577100.81
3370.23,3710432.67
2788.9,3325084.81

LIGO_1000_806.xml
3360.31,3768491.04
3338.82,3761060.77
3490.13,3854733.19
2993.51,3527435.78

LIGO_1000_807.xml
3317.39,3743374.76
3352.09,3770431.47
3864.06,4107406.36
2876.14,3453165.13

LIGO_1000_808.xml
3237.75,3666091.44
3088.76,3568467.77
3252.19,3676063.36
2892.8,3436627.25

LIGO_1000_809.xml
3415.46,3820218.06
3331.03,3765766.6
3445.03,3837893.66
2986.24,3538757.1

LIGO_1000_810.xml
3118.09,3522657.78
3379.33,3701029.3
3434.67,3735122.49
2739.97,3274609.79

LIGO_1000_811.xml
3420.26,3834028.52
3435.65,3842107.26
3562.49,3931020.53
3002.73,3556160

LIGO_1000_812.xml
3772.25,4112722.97
3657.2,4039277.56
3139.49,3694011.93
3165.53,3701460.95

LIGO_1000_813.xml
3572.53,3949904.36
3671.05,4021608.17
3249.09,3744073.11
3136.86,3664185.97

LIGO_1000_814.xml
3297.17,3764089.33
3447.24,3866999.96
3634.58,3986220.9
3038.22,3589936.07

LIGO_1000_815.xml
3464.8,3871925.11
3490.79,3887031.93
3787,4078892.67
3162.93,3670920.42

LIGO_1000_816.xml
3266.57,3717306.38
3418.84,3826089.46
3866.99,4114742.9
2950.25,3509668.81

LIGO_1000_817.xml
3441.98,3841165.45
3595.84,3942757.6
3713.72,4024670.1
3042.82,3582382.14

LIGO_1000_818.xml
3110.92,3593625.85
3496.14,3851104.01
3419.12,3801818.76
2883.2,3446734.21

LIGO_1000_819.xml
3301.3,3745167.2
3467.34,3857250.25
3594.58,3934812.46
2980.52,3535625.05

LIGO_1000_820.xml
3250.62,3682648.37
3270.45,3692379.8
3352.08,3751413.66
2911.69,3456573.23

LIGO_1000_821.xml
3357.48,3754697.93
3242.94,3681090.11
3354.18,3751461.49
2861.32,3428108.11

LIGO_1000_822.xml
3090.29,3466701.94
3100.93,3475394.45
3378.46,3657455.04
2690.71,3203966.09

LIGO_1000_823.xml
3285.93,3718889.09
3283.72,3719561.15
3357.79,3766188.93
2978.12,3516988.79

LIGO_1000_824.xml
3224.95,3618521.81
3603.73,3872188.16
3428.08,3752494.73
2788.25,3329354.5

LIGO_1000_825.xml
3148.98,3600222.56
3234.26,3657966.54
3392.31,3764155.34
2843.87,3401396.36

LIGO_1000_826.xml
3412.29,3846647.69
3752.35,4074787.71
3406.08,3846598.49
3125.84,3657230.06

LIGO_1000_827.xml
3133.56,3557176.1
3715.85,3946658.92
3426.01,3747001.72
2768.62,3313977.56

LIGO_1000_828.xml
3195.49,3680083.75
3349.99,3791497.12
3512.83,3892031.84
3042.63,3581067.58

LIGO_1000_829.xml
3377.53,3802091.9
3378.52,3809658.24
3364.33,3798480.58
3018.68,3567602.72

LIGO_1000_830.xml
3191.41,3606865.34
3306.03,3681716.56
3922.57,4087260.23
2807.21,3353904.66

LIGO_1000_831.xml
3212.06,3683468.14
3310.71,3752521.85
3898.64,4125722.4
2976.76,3524976.72

LIGO_1000_832.xml
3155.34,3589356.42
3291.85,3679555.79
3720.12,3966596.47
2844.66,3386281.45

LIGO_1000_833.xml
3468.69,3903820.18
3383.09,3852194.83
3552.48,3961589.03
3085.74,3651534.84

LIGO_1000_834.xml
3223.81,3678867.61
3253.4,3702020.36
3650.17,3959898.23
2945.24,3496135.31

LIGO_1000_835.xml
3060.25,3481891.28
3202.31,3578108.03
3346.76,3672781.23
2722.87,3260788.44

LIGO_1000_836.xml
3504.4,3916895.89
3473.16,3900322.41
3576.91,3967842.57
3063.39,3629981.95

LIGO_1000_837.xml
3453.38,3861287.14
3569.4,3942808.89
3240.25,3723727.15
3062.12,3605571.7

LIGO_1000_838.xml
3151.59,3557569.57
3551.75,3819607.81
3527.53,3803560.7
2759.82,3300925.76

LIGO_1000_839.xml
3123.56,3555102.4
3344.56,3701511.72
3295.01,3672343.71
2786,3334597.81

LIGO_1000_840.xml
3356.98,3761077.48
3415.64,3807136.8
3804.93,4064000.45
2974.63,3511854.53

LIGO_1000_841.xml
3103.85,3556022.69
3218.97,3634237.33
3628.79,3903876.14
2817.8,3365376.75

LIGO_1000_842.xml
3151.51,3603681.26
3223.23,3651743.02
3815.18,4040816.98
2859.89,3413597.73

LIGO_1000_843.xml
3057.73,3518705.95
3349.8,3717406.96
3555.88,3849007.73
2813.67,3358306.26

LIGO_1000_844.xml
3201.42,3659644.12
3313.76,3735748.91
3328.58,3746804.49
2975.31,3511504.78

LIGO_1000_845.xml
3280.76,3725198.7
3146.79,3640683.43
3846.38,4103204.74
2953.31,3511018.95

LIGO_1000_846.xml
3263.58,3684816.59
3229.53,3657910.14
3683.41,3958321.98
2913.66,3451205.52

LIGO_1000_847.xml
3258.58,3662005.97
3526.23,3843284.93
3453.53,3792032.89
2839.98,3385161.12

LIGO_1000_848.xml
3231.75,3650767.88
3288.2,3694405.44
3379.77,3748538.07
2908.9,3436294.65

LIGO_1000_849.xml
3275.53,3701220.19
3085.02,3578751.46
3612.8,3921979.37
2917.96,3466517.57

LIGO_1000_850.xml
3319.45,3715562.57
3263.09,3680143.76
3339.19,3729918.14
2874.98,3421405.46

LIGO_1000_851.xml
3189.67,3673811.59
3337.24,3775285.72
3749.05,4046546.44
2964.8,3527519.44

LIGO_1000_852.xml
3030.02,3468224.63
3119.2,3535217.88
3552.67,3820773.18
2747.34,3286961.92

LIGO_1000_853.xml
3385.82,3798532.59
3347.82,3774921.71
3869.61,4115183.27
2980.88,3529119.51

LIGO_1000_854.xml
3108.8,3575400.73
3443.99,3801306.54
3539.11,3858665.51
2848.29,3406138.02

LIGO_1000_855.xml
3339.41,3745609.69
3173.97,3640671.24
3630.38,3942057.52
2892.59,3451724.17

LIGO_1000_856.xml
3228.25,3649866.99
3467.16,3808762.09
3770.17,4002871.1
2895.97,3434021.61

LIGO_1000_857.xml
3287.9,3754363.18
3447.46,3864903.54
3995.02,4227159.22
3043.55,3594437.71

LIGO_1000_858.xml
3274.52,3719907.95
3351.18,3772325.79
3591.72,3931071.2
2901.82,3476807.73

LIGO_1000_859.xml
3632.3,4019576.25
3716.68,4081923.12
3195.29,3739820.54
3247.38,3771564.78

LIGO_1000_860.xml
3390.09,3812332.9
3394.95,3816985.93
3782.57,4062284.52
2997.15,3553678.78

LIGO_1000_861.xml
3160.56,3592593.54
3644.31,3924308.32
3468.43,3800138.88
2832.21,3380555.87

LIGO_1000_862.xml
3268.61,3689979.32
3313.11,3720658.16
3204.36,3648114.06
2966.64,3493852.71

LIGO_1000_863.xml
3318.32,3754812.61
3476.04,3862845.79
3511.32,3887420.38
2961.44,3520461.72

LIGO_1000_864.xml
3532.77,3898656.35
3414.57,3815801.56
3306.63,3748187.82
2994.52,3542302.79

LIGO_1000_865.xml
3268.86,3685310.68
3317.01,3719319.68
3532.36,3861196.92
2833.18,3399083

LIGO_1000_866.xml
3266.7,3720749.76
3392.27,3811543.78
3812.16,4082851.36
2954.53,3517110.71

LIGO_1000_867.xml
3418.84,3869926.97
3676.82,4047407.99
3620.03,4007546.32
3118.42,3672797.9

LIGO_1000_868.xml
3258.69,3665176.32
3476.56,3810939.68
3409.45,3761716.19
2858.84,3399073.79

LIGO_1000_869.xml
3650.63,4038690.2
3887.49,4196696.33
3176.33,3727268.75
3135.06,3695558.63

LIGO_1000_870.xml
3516.92,3894486.06
3576.05,3934443.48
3796.95,4077908.81
3055.9,3588035.31

LIGO_1000_871.xml
3240.42,3651098.36
3228.16,3639434.78
3657.68,3923367.57
2823.7,3373604.3

LIGO_1000_872.xml
3126.08,3543854.48
3413.73,3735542.47
3200.08,3594614.43
2762.44,3304119.73

LIGO_1000_873.xml
3514.73,3880908.14
3547.38,3899492.14
3204.3,3682177.29
2994.33,3539667.25

LIGO_1000_874.xml
3160.77,3591738.79
3607.81,3892895.79
3293.96,3681907.83
2844.23,3386396.35

LIGO_1000_875.xml
3222.38,3636235.51
3243.7,3652640.47
3427.73,3766917.82
2807.34,3361312.34

LIGO_1000_876.xml
3556.83,3972942.82
3610.25,4008247.04
3710.2,4079895.68
3096.72,3669255.82

LIGO_1000_877.xml
3092.78,3522941.74
3190.01,3590769.48
3655.28,3886376.04
2778.75,3318048.05

LIGO_1000_878.xml
3336.86,3762024.33
3428.44,3822090.99
3904.62,4132761.92
2961.13,3518270.11

LIGO_1000_879.xml
3208.77,3670106.91
3284.94,3718856.73
3519.39,3872381.75
2955.8,3502770.55

LIGO_1000_880.xml
3377.8,3831994.94
3464.87,3896590.68
3585.99,3969086.27
3048.43,3612789.5

LIGO_1000_881.xml
3203.84,3618035.32
3153.03,3583302.47
3570.39,3856074.73
2849.07,3387607.27

LIGO_1000_882.xml
3085.39,3509624.48
3325.72,3679080.06
3518.14,3802735.4
2791.08,3321239.19

LIGO_1000_883.xml
3272.3,3674681.92
3218.85,3641376.24
3741.31,3983519.55
2808.58,3370175.14

LIGO_1000_884.xml
3327.8,3765678.15
3345.44,3780714.87
3173.92,3662178.7
3010.46,3552813.57

LIGO_1000_885.xml
3296.53,3745903.77
3305.66,3757267.69
3754.95,4049626.68
2999.13,3550030.96

LIGO_1000_886.xml
3143.72,3588573.11
3321.44,3703070.85
3238.98,3649541.37
2856.9,3396578.12

LIGO_1000_887.xml
3035.76,3516837.88
3346.03,3722543.98
3785.26,4014372.67
2843.94,3388735.29

LIGO_1000_888.xml
3431.4,3853207.91
3346.15,3802878.06
4001.54,4235989.8
2992.97,3568582.9

LIGO_1000_889.xml
3081.47,3543288.49
3166.81,3607941.99
3795.89,4020351.7
2828.94,3383494.48

LIGO_1000_890.xml
3302.48,3726936.15
3316.27,3741633.01
3371.2,3772810.62
2936.44,3486284.34

LIGO_1000_891.xml
3486.2,3864045.66
3467.14,3853182.69
3545.24,3909684.08
3019.05,3557263.44

LIGO_1000_892.xml
3226.13,3632781.44
3243.37,3646984.69
3323.49,3702574.34
2830.06,3372818.18

LIGO_1000_893.xml
2993.12,3423215.84
3146.25,3528059.87
3656.23,3867059.43
2717.44,3244289.74

LIGO_1000_894.xml
3391.03,3782025.85
3309.66,3736470.38
3590.92,3912601.43
2956.07,3497289.86

LIGO_1000_895.xml
3727.85,4067253.97
3510.15,3919004.73
3387.87,3842193.86
3107.22,3652078.47

LIGO_1000_896.xml
3090.86,3549017.56
3629.62,3915074.75
3496.27,3820181.12
2812.07,3370410.06

LIGO_1000_897.xml
3253.08,3672670.46
3258.97,3676708.1
3812.19,4049424.53
2838.4,3398181.26

LIGO_1000_898.xml
3320.3,3771615.32
3295.19,3761961.88
3692.14,4021257.72
3020.33,3575115.11

LIGO_1000_899.xml
3103.14,3537458.14
3184.28,3587611.18
3625.41,3883947.43
2775.31,3319815.8

LIGO_1000_900.xml
3626.79,4018574.06
3905.44,4208030.17
3564.11,3974383.76
3197.34,3730514.03

LIGO_1000_901.xml
3158.41,3572810.12
3292.23,3660117.99
3453.55,3765858.05
2794.08,3329455.51

LIGO_1000_902.xml
3233.39,3649916.41
3243.55,3657727.12
3715.28,3968414.2
2838.04,3386725.81

LIGO_1000_903.xml
3465.45,3872927.85
3593.62,3957252.1
3729.87,4050393.58
3087.29,3618356.34

LIGO_1000_904.xml
3026.15,3470030.84
3245.1,3615521.16
3580.89,3840087.12
2761.4,3296348.36

LIGO_1000_905.xml
3189.98,3645807.98
3303.02,3723558.17
3850.67,4079886.06
2923.67,3471780.76

LIGO_1000_906.xml
3290.14,3755251.63
3278.51,3753997.7
3929.29,4180354.82
3019.79,3582017.28

LIGO_1000_907.xml
3183.69,3609375.13
3188.94,3620048.66
3486.74,3809375.26
2839.29,3385620.28

LIGO_1000_908.xml
3335.6,3792221.5
3383.23,3823760.04
3658.33,4001394.94
3011.13,3577322.84

LIGO_1000_909.xml
3576.5,3974607.84
3479.35,3912531.37
3435.75,3883667.06
3132.94,3677830.74

LIGO_1000_910.xml
3658.45,3991048.68
3688.73,4016589.59
3431.12,3842188.66
2951.21,3524984.7

LIGO_1000_911.xml
3294.91,3730557.96
3368.4,3783255.44
3606,3930985.97
2929.99,3491068.07

LIGO_1000_912.xml
3400.28,3801696.64
3504.73,3870937.94
3701.92,4002684.34
2977.61,3528294.07

LIGO_1000_913.xml
3145.94,3590192.77
3508.14,3831363.64
3547.2,3848534.28
2855.09,3399945.54

LIGO_1000_914.xml
3313.68,3739584.01
3463.33,3837448.91
3294.43,3727839.98
2958.31,3503182.75

LIGO_1000_915.xml
3489.67,3892012.59
3524.61,3919936.72
3647.91,4003838.22
3057.88,3610388.43

LIGO_1000_916.xml
3141.12,3605789.51
3249.7,3681696.02
3653.98,3945365.28
2915.12,3459433.56

LIGO_1000_917.xml
3450.48,3869895.54
3417.32,3851599.61
3133.13,3665036.72
3027.22,3589373.24

LIGO_1000_918.xml
3045.39,3458302.82
3117.92,3509723.06
3395.43,3687944.24
2728.09,3251065.42

LIGO_1000_919.xml
3168.93,3560689.93
3456.93,3754065.35
3285.57,3637233.53
2753.09,3286110

LIGO_1000_920.xml
3303.95,3752683.43
3204.19,3689565.61
3919.94,4158265.62
2978.78,3536376.26

LIGO_1000_921.xml
3130.48,3588558.1
3233.24,3655829.9
3564.16,3875187.39
2839.93,3397434.09

LIGO_1000_922.xml
3179.29,3649911.72
3295.25,3734252.8
3415.45,3807354.1
2944.55,3499706.37

LIGO_1000_923.xml
3282.6,3710681.73
3262.19,3703238.54
3543.99,3888576.06
2886.19,3448625.87

LIGO_1000_924.xml
3475.93,3914675.76
3549.94,3961560.05
3144.63,3694093.13
3163.39,3704554.45

LIGO_1000_925.xml
3495.68,3880884.23
3855.91,4129922.21
3457.16,3860920.66
3124.17,3640240.44

LIGO_1000_926.xml
3040.66,3466130.07
3135.14,3530652.06
3330.07,3657460.87
2743.56,3273704.23

LIGO_1000_927.xml
3496.01,3898248.25
3377.92,3824685.81
3646.31,3998140.42
3038.16,3599014.62

LIGO_1000_928.xml
3429.37,3845904.22
3446.48,3854253.21
3519.39,3900619.37
3030.15,3581342.49

LIGO_1000_929.xml
3204.26,3628001.68
3202.74,3632525.21
3390.37,3750556.59
2828.81,3380708.15

LIGO_1000_930.xml
3440.11,3852691.73
3450.65,3866262.1
3527.96,3915358.89
3009.06,3570500.3

LIGO_1000_931.xml
3161.33,3544816.38
3111.09,3510754.43
3691.05,3899394.02
2714.13,3246774.65

LIGO_1000_932.xml
3424.79,3822188.87
3723.55,4024036.35
3081.33,3602980.55
3081.05,3599726.76

LIGO_1000_933.xml
3229.1,3694019.73
3282.26,3734513.59
3426.83,3826679.56
2977.48,3530237.59

LIGO_1000_934.xml
3200.49,3627772.88
3186.11,3616874.11
3766.96,3998717.93
2823.53,3376511.93

LIGO_1000_935.xml
3264.11,3690994.85
3262.04,3691123.84
3490.23,3836026.23
2922.82,3466811.6

LIGO_1000_936.xml
3430.01,3845455.29
3478.77,3875495.8
3668.41,4000275.15
3032.3,3578627.18

LIGO_1000_937.xml
3186.91,3597823.38
3135.27,3560193.36
3656.85,3913887.74
2807.32,3345554.17

LIGO_1000_938.xml
3435.57,3876866.35
3478.11,3910366.65
3802.25,4121283.33
3075.64,3640657.41

LIGO_1000_939.xml
3645.51,3968575.07
3464.8,3851384.73
3959.65,4180108.64
3029.14,3562144.54

LIGO_1000_940.xml
3256.22,3729681.33
3528.79,3912862.19
4002.09,4221682.04
3005.64,3565109.53

LIGO_1000_941.xml
3475.82,3892641.6
3882.72,4162458.03
3147.95,3678246.98
3108.62,3649858.33

LIGO_1000_942.xml
3167.06,3560579.58
3356.52,3684138.45
3294.75,3647628.94
2760.68,3290245.33

LIGO_1000_943.xml
2999.42,3468775.03
3094.05,3535828.11
3307.84,3676852.91
2806.53,3346924.18

LIGO_1000_944.xml
3463.18,3906366.87
3599.46,3997327.02
3715.27,4066872.6
3096.06,3667828.65

LIGO_1000_945.xml
3177.19,3605464.04
3222.64,3634317.23
3632.44,3907943.67
2819.39,3369128.61

LIGO_1000_946.xml
3119.07,3558057.65
3267.27,3657838.94
3745.2,3965474.18
2806.4,3352191.31

LIGO_1000_947.xml
3598.44,3954142.8
3475,3870335.92
3452.57,3853764.58
3147.12,3651929.9

LIGO_1000_948.xml
3229.54,3741973.77
3440.84,3889185.45
3534.66,3948347.56
3078.85,3647354.45

LIGO_1000_949.xml
3443.68,3864740.88
3478.17,3898580.68
3650.56,4008981.45
3062.7,3617698.13

LIGO_1000_950.xml
3162.38,3562308.76
3368.62,3697937.65
3583.62,3840263.54
2770.78,3301347.29

LIGO_1000_951.xml
3023.14,3463437.02
3195.43,3581911.23
4031.65,4131109.29
2738.95,3278895.22

LIGO_1000_952.xml
3091.8,3548399.25
3222.36,3638112.64
3461.24,3794077.13
2845.11,3388411.21

LIGO_1000_953.xml
3400.03,3800318.92
3486.51,3862479.08
4017.35,4214331.94
2961.96,3513720.66

LIGO_1000_954.xml
3218.85,3617478.86
3271.94,3657812.27
3979.87,4131559.22
2796.5,3340689.48

LIGO_1000_955.xml
3570.26,3958801.25
3552.45,3950275.55
3724.42,4065965.71
3049.22,3613442.82

LIGO_1000_956.xml
3226.22,3655968.25
3242.69,3667167.36
3595.08,3896384.39
2850.92,3406122.42

LIGO_1000_957.xml
3675.58,4021065.69
3482.89,3890817.46
3870.54,4146823.88
3177.45,3687861.31

LIGO_1000_958.xml
3408.75,3840955.28
3356.12,3807190.39
3817.57,4106082.7
3013.73,3577820.49

LIGO_1000_959.xml
3332.74,3782257.55
3490.53,3890568.99
3953.85,4191297.02
3019.19,3576880.7

LIGO_1000_960.xml
3089.36,3519547.87
3151.81,3557699.38
3445.57,3753779.32
2768.5,3306673.18

LIGO_1000_961.xml
3206.84,3657321.95
3341.64,3749053.51
3482.44,3837666.71
2943.09,3485536.44

LIGO_1000_962.xml
3201.17,3636925.17
3256.55,3670485.86
3804.65,4034141.79
2843.3,3397834.56

LIGO_1000_963.xml
3151.08,3596742.7
3220.54,3650996.08
3566.88,3869423.31
2844.49,3396783.75

LIGO_1000_964.xml
3113.95,3534613.37
3514.06,3800020.67
3436.17,3750209
2775.52,3312921.18

LIGO_1000_965.xml
3012.44,3453609.57
3206.09,3578444.58
3365.39,3688670
2745.7,3278210.55

LIGO_1000_966.xml
3365.82,3783623.2
3360.26,3779949.08
3768.22,4047678.31
2967.18,3519322.89

LIGO_1000_967.xml
3286.95,3692429.58
3547.78,3865477.56
3480.37,3820772.53
2861.53,3411009.05

LIGO_1000_968.xml
3354.76,3782110.34
3374.39,3801033.45
3923.67,4152532.19
3022.8,3559634.78

LIGO_1000_969.xml
3131.06,3595951.5
3293.63,3709498.61
3460.61,3816238.2
2908.01,3450988.46

LIGO_1000_970.xml
3352.4,3770882.75
3383.7,3788032.24
3447.92,3832728.09
2976.11,3525054.91

LIGO_1000_971.xml
3267.67,3724959.72
3130.88,3639040.64
3614.45,3956522.87
2976.54,3534102.48

LIGO_1000_972.xml
3327.54,3750493.68
3374.39,3780759.03
3411.09,3799272.97
2896.33,3465260.46

LIGO_1000_973.xml
3467.29,3881264.82
3469.19,3881532.33
3648.28,3998716
3037.93,3593906.76

LIGO_1000_974.xml
3188.41,3599651.29
3232,3632251.46
3563.64,3843755.63
2762.04,3315408.44

LIGO_1000_975.xml
3254.19,3697570.37
3261.71,3699319.05
3674.51,3971373.08
2929.4,3482499.13

LIGO_1000_976.xml
3311.53,3747341.67
3204.99,3680154.2
3586.41,3930366.78
2932.16,3497483.57

LIGO_1000_977.xml
3153.06,3607173.2
3272.59,3688399.91
3436.98,3799124.08
2920.22,3454496.79

LIGO_1000_978.xml
3330.69,3754258.52
3329.28,3752765.45
3583.62,3916606.64
2893.26,3460740.91

LIGO_1000_979.xml
3374.22,3793396.38
3440.66,3843184.47
3371.81,3799520.26
3022.62,3564345.87

LIGO_1000_980.xml
3151.87,3586422.57
3176.91,3603119.72
3421.48,3764255.47
2835.27,3377038.57

LIGO_1000_981.xml
3153.26,3607367.97
3294.56,3704788.49
3612.76,3916930.75
2850.83,3411381.93

LIGO_1000_982.xml
3431.49,3851682.16
3735.89,4055198.53
3903.83,4169037.11
3011.52,3573713.93

LIGO_1000_983.xml
3163.29,3588862.88
3538.67,3833946.98
3569.1,3851082.21
2803.71,3350989.84

LIGO_1000_984.xml
3575.27,3933418.5
3395.32,3814823.93
3875.52,4132417.69
3004.22,3559578.13

LIGO_1000_985.xml
3038.3,3449188.4
3227.29,3573507.35
3199.07,3555910.74
2721.39,3238372.28

LIGO_1000_986.xml
3335.56,3753368.94
3297.39,3730082.27
3623.74,3939672.72
2945.96,3492749.18

LIGO_1000_987.xml
3375.07,3803976.16
3308.75,3763050.63
3516.68,3898154.85
3026.05,3575080.89

LIGO_1000_988.xml
3267.09,3703829.96
3293.01,3722611.86
3610.78,3929491.88
2937.6,3484258.17

LIGO_1000_989.xml
3624.1,3988286.36
3664.2,4015263.48
3139.54,3671446.74
3113.65,3647914.5

LIGO_1000_990.xml
3142.53,3577159.67
3377.36,3735346.18
3455.11,3791616.82
2818.94,3367294.5

LIGO_1000_991.xml
3213.24,3609417.57
3197.77,3600832.27
3643.17,3895310.39
2779.51,3323413.08

LIGO_1000_992.xml
3517.69,3912672.51
3482.02,3885259.95
3487.83,3888644.32
3049.16,3598260.37

LIGO_1000_993.xml
3322.51,3757860.53
3447.11,3841303.05
3263.99,3723571.56
3046.78,3574516.57

LIGO_1000_994.xml
3200.28,3642920.53
3271.87,3694224.7
3461.3,3816800.59
2895.96,3442128.75

LIGO_1000_995.xml
3384.29,3802896.88
3423.38,3834529.89
3966.42,4190541.08
2988.25,3542263.47

LIGO_1000_996.xml
3169.89,3633620.77
3257.9,3689872.15
3598.2,3916215.66
2954.72,3491540.98

LIGO_1000_997.xml
3105.5,3495368.27
3513.68,3766102.54
3512.01,3771017.35
2702.54,3229315.03

LIGO_1000_998.xml
3191.52,3673578.86
3351.2,3782287.76
3611.52,3951984.83
2988.95,3543451.34

LIGO_1000_999.xml
3198.05,3618323.43
3139.95,3582487.28
3445.23,3777390.19
2819.38,3366074.95

LIGO_1000_1000.xml
3476.32,3902933.16
3561.49,3965111.24
3507.16,3929354.63
3131.29,3678214.26