Montage_1000_1.xml
447.88,370934.48
465.9,383150.68
337.19,296421.28
299.92,271146.85

Montage_1000_2.xml
468.6,385692.59
473.7,388955.22
373.49,321446.86
311.03,277964.69

Montage_1000_3.xml
490.03,400433.45
497.54,405096.41
376.76,323862.97
322.08,285534.86

Montage_1000_4.xml
457.42,376385.9
465.07,383359.97
348.12,304022.93
304.52,273848.65

Montage_1000_5.xml
432.83,361274.16
441.59,367451.14
354.04,307698.81
292.89,265679.4

Montage_1000_6.xml
503.48,409396.38
509.5,413715.38
392.04,334848.63
328.63,290366.55

Montage_1000_7.xml
424.52,355430.51
425.46,356503.93
317.44,283321.94
288.09,262586.4

Montage_1000_8.xml
456.31,376583.34
471.13,387551.96
337.49,296588.92
303.95,273374.49

Montage_1000_9.xml
433.09,361493.9
452.86,374917.23
327.12,289902.14
293.41,266013.59

Montage_1000_10.xml
476.82,391215.46
478.79,392421.57
358.74,311423.27
314.38,280706.16

Montage_1000_11.xml
461.73,380965.8
467.48,384528.47
350.24,305652.11
307.73,276086.48

Montage_1000_12.xml
451.63,374108.42
471.55,386909.85
334.15,294313.75
302.56,272496.11

Montage_1000_13.xml
428.29,357957.2
441.39,366725.44
329.58,291936.99
291.16,264681.82

Montage_1000_14.xml
442.3,367625.95
449.46,371794.29
331.39,292286.76
297.61,269020.66

Montage_1000_15.xml
459.68,379473.94
465.47,383788.62
349.47,304666.21
306.29,274798.54

Montage_1000_16.xml
509.94,414101.96
517.4,419336.5
390.09,332556.28
331.29,292170.74

Montage_1000_17.xml
502.18,408571.68
504.97,410273.2
371.85,320326.87
327.73,289708.85

Montage_1000_18.xml
477.39,391776.72
483.42,396078.05
357.85,310321.49
315.64,281858.32

Montage_1000_19.xml
468.89,385784.48
481.73,393916.02
370.39,318558.92
314.44,280598.96

Montage_1000_20.xml
494.38,402118
509.35,413146.86
378.34,324810.51
323.11,286618.99

Montage_1000_21.xml
484.28,396408.38
489.73,400370.73
361.17,312784.33
319.99,284576.28

Montage_1000_22.xml
479.34,392569.32
492.54,401999.88
375.83,322704.55
316.54,282071.54

Montage_1000_23.xml
420.61,352839.15
440.4,366692.01
322.77,286714.56
290.3,264218.82

Montage_1000_24.xml
522.24,421619.03
531.28,427845.31
393.12,335277.26
337.76,297055.45

Montage_1000_25.xml
461.56,380902.56
464.42,383265.46
351.62,307405.69
307.54,276212.5

Montage_1000_26.xml
466.89,384397.29
484.77,396863.87
347.8,303912.07
309.48,277271.88

Montage_1000_27.xml
467.23,384670.52
472.91,388334.19
347.63,303404.69
309.53,277314.21

Montage_1000_28.xml
484.45,396635.88
488.38,399272.6
352.87,307192.46
318.66,283615.41

Montage_1000_29.xml
517.34,419026.6
525.33,424729.81
401.19,340414.59
331.81,293101.8

Montage_1000_30.xml
478.36,392036.46
480.66,394329.01
365.7,316059.6
315.63,281562.52

Montage_1000_31.xml
493.19,402504.08
498.65,406647.5
372.82,321251.57
323.08,287048.93

Montage_1000_32.xml
498.6,405916.95
502.28,408170.25
375.08,322855.45
325.09,288531.16

Montage_1000_33.xml
512.91,415762.48
522.13,421274.07
397.35,338196.46
333.3,293483.86

Montage_1000_34.xml
450.69,373366.89
456.75,377335.22
365.4,315177.26
302.13,272163.63

Montage_1000_35.xml
503.52,409742.06
512.64,416007.1
372.91,320989.16
331.48,291868.52

Montage_1000_36.xml
467.93,385188.1
474.34,389707.49
347.13,303244.92
310.65,278596.49

Montage_1000_37.xml
486.51,398132.4
505.54,410029.08
357.53,310320.77
319.86,284332.55

Montage_1000_38.xml
480.88,393973.14
484.99,396952.16
353.83,307860.7
315.91,281877.94

Montage_1000_39.xml
440.64,366626.31
446.52,370627.62
329.66,291354.41
296.91,268636.76

Montage_1000_40.xml
446.53,370224.7
447.23,371485.1
331.27,292524.37
299.11,270120.57

Montage_1000_41.xml
503.29,409457
512.47,415928.49
388,332166.59
327.42,290067.96

Montage_1000_42.xml
475.76,390675.18
493,402482.86
358.51,311768.7
314.97,280934.04

Montage_1000_43.xml
468.34,385847.75
475.48,390003.96
361.91,313168.43
311,278211.09

Montage_1000_44.xml
415.6,349669.63
421.29,352614.21
319.12,284275.23
283.72,260084.87

Montage_1000_45.xml
424.91,355915.05
434.19,362311.43
322.76,287375.82
289.03,263277.03

Montage_1000_46.xml
477.5,391257.27
477.9,392546.03
375.21,322437.31
314.46,281061.83

Montage_1000_47.xml
413.32,348035.62
421.68,353894.2
335.15,295229.42
283.25,259076.8

Montage_1000_48.xml
412.12,347403.22
418,351598.01
310.82,278485.81
283.01,259198.53

Montage_1000_49.xml
501.27,406177.56
503.66,409925.41
391.53,334096.38
326.67,289049.51

Montage_1000_50.xml
431.7,360258.73
437.69,364706.16
323.81,287430.41
292.41,265515.99

Montage_1000_51.xml
444,368749.55
449.46,373062.61
335.26,295142.2
298.74,270392.27

Montage_1000_52.xml
467.77,385179
473.57,389312.84
344.48,301296.21
313.71,280227.58

Montage_1000_53.xml
491.92,401865.8
504.66,410622.67
374.86,321804.96
322.67,286015.88

Montage_1000_54.xml
461.87,381322.66
473.52,389447.4
353.93,307494.48
307.46,275986.61

Montage_1000_55.xml
513.24,416361.16
521.74,421408.35
388.76,331796.79
334.55,293809.02

Montage_1000_56.xml
484.67,395728.73
494.61,402804.92
377.53,324343.52
318.26,283368.18

Montage_1000_57.xml
473.68,389036.8
489.96,399761.93
356.67,310139.06
313.43,279925.37

Montage_1000_58.xml
416.87,349913.89
430.27,359749.48
343.85,301038.43
284.35,260029.21

Montage_1000_59.xml
489.38,399472.9
493.58,403072.52
363.89,315308.65
320.51,284809.47

Montage_1000_60.xml
501.14,407915.19
506.91,410928.05
376.83,323998.42
327.21,289444.43

Montage_1000_61.xml
485.66,397272.49
491.41,400952.41
358.47,310893.33
319.67,284176.17

Montage_1000_62.xml
485.97,397713.61
491.5,401659.42
369.23,318641.28
319.76,284820.85

Montage_1000_63.xml
477.63,392077.34
483.56,396067.26
359.14,311428.45
314.71,281317

Montage_1000_64.xml
436.51,363679.27
442.44,367962.34
350.45,305241.69
294.83,267245.8

Montage_1000_65.xml
495.55,403678.46
502.32,408366.3
379.14,325400.38
323.8,286996.69

Montage_1000_66.xml
506.44,411630.03
526.2,425196.66
390.28,333127.1
331.38,291667.53

Montage_1000_67.xml
452.25,373778.09
453.86,375329.31
345.61,302441.26
302.27,272760.36

Montage_1000_68.xml
483.45,395992.85
493.61,402998.29
366.28,316068.36
318.79,283593.8

Montage_1000_69.xml
472.62,387928.84
479.49,393340.83
350.38,305482.19
312.28,279053.83

Montage_1000_70.xml
492.73,401460.79
499.34,406667.23
366.56,316371.38
322.07,286332.23

Montage_1000_71.xml
491.77,400770.69
496.86,405355.16
370.88,320144.02
321.59,285628.8

Montage_1000_72.xml
439.92,366368.48
459.07,379348.02
329.83,291904.67
296.23,268532.65

Montage_1000_73.xml
500.88,407854.65
505.48,410335.85
376.51,323537.97
326.97,289244.32

Montage_1000_74.xml
462.41,381057.26
470.38,386940.87
351.27,305959.73
306.89,275760.18

Montage_1000_75.xml
484.67,396838.66
495.51,404248.24
374.42,322251.73
319.09,283757.37

Montage_1000_76.xml
452.36,374560.73
461.6,380361.82
334.27,294573.52
302.11,272786.12

Montage_1000_77.xml
415.45,349330.5
435.28,362834.53
314.06,280904.05
284.21,259986.1

Montage_1000_78.xml
489.29,399489.81
509.04,413057.57
365.62,316671.69
321.23,284963.63

Montage_1000_79.xml
492.47,401829.83
503.03,409010.5
371.48,319632.37
322.77,286827

Montage_1000_80.xml
502.4,408637.4
506.13,410479.37
383.09,328249.78
327.9,289908.85

Montage_1000_81.xml
471.74,386921.29
478.24,392278.14
343.91,300794.54
315.11,281226.7

Montage_1000_82.xml
523.27,421176.3
524.15,423984.14
397.61,338766.33
337.67,297105.29

Montage_1000_83.xml
445.83,369931.14
447.71,371398.92
360,312711.51
298.79,270390.55

Montage_1000_84.xml
483.5,395832
503.14,409283.19
357.13,309817.44
318.68,283302.66

Montage_1000_85.xml
451.73,373832.95
459.27,379422.37
334.48,294937.57
302.85,272939.62

Montage_1000_86.xml
507.25,412045.32
510.15,414646.44
390.56,333460.95
329.96,291415.52

Montage_1000_87.xml
486.07,397094.74
496.95,405412.41
368.05,317924.49
319.3,284033.91

Montage_1000_88.xml
472.62,388468.55
478.22,392635.56
350.86,305924.86
312.88,279164.17

Montage_1000_89.xml
437.47,364479.79
450.18,373323.25
332.44,293829.8
298.52,269729.86

Montage_1000_90.xml
493.63,402056.3
497.75,406065.4
365.97,316197.39
322.51,286106.91

Montage_1000_91.xml
507.18,412346.02
509.75,413595.83
385.77,329823.06
330.38,292010.88

Montage_1000_92.xml
502.18,408639.07
521.03,420965.02
372.14,320139.89
328.23,290490.26

Montage_1000_93.xml
449.16,372415.65
452.59,374695.5
334.59,295093.87
301.35,271777.38

Montage_1000_94.xml
462.74,381727.21
468.9,386202.64
347.35,303540.47
309.18,276581.64

Montage_1000_95.xml
520.2,420724.42
525.63,424762.87
401.51,341240.09
336.68,295890.43

Montage_1000_96.xml
520.71,420278.6
521.53,422144.09
395.72,336606.06
336.11,295424.31

Montage_1000_97.xml
482.88,395414.87
488.9,399234.25
366.03,316046.59
318.25,283281.43

Montage_1000_98.xml
505.94,411215.54
511.82,415520.3
390.52,334253.28
329.84,291587.05

Montage_1000_99.xml
452.06,373703.97
454.39,376162.38
334.17,294426.96
301.58,272298.82

Montage_1000_100.xml
511.36,415078.02
517.18,419181.66
393.15,334909.49
332.37,293294.05

Montage_1000_101.xml
469.62,385855.4
476.91,391677
360.3,312615.66
310.41,277934.09

Montage_1000_102.xml
498.22,405761.49
505.98,411280.57
396.06,337574.74
326.24,288748.78

Montage_1000_103.xml
498.39,406196.05
507.39,412402.1
385.83,330100.18
325.47,288310.82

Montage_1000_104.xml
523.04,422977.6
534.93,430285.37
398.36,339325.09
338.11,297057.68

Montage_1000_105.xml
446.27,370431.31
452.49,374548.65
338.61,297639.78
299.85,270647.91

Montage_1000_106.xml
440.67,366784.4
453.85,375322.01
329.08,290644.24
296.34,268721.94

Montage_1000_107.xml
446.22,370606.66
452.23,374804.84
333.46,293748.53
299.72,270524.46

Montage_1000_108.xml
525.29,423543.87
526.1,425482.07
403.5,342327.33
338.52,297669.11

Montage_1000_109.xml
470.77,387211.78
475.24,390126.72
355.81,309049.24
311.21,278261.44

Montage_1000_110.xml
493,402156.96
496.68,404373.57
366.03,316608.42
323.4,286472.19

Montage_1000_111.xml
505.61,411219.97
511.26,415154.35
384.37,329250.78
329.51,290952.63

Montage_1000_112.xml
421.91,353766.51
426.13,356819.99
321.35,285927.98
287.95,262215.6

Montage_1000_113.xml
521.72,421736.97
534.41,430334.91
397.91,338471.93
337.63,296005.42

Montage_1000_114.xml
511.08,414419.91
514.42,416626.83
390.66,333109.25
332.21,292747.91

Montage_1000_115.xml
456.73,377559.13
463.99,382108.54
338.17,297013.56
304.17,273627.93

Montage_1000_116.xml
461.54,380176.04
475.08,389146.15
339.96,298400.08
309.89,277551.15

Montage_1000_117.xml
449.83,372074.82
468.19,384752.08
333.21,294054.99
300.75,271732.9

Montage_1000_118.xml
468.59,385731.44
475.54,390545.82
343.97,301214.45
310.13,278207.93

Montage_1000_119.xml
491.47,400769.68
497.32,405741.09
377.82,324738.7
322.53,286259.28

Montage_1000_120.xml
470.57,387171.64
476.35,391385.73
356.07,310090.94
312.04,279449.48

Montage_1000_121.xml
515.29,417406.17
530.43,427238.35
388.38,331451.34
335.43,294591.88

Montage_1000_122.xml
512.22,415442.97
532.06,428810.15
387.07,330638.55
332.79,293739.91

Montage_1000_123.xml
501.28,407827.86
507.18,412316.32
372.2,319742.74
327.38,289491.86

Montage_1000_124.xml
504.05,410091.22
510.08,414376.89
378.41,324878.06
328.54,290741.81

Montage_1000_125.xml
442.04,367775.46
444.71,369916.12
339.54,298785.95
297.9,269267.3

Montage_1000_126.xml
457,377878.27
460.11,379890.83
340.59,299026.45
305.35,274266.5

Montage_1000_127.xml
442.07,367382.46
448.23,371693.87
360.01,311769.13
300.9,270952.52

Montage_1000_128.xml
458.17,378652.68
466.08,384114.82
344.34,301412.84
305.54,275008.36

Montage_1000_129.xml
509.76,413756.5
515.4,417769.55
395.2,336705.81
331.55,292486.84

Montage_1000_130.xml
460.13,379956.58
466.01,383721.81
335.49,295428.99
306.57,275319.5

Montage_1000_131.xml
504.53,410405.08
514.58,416519.32
379.13,325026.87
329.09,290607.32

Montage_1000_132.xml
468.18,385494.58
472.55,387952.78
355.43,309294.78
310.68,278565.98

Montage_1000_133.xml
452.53,374547.68
458.42,378805.73
336.52,296207.18
302.8,273082.05

Montage_1000_134.xml
461.68,380457.72
465.68,383508.73
362.23,313660.4
306.81,275610.53

Montage_1000_135.xml
475.54,390786.51
478.6,391547.82
368.95,318447.87
314.51,280686.54

Montage_1000_136.xml
506.71,411013.01
517.56,418544.86
384.49,329246.75
329.05,290734.38

Montage_1000_137.xml
459.08,378761.52
472.35,388185.66
345.58,302454.14
306.41,275166.26

Montage_1000_138.xml
450.61,373485.06
454.95,376729.67
334.76,295103.55
298.06,269595.16

Montage_1000_139.xml
461.23,380150.23
462.18,381743.23
353.19,307064.55
306.81,275433.3

Montage_1000_140.xml
464.84,383115.64
470.68,387112.72
347.1,303797.76
308.98,276958.38

Montage_1000_141.xml
465.66,384094.01
474.11,389748.86
348.41,304995.92
309.64,276970.93

Montage_1000_142.xml
509.92,414103.09
512.57,416070.33
380.44,325900.12
331.8,292515.19

Montage_1000_143.xml
485.74,397324.66
494.31,402725.13
369.39,319791.34
319.85,284398.43

Montage_1000_144.xml
471.56,387830.65
483.14,395920.6
350.4,305204.22
312.18,279131.8

Montage_1000_145.xml
440.08,365042.47
446.71,370842.99
363,313799.07
295.72,268206.16

Montage_1000_146.xml
496.61,404750.55
506.11,411356.38
368.14,318129.12
325.21,288107.75

Montage_1000_147.xml
499.73,406621.63
508.75,412354.88
381.72,327031.61
326.6,288989.77

Montage_1000_148.xml
453.4,375429.29
471.86,388036.57
346.59,303044.87
302.66,272939.45

Montage_1000_149.xml
501.69,408465.64
510.38,413119.04
382.73,328499.29
330.65,291160.13

Montage_1000_150.xml
439.08,365677.98
443.3,368792.95
328.89,290812.55
295.48,267479.25

Montage_1000_151.xml
444.66,368954.52
450.61,373734.69
332.54,293034.89
299.17,270226.67

Montage_1000_152.xml
501.14,407677.54
507.27,412227.55
388.1,331467.87
327.49,289597.27

Montage_1000_153.xml
461.26,380914.54
481.4,394081.37
339.41,298185.59
307.29,275728.88

Montage_1000_154.xml
531.79,428896.4
537.67,433183.8
408.23,345623.29
342.48,299708.49

Montage_1000_155.xml
493.45,402931.67
496.25,405126.66
367.26,317497.47
323.52,286995.95

Montage_1000_156.xml
451.99,374196.46
458.08,378461.82
334.3,294551.06
303.75,273144.45

Montage_1000_157.xml
457.14,377492.78
463.11,381925.1
366.21,316238.98
305.25,274705.5

Montage_1000_158.xml
482.91,394841.33
483.92,396491.28
356.69,308962.86
317.27,283111.98

Montage_1000_159.xml
470.42,387223.1
476.05,390175.22
356.09,309837.21
311.56,278545.34

Montage_1000_160.xml
502.83,408868.25
511.15,414535.13
377.96,324295.81
327.94,289978.93

Montage_1000_161.xml
499.09,406744.45
503.51,409966.14
380.28,326422.76
325.63,288249.73

Montage_1000_162.xml
481.52,394511.64
487.51,398736.76
376.33,323550.26
320.7,284540.11

Montage_1000_163.xml
479.24,393346.4
485.16,397188.53
364.77,315665
316.28,282325.42

Montage_1000_164.xml
474.46,388996.5
481.71,394810.73
353.23,307198.56
312.92,280033.89

Montage_1000_165.xml
421.45,353767.53
427.46,357058.07
315.78,281949.58
287.33,262163.2

Montage_1000_166.xml
509.28,413592.85
518.77,420322.41
386.3,330472.89
331.46,292856.45

Montage_1000_167.xml
482.18,395136.9
497.48,405584.78
361.69,313967.04
317.37,282612.54

Montage_1000_168.xml
424.45,355563.35
430.47,359759.18
322.27,286692.22
288.78,263411.21

Montage_1000_169.xml
499.45,406019.77
503.9,408879.08
386.21,330913.24
325.7,288386.12

Montage_1000_170.xml
427.4,357637.86
433.45,362109.56
344.67,302427.16
290.31,264129.76

Montage_1000_171.xml
453.71,375521.28
459.58,379943.68
337.06,296388.11
303.52,272969.28

Montage_1000_172.xml
497.69,405377.09
503.66,409291.93
374.23,322071.34
325.42,288580.42

Montage_1000_173.xml
447.07,371240.17
453.13,375171.15
333.73,293872.05
301.16,271751.78

Montage_1000_174.xml
506.63,411145.39
507.66,412592.2
389.8,331849.45
329.22,290684.49

Montage_1000_175.xml
475.95,390590.95
482,394727.12
364.54,315425.33
314.72,281341.04

Montage_1000_176.xml
461.36,380866.61
470.38,387148.3
351.45,306966.99
307.2,276133.97

Montage_1000_177.xml
441.38,366497.17
445.63,370309.26
330.33,291531.36
296.63,268570.21

Montage_1000_178.xml
430.65,359612.04
436.64,363617.69
352.09,306251.17
291.73,265052.34

Montage_1000_179.xml
487.95,398779.33
491.79,401139.58
376.18,323277.72
320.95,285069.29

Montage_1000_180.xml
488.43,399109.41
508.33,412686.79
376.24,323979.79
320.85,285025.94

Montage_1000_181.xml
464.6,382765.18
470.68,387118.74
346.39,302411.4
308.95,276906.87

Montage_1000_182.xml
512.32,415733
532.08,428376.62
396.61,337377.85
332.86,293220.13

Montage_1000_183.xml
498.13,406039.07
500.8,408032.3
379,325573.65
325.84,287936.4

Montage_1000_184.xml
452.56,374922.5
456.65,377261.21
334.72,295121.34
298.57,270284.13

Montage_1000_185.xml
504.11,409982.79
509.7,414249.78
384.07,328655.02
328.68,290376.42

Montage_1000_186.xml
506.32,410667.84
514.12,416802.65
379.01,325452.96
329.23,290745.38

Montage_1000_187.xml
492.3,401703.99
511.91,415256.19
383.46,328476
322.89,285827.49

Montage_1000_188.xml
483.27,395745.75
494.67,403595.97
388.4,331683.42
318.2,283354.99

Montage_1000_189.xml
454.48,375803.53
457.1,377993.02
336.77,296235.61
303.68,273496.58

Montage_1000_190.xml
498.72,406308.42
518.58,419847.24
386.88,330709.66
326.27,289200.41

Montage_1000_191.xml
448.67,371985.95
457.54,377825.78
333.37,293980.9
300.86,271745.87

Montage_1000_192.xml
521.11,421626.47
527.1,425893.7
398.1,338288.81
337.45,296299.81

Montage_1000_193.xml
442.94,368215.13
452.69,375047.68
336.06,295466.75
297.21,268968.03

Montage_1000_194.xml
468.24,384764.15
478.01,392446.56
347.44,303923.46
310.3,277355.58

Montage_1000_195.xml
480.43,393591.48
490.03,399861.24
359.4,311903.27
316.96,282759.61

Montage_1000_196.xml
411.67,346821.22
417.74,351290.34
320.73,285179.09
282.7,259372.71

Montage_1000_197.xml
442.15,367814
447.99,372149.11
332.08,293221.24
297.77,269239.23

Montage_1000_198.xml
480.08,392860.91
487.58,398239.57
370.16,319793.65
316,281613.24

Montage_1000_199.xml
472.92,388299.33
490.89,401167.93
346.3,302450.12
312.19,279614.03

Montage_1000_200.xml
483.77,396201.32
491.48,401601.51
352.22,306989.9
318.3,283160

Montage_1000_201.xml
506.74,411170.36
510.85,414800.32
384.46,329134.78
329.38,290943.52

Montage_1000_202.xml
472.54,387970.42
476.76,391700.34
350.49,305231.58
312.42,279311.69

Montage_1000_203.xml
502.38,408459.72
515.27,416746.57
377.65,324401.03
328.92,289999.58

Montage_1000_204.xml
513.47,416273.87
519.04,420384.13
394.21,335960.95
333.56,294198.19

Montage_1000_205.xml
491.82,401715.5
500.21,407180.22
372.52,320906.74
323.64,286949.93

Montage_1000_206.xml
454.33,375731.57
469.39,385908.78
331.67,293000.6
303.96,273427.04

Montage_1000_207.xml
489.14,399767.41
495,403869.24
360.32,313135.3
321.05,285094.07

Montage_1000_208.xml
491.3,400944.17
511.1,414636.96
377.15,323902.61
322.22,286584.98

Montage_1000_209.xml
427.43,356664.79
428.62,358284.01
321,285907.39
285.96,261721.33

Montage_1000_210.xml
422.92,354544.01
423.6,354766.12
318.69,283723.91
286.96,262254.65

Montage_1000_211.xml
425.89,356734.74
431.53,360873.46
324.08,288111.91
289.75,263708.96

Montage_1000_212.xml
531.82,429145
551.51,442574.47
408.76,345767.88
342.56,300396.24

Montage_1000_213.xml
524.57,423922.93
530.04,427200.46
404.83,343187.54
339.13,297688.16

Montage_1000_214.xml
457.83,377862.3
460.3,379884.89
346.49,302761.69
304.66,274018.05

Montage_1000_215.xml
499.01,405905.92
516.81,418393.22
386.4,330264.4
325.31,287511.68

Montage_1000_216.xml
455.24,376553.94
463.71,381977.73
334.46,294752.21
303.47,273195.19

Montage_1000_217.xml
435.87,362756.77
447.81,370940.72
328.21,290523.68
298.07,269060.49

Montage_1000_218.xml
458.49,378076.64
459.34,379907.68
349.46,304937.81
305.22,274269.37

Montage_1000_219.xml
459.73,379011.8
467.41,384439.72
350.25,305591.69
305.65,275110.54

Montage_1000_220.xml
509.99,413434.77
512.37,415217.13
390.87,333543.28
331.2,291582.65

Montage_1000_221.xml
467.85,384589.45
479.77,392889.65
354.59,308641.26
311.62,278677.11

Montage_1000_222.xml
474.98,390283.18
481.04,393633.97
369.41,318555.64
314.42,280579.04

Montage_1000_223.xml
475.87,390749.92
483.55,395388.72
374.65,322006.41
314.37,280986.15

Montage_1000_224.xml
463.19,380524.27
467.41,385141.08
350.3,305676.17
307.18,275706.42

Montage_1000_225.xml
489.33,399470.93
493.74,402766.92
370.33,319595.26
320.46,285103.6

Montage_1000_226.xml
425.39,355693.02
426.96,357705.1
316.51,282774.69
288.58,262979.2

Montage_1000_227.xml
528.93,426706.62
534.59,430441.56
396.74,337165.13
341.11,298911.3

Montage_1000_228.xml
520.02,419999.21
524.1,423901.26
390.81,333623.27
335.89,295319.34

Montage_1000_229.xml
458.26,378764.38
471.61,388043.09
337.27,297135.34
306.02,274841.73

Montage_1000_230.xml
512.79,415968.29
515.49,417487.26
392.65,334894.24
332.12,292753.05

Montage_1000_231.xml
489.35,400052.39
499.93,407426.94
379.82,325947.47
321.15,285264.64

Montage_1000_232.xml
510.5,414536.14
516.25,418484.84
387.06,330767.97
332.1,292265.6

Montage_1000_233.xml
491.65,401728.66
495.59,403766.48
366.62,316855.88
322.52,286653.93

Montage_1000_234.xml
476.19,391305.29
483.49,396399.96
364.44,316044.64
314.92,281578.03

Montage_1000_235.xml
464.57,382441.79
482.43,394401.84
352.15,307194.53
308.34,276876.68

Montage_1000_236.xml
485.63,397483.98
489.66,399817.23
368.9,318611.03
319.51,284074.29

Montage_1000_237.xml
459.5,379367.8
465.41,383766.03
343.48,301019.1
303.03,273284.69

Montage_1000_238.xml
458.58,378896.04
473.7,388905.86
339.49,298152.99
306.93,275189.88

Montage_1000_239.xml
526,424915.86
535.98,431871.41
400.76,340087.87
339.87,297860.24

Montage_1000_240.xml
491.66,401172.09
495.56,403701.26
379.54,325090.62
322.82,286843.91

Montage_1000_241.xml
453.36,375256.53
459.42,379712.37
336.79,296694.75
299.82,271092.06

Montage_1000_242.xml
500.94,407098.69
511.94,415537.72
386.19,330378.94
326.48,288729.43

Montage_1000_243.xml
488.67,399155.34
494.57,402921.52
359.99,312574.81
321.23,285012.53

Montage_1000_244.xml
467.51,384951.29
473.66,389356.87
355.16,308740.01
310.65,277624.17

Montage_1000_245.xml
465.86,383772.43
468.88,385694.34
343.64,300565.72
309.61,277826.08

Montage_1000_246.xml
498.88,405581.09
504.8,410129.9
381.21,326869.95
329.03,290155.85

Montage_1000_247.xml
497.63,405606.44
501.93,408262.67
378.12,324343.28
325.42,288650.04

Montage_1000_248.xml
481.42,394236.58
494.38,402476.8
376.41,323764.08
317.62,283367.43

Montage_1000_249.xml
501.81,408595.52
511.3,414669.27
388.04,331726.71
327.74,289279.77

Montage_1000_250.xml
505.7,411312.89
509.01,413054.37
384.72,329346.76
329.51,291404.45

Montage_1000_251.xml
483.96,396340.73
487.05,398191.89
377.39,323767.61
318.98,283761.42

Montage_1000_252.xml
455.9,376914.66
462.1,381324.57
338.33,297271.64
304.59,274306.7

Montage_1000_253.xml
417.63,351082.04
423.77,355370.62
340.57,298822.42
285.77,261223.22

Montage_1000_254.xml
494.53,403576.05
501.58,408572.81
373.63,322189.95
320.46,285241.05

Montage_1000_255.xml
415.12,349324.29
420.99,353606.33
317.6,283045.26
284.21,259960.64

Montage_1000_256.xml
463.07,381834.04
468.86,385954.84
342.01,299354.75
308.36,276977.49

Montage_1000_257.xml
471.04,386460.53
475.52,390475.27
350.72,305734.21
311.6,279136.64

Montage_1000_258.xml
504.64,409306.8
508.78,412770.39
389.09,332329.8
328.4,290685.55

Montage_1000_259.xml
509.56,413879.46
522.78,423052.27
392.51,334378.99
331.37,291706.43

Montage_1000_260.xml
445.1,369817.84
451.16,374185.52
333.01,293680.32
299.12,270621.92

Montage_1000_261.xml
430.1,359343.6
449.87,372878.33
352.69,307071.32
291.45,264908.23

Montage_1000_262.xml
473.38,388374.06
477.68,392306.46
356.57,309673.78
312.57,279386.74

Montage_1000_263.xml
482.85,395250.74
485.57,397410.26
357.03,310739.81
318.4,283370.35

Montage_1000_264.xml
460.2,379957.11
467.21,385164.22
340.41,298688.84
306.49,275622.71

Montage_1000_265.xml
495.83,403922.31
506.44,411644.05
373.88,321584.61
325.79,287934.12

Montage_1000_266.xml
493.05,402237.8
499.09,406613.94
367.37,316932.09
323.29,287200.36

Montage_1000_267.xml
444.42,369263.98
450.33,373459.02
336.18,295864.51
298.84,270361.65

Montage_1000_268.xml
461.61,380050.5
469.74,386435.02
344.08,301236.37
307.49,275960.35

Montage_1000_269.xml
465.89,383943.02
468.52,385976.74
369.16,319156.14
309.53,277307.53

Montage_1000_270.xml
469.61,385668.75
473.56,388939.28
344.13,300800.16
310.77,278126.3

Montage_1000_271.xml
524.44,424093.22
530.3,428206.78
403.97,342800.62
338.82,296771.93

Montage_1000_272.xml
464,382181.51
480.61,393313.23
347.42,303733.67
309.7,277366.38

Montage_1000_273.xml
442.46,368081.57
462.36,381658.28
330.12,292172.14
298.16,270031.36

Montage_1000_274.xml
505.28,410888.73
521.42,422131.51
384.48,329281.69
330.58,291571.93

Montage_1000_275.xml
485.76,397001.65
492.36,402069.82
363.69,314603.9
319.79,284260.06

Montage_1000_276.xml
519.63,419633.85
527.65,425532.1
398.32,338420.46
335.56,295053.34

Montage_1000_277.xml
479.54,392972.34
487.89,398760.78
358.8,310875.19
316.61,282181.68

Montage_1000_278.xml
499.62,406390.41
505.59,411411.56
375.61,323336.35
326.59,288979.39

Montage_1000_279.xml
437.24,364432.37
443.16,368774.96
331.15,292836.71
295.32,267558.23

Montage_1000_280.xml
485.73,396483.33
489.93,400232.06
362.4,313656.9
318.75,283949.04

Montage_1000_281.xml
428.67,358415.1
434.71,362660.68
345.48,302379.59
291.14,264652.64

Montage_1000_282.xml
481.21,393302.51
482.09,395018.77
381.2,326302.35
316.47,282639.88

Montage_1000_283.xml
480.12,393524.85
494.47,403164.57
353.52,308117.03
315.83,281515.82

Montage_1000_284.xml
502.38,408230.3
509.34,413413.64
381.17,326972.76
326.92,289691.58

Montage_1000_285.xml
454.63,376168.76
464.07,382327.44
346.82,303260.11
304.23,274099.01

Montage_1000_286.xml
439.29,365764.11
447.01,371309.42
338.3,297552.31
296.33,268642.86

Montage_1000_287.xml
498.84,405185.71
502.93,409349.93
380.7,326136.97
325.12,287747.27

Montage_1000_288.xml
458.95,379371.92
463.25,382428.57
345.26,301812.24
306.07,275392.2

Montage_1000_289.xml
526.07,424870.78
537.19,432802.94
404.32,342630.41
339.89,298064.84

Montage_1000_290.xml
529.81,427436.63
535.74,431823.33
406.15,343717.27
341.8,299400.14

Montage_1000_291.xml
445.89,369525.74
459.47,379647.49
332.78,293559.01
299.32,270724.48

Montage_1000_292.xml
530.34,427423.51
534.46,431000.83
406.81,344257.46
337.56,297023.27

Montage_1000_293.xml
452.69,374974.73
472.41,388447.38
346.73,303062.8
303.16,272911.96

Montage_1000_294.xml
457.95,378710.77
463.87,382239.41
338.85,297759.93
306.03,275069.82

Montage_1000_295.xml
498.37,406132.77
511.11,414813.48
386.27,330186.48
325.94,288494.61

Montage_1000_296.xml
469.85,386686.1
477.06,391679.38
345.19,301914.4
311.61,278652.35

Montage_1000_297.xml
430.63,359218.29
443.96,368806.51
319.65,284499.19
290.99,264534.73

Montage_1000_298.xml
488.13,399020.72
494.37,402974.84
381.6,326970.91
320.75,285011.59

Montage_1000_299.xml
488.4,398723.99
492.63,402547.88
370.28,319384.97
319.85,284929.67

Montage_1000_300.xml
471.27,386593.06
472.23,388363.28
349.27,304642.48
311.38,278582.07

Montage_1000_301.xml
469.29,386328.34
475.1,389717.88
374.98,321878.97
314.59,280903.42

Montage_1000_302.xml
479.92,392738.21
486.95,398131.78
347.99,304156.67
315.76,282021.71

Montage_1000_303.xml
457.15,377917.82
464.05,382180.13
343.19,300670
304.78,273961.34

Montage_1000_304.xml
415.33,349579.73
421.53,353925.97
318.19,284007.65
284.23,259947.95

Montage_1000_305.xml
454.09,375629.2
461.21,380590.47
339.77,298398.99
303.48,273598.59

Montage_1000_306.xml
516.6,418129.42
524.3,423238.67
394.75,336840.52
334.13,293816.63

Montage_1000_307.xml
511.28,415021.08
517.43,418821.31
387.19,330715.52
329.1,291245.49

Montage_1000_308.xml
442.74,368083.25
450.51,373671.55
331.43,293132.1
296.96,268631.2

Montage_1000_309.xml
500,407339.69
505.85,411486.29
371.12,319527.16
326.91,289755.93

Montage_1000_310.xml
506.5,411159.92
515.65,417748.68
390.29,333823.1
330.12,291445.93

Montage_1000_311.xml
481.88,394919.45
491.69,401536.55
367.93,317385.35
317.66,282850.75

Montage_1000_312.xml
448.15,370910.67
455.32,375983.56
334.13,294527.98
300.84,271301.57

Montage_1000_313.xml
500.77,407336.42
503.51,409658.82
376.09,323481.89
326.05,288656.63

Montage_1000_314.xml
441.81,367387.09
449.18,372593.15
329.99,291719.1
297.49,269476.38

Montage_1000_315.xml
447.36,371404.67
453.89,375877.75
334.79,294221.74
299.51,270519.98

Montage_1000_316.xml
527.13,425625.25
532.5,429072.98
401.08,340327.66
340.17,298818.17

Montage_1000_317.xml
449.55,372533.84
458.97,379084.44
335.09,295189.23
301.83,271896.8

Montage_1000_318.xml
440,366374.01
450.99,373869.85
331.53,292817.45
295.76,267888.08

Montage_1000_319.xml
491.84,401695.08
494.49,402666.04
386.81,330507.88
322.47,286112.78

Montage_1000_320.xml
446.17,370395.58
455.54,377127.8
327.83,290348.13
299.88,271115.78

Montage_1000_321.xml
469.07,386220.53
484.45,396811.68
355.25,309252.37
311.37,278600.74

Montage_1000_322.xml
464.09,381848.83
468.85,386269.4
339.66,298237.48
307.88,276160.35

Montage_1000_323.xml
444.3,368503.61
449.05,372469.63
334.02,294430.77
299.15,270178.78

Montage_1000_324.xml
491.76,401518.56
496.09,404176.54
381.41,327151.54
321.54,285932.94

Montage_1000_325.xml
489.23,399544.25
501.61,407702.1
375.38,323204.16
321.35,285841.76

Montage_1000_326.xml
497.66,405386.98
503.64,409359.74
368.75,317760.94
325.57,288251.91

Montage_1000_327.xml
496.04,404736.53
499.89,406820.63
385.19,330193.87
324.86,287575.37

Montage_1000_328.xml
466.78,383616.11
481.51,393899.84
347.74,303779.08
309.46,277303.63

Montage_1000_329.xml
446.02,370085.8
453.33,375301.78
345.87,302179.36
299.71,270516.25

Montage_1000_330.xml
426.72,357197.63
435.2,363368.33
321.59,286709.49
290.16,264049.01

Montage_1000_331.xml
445.38,369299.9
451.06,373498.73
326.48,289289.92
298.37,269642.98

Montage_1000_332.xml
439.17,365693.86
441.85,367726.72
342.49,300341.19
296,268503.34

Montage_1000_333.xml
519.33,419887.74
537.27,432832.75
396.33,337569.19
335.57,295123.87

Montage_1000_334.xml
473.17,388983.37
475.68,390928.95
347.91,304020.8
313.06,279738.31

Montage_1000_335.xml
423.78,354083.59
431.38,360404.98
331.28,292474.11
287.8,262829.59

Montage_1000_336.xml
480.77,393519.71
488.04,399258.02
355.46,309472.08
316.1,282290.58

Montage_1000_337.xml
510.4,414211.43
519.04,419295.36
381.65,327679.02
332.06,292635.78

Montage_1000_338.xml
528.79,427000.4
539.73,434618.14
401.57,340530.49
340.47,298948.21

Montage_1000_339.xml
514.89,417412.48
525.07,423710.69
392.39,334634.85
334.21,293947.28

Montage_1000_340.xml
513.28,416463.89
533.28,429936.05
387.95,331594.54
333.15,293529.87

Montage_1000_341.xml
439.76,365059.94
445.43,369953.82
332.57,293388.51
296.38,268760.29

Montage_1000_342.xml
475.56,390277.02
479.81,393013.36
374.64,321763.42
314.41,281103.39

Montage_1000_343.xml
489.24,399776.77
495.17,404035.87
358.58,311895.83
321.23,285739.47

Montage_1000_344.xml
451.79,373684.35
453.86,375946.69
340.15,298505.78
301.72,271636.14

Montage_1000_345.xml
448.96,371818.56
454.6,376544.27
339.07,297713.4
301.28,271790.08

Montage_1000_346.xml
450.45,373404.56
458.53,378856.86
364.94,314850.4
302.14,272235.81

Montage_1000_347.xml
472.26,387236.4
479.8,393167.02
345.91,302535.73
312.22,278826.15

Montage_1000_348.xml
447.27,371083.78
455.29,376291.1
337.52,296434.32
300.42,270644.36

Montage_1000_349.xml
438.1,365022.53
444.25,369042.62
327.36,289901.96
295.93,268021.41

Montage_1000_350.xml
458.81,379068.38
464.69,383102.34
344.89,301955.27
306.08,275278.53

Montage_1000_351.xml
434.14,362304.1
437.99,364459.94
334.88,295110.34
293.76,266511.64

Montage_1000_352.xml
467.58,384937.24
473.54,389154.36
358.89,311565.25
310.57,277906.8

Montage_1000_353.xml
482.97,394974.56
491.72,401508.07
357.28,310331.42
317.99,283440.78

Montage_1000_354.xml
500.93,406998.2
519.42,420292.24
378.87,325235.53
326.57,288960.27

Montage_1000_355.xml
506.56,409950.31
510.21,412979.95
389.42,332658.8
329.11,291127.23

Montage_1000_356.xml
502.6,409070.77
505.09,411236.03
370.34,318870.78
327.95,289991.25

Montage_1000_357.xml
500.9,407664.42
508.37,412916.63
381.77,327822.19
329.58,290955.79

Montage_1000_358.xml
532.34,428324.12
536.49,432333.95
401.89,340919.1
341.93,299456.65

Montage_1000_359.xml
505.67,410823.12
514.1,416770.32
387.38,330957.62
329.67,290925.19

Montage_1000_360.xml
485.68,396706.64
489.67,400295.91
368.34,317879.99
318.64,283502.08

Montage_1000_361.xml
463.24,382141.54
466.47,384186.25
350.57,305534.02
308.35,276547.7

Montage_1000_362.xml
475.92,390963.02
485.76,397949.3
352.45,306804.52
314.62,280872.38

Montage_1000_363.xml
478.39,391847.33
479.26,392584.88
359.21,311427.17
314.61,280755.42

Montage_1000_364.xml
453.77,374589.47
454.84,376246.33
338.46,297531.18
303.23,272670.2

Montage_1000_365.xml
488.92,399612.04
495.19,403465.95
376.21,323437.42
321.29,285309.2

Montage_1000_366.xml
466.26,384310.01
472.29,387917.02
369.05,318264.47
309.78,277377.05

Montage_1000_367.xml
509.18,413655.05
512.12,415881.38
379.33,325748.19
330.99,292033.21

Montage_1000_368.xml
500.42,406983.18
504.69,410760.14
378.87,324922.37
329,290045.49

Montage_1000_369.xml
546.14,438761.4
552.12,442937.5
415.69,349677.55
349.71,304762.99

Montage_1000_370.xml
425.86,355950.97
444.35,369392.57
316.4,282504.92
291.66,264747.37

Montage_1000_371.xml
514.6,416313.58
520.55,420641.28
393.89,335590.33
335.33,294377.48

Montage_1000_372.xml
448.26,372072.59
458.35,379041.26
339.82,298507.71
300.59,271676.54

Montage_1000_373.xml
510.74,414572.07
516.91,418844.36
392.08,334606.79
331.99,293116.46

Montage_1000_374.xml
517.69,419516.47
524.06,423891.57
396.2,337463.09
335.49,294987.68

Montage_1000_375.xml
519.57,420706.37
523.75,422876.89
400.13,339855.79
335.55,294681.3

Montage_1000_376.xml
439.65,365704.66
445.62,370037.84
358.74,311074.1
296.71,268384.61

Montage_1000_377.xml
429.34,359271.83
440.26,365995.82
347.72,304341.6
291.31,265211.26

Montage_1000_378.xml
451.14,373663.53
462.16,380751.62
356.24,309548
302.5,272483.49

Montage_1000_379.xml
458.81,379078
471.54,387308.54
366.04,315912.31
302.51,273008.23

Montage_1000_380.xml
456.51,377304.72
462.1,381477.74
339.51,298070.99
305.06,274730.12

Montage_1000_381.xml
468.77,385184.86
479.09,392954.41
358.21,311347.56
310.39,278330.29

Montage_1000_382.xml
492.73,402435.14
498.31,405789.74
383.84,328394
323.16,286648.28

Montage_1000_383.xml
427.82,357352.94
428.72,358771.15
331.69,292821.97
289.72,263756.64

Montage_1000_384.xml
487.55,398387.16
491.42,401289.53
376.47,323036.91
319.46,284623.26

Montage_1000_385.xml
438.46,365039.91
442.15,367595.13
327.35,289998.39
296,268078.93

Montage_1000_386.xml
448.7,372089.99
460.47,380345.47
339.96,298529.98
300.95,271478.77

Montage_1000_387.xml
485.09,397082.95
504.93,410742.63
352.95,307347.71
319.15,284242.31

Montage_1000_388.xml
527.58,425951.37
533.59,430308.16
405.2,343350.64
340.72,298061.72

Montage_1000_389.xml
509.16,413477.24
519.14,419420.04
379.64,326194
334.75,294076.99

Montage_1000_390.xml
531,428168.42
549.39,440102.95
402.97,341663.48
341.94,300054.26

Montage_1000_391.xml
445.89,370286.01
448.39,372096.32
358.41,311197.43
299.79,270439.27

Montage_1000_392.xml
478.46,392393.81
484.55,396082.94
365.89,316401.95
316.33,281570.27

Montage_1000_393.xml
472.42,388232.69
484.84,396167.28
352.23,306502.21
312.69,279291.63

Montage_1000_394.xml
467.66,385222.64
471.87,388111.88
353.75,307905.94
309.57,277744.09

Montage_1000_395.xml
427.24,357660.12
436.93,363867.31
318.48,283826.91
289.09,263628.45

Montage_1000_396.xml
434.86,361846.57
437.36,364372.17
326.87,289508.38
293.66,266869.68

Montage_1000_397.xml
499.46,407005.76
505.64,411267.78
387.13,331009.32
323.2,286607.46

Montage_1000_398.xml
477.47,391328.75
481.53,394888.15
353.61,307773.23
314.5,281060.16

Montage_1000_399.xml
486.98,398453.01
496.24,404948.9
364.62,315519.41
319.99,284408

Montage_1000_400.xml
473.14,388276.23
477.91,391710.54
357.62,310569.03
313.07,280172.22

Montage_1000_401.xml
466.17,383802.94
473.71,388917.13
342.28,299624.06
313.06,279351.95

Montage_1000_402.xml
483.25,395560.79
486.89,397773.16
361.91,313375.5
317.66,281797.67

Montage_1000_403.xml
470.41,386464.29
476.2,391009.87
350.61,306282.43
311.81,279266.15

Montage_1000_404.xml
453.83,375559.54
473.65,389367.54
332.81,293785.75
303.73,273152.61

Montage_1000_405.xml
467.33,384680.53
473.93,389603.47
360.45,312368.41
310.35,277790.47

Montage_1000_406.xml
473.97,389355.16
493.29,402496.09
377.73,324097.57
316.61,282138.79

Montage_1000_407.xml
453.72,375602.47
456.99,377729.84
368.3,317505.2
303.72,273675.91

Montage_1000_408.xml
487.54,397234.19
492.08,402152.85
369.48,319784.78
319.66,284731.49

Montage_1000_409.xml
444.37,369329.83
453.76,375764.66
340.36,298959.25
298.83,270103.84

Montage_1000_410.xml
463.7,382365.45
467.91,385472.63
367.73,317367.38
307.76,275949.01

Montage_1000_411.xml
510.68,414526.18
516.5,418645.54
387.17,331687.37
332.19,292527.47

Montage_1000_412.xml
493.9,403123.55
504.46,410046.9
367.91,317729.09
323.69,287063.33

Montage_1000_413.xml
448.73,371479.41
460.01,379540.16
337.37,296590.81
301.01,271372.6

Montage_1000_414.xml
488.16,399071.8
496.16,404653.52
370.95,319853.97
320.83,284638.31

Montage_1000_415.xml
480.7,393347.71
484.98,397187.31
371.27,319682.94
316.1,281805.89

Montage_1000_416.xml
474.71,390044.24
480.41,394237.05
347.46,303656.04
314.04,280469.95

Montage_1000_417.xml
441.84,367459.65
445.07,369617.22
331.18,292031.6
297.69,269139.56

Montage_1000_418.xml
463.27,382336.72
471.79,388141.4
342.09,299823.52
308.45,276645.18

Montage_1000_419.xml
498.89,406269.47
508.44,413307.63
375.17,322899.63
326.09,288649.35

Montage_1000_420.xml
448.3,371589.98
457.89,378042.96
333.42,294877.12
303.07,272601.73

Montage_1000_421.xml
478.66,392709.17
482.88,395842.12
365.37,315729.18
318.53,283345.66

Montage_1000_422.xml
478.03,392063.2
483.66,395231.71
375.63,323135.59
315.55,281383.77

Montage_1000_423.xml
523.56,423374.65
526.38,425589.16
399.31,338935.16
338.48,297000.68

Montage_1000_424.xml
470.88,387213.97
477.52,391953.25
356.64,309991.28
312.46,279275.88

Montage_1000_425.xml
468.3,385425.85
474.12,389212
344.3,301043.32
310.94,278262.61

Montage_1000_426.xml
488.79,399257.36
496.67,404900.89
371.35,319705.53
321,285208.69

Montage_1000_427.xml
538.44,433473.04
543.91,437208.73
411.56,347533.02
346.12,302307.19

Montage_1000_428.xml
478.57,391924.52
487.38,398351.6
360.14,312518.12
315.91,281589.16

Montage_1000_429.xml
509.65,413641.05
513.98,416831.38
393.35,334353.97
330.54,291617.24

Montage_1000_430.xml
504.91,410500.77
513.74,416532.16
384.83,329362.26
329.09,291202.63

Montage_1000_431.xml
482.67,395544.02
489.33,400371.53
362.47,313938.08
318.21,283333.37

Montage_1000_432.xml
486.01,397506.92
505.73,410839.22
364.24,314922.06
319.92,284433.37

Montage_1000_433.xml
419.93,352633.71
422.48,354649.1
317.84,283706.83
286.78,262122.3

Montage_1000_434.xml
444.98,368425.4
452.68,374333.72
340.22,298464.97
298.17,269900.88

Montage_1000_435.xml
446.85,371008.14
449.78,372985.28
368.19,317264.35
300.3,271566.23

Montage_1000_436.xml
457.47,378385.42
463.53,382556.48
355.26,309680.98
305.6,275169.3

Montage_1000_437.xml
531.99,428376.61
537.21,431863.58
407.04,344277.75
341.61,299739.27

Montage_1000_438.xml
464.33,382892.6
482.18,395137.06
345.77,302355.58
310.95,278384.21

Montage_1000_439.xml
486.13,397519.18
499.43,406355.55
364.81,315429.74
319.65,284739.87

Montage_1000_440.xml
469.71,386240.14
477.98,392179.32
344.09,301818.15
311.99,279325.4

Montage_1000_441.xml
522.53,422707.73
528.41,426865.38
387.75,331360.3
338.03,297269.68

Montage_1000_442.xml
470.99,387580.25
490.61,400163.29
355.95,309226.55
312.36,279239.54

Montage_1000_443.xml
472.47,388420.57
480.27,393883.73
372.82,320390.08
312.97,280067.97

Montage_1000_444.xml
445.61,369887.74
446.84,370373.49
330.85,292531.11
298.62,270252.47

Montage_1000_445.xml
498.33,405414.01
504.31,409212.23
384.17,328925.51
324.98,288395.36

Montage_1000_446.xml
477.11,390223.59
495.16,403532.83
364.43,315335.48
314.23,280549.68

Montage_1000_447.xml
463.71,382430.95
466.51,383961.77
347.82,303640.11
309.64,277094.6

Montage_1000_448.xml
439.13,365550.73
442.36,367752.46
329.26,291584.87
296.09,268028.97

Montage_1000_449.xml
467.19,384011.66
485,397048.67
357.85,310993.46
309.38,277184.99

Montage_1000_450.xml
459.61,379651.08
474.95,389126.91
344.66,301737.4
305.6,274654.04

Montage_1000_451.xml
429.58,359137.94
442.15,367701.7
319.36,284284.53
291.45,265287.23

Montage_1000_452.xml
435.35,363181.58
442.42,368183.27
358.17,310131.73
294.21,267222.68

Montage_1000_453.xml
440.49,366105.78
448.05,371857.81
333.04,294279.37
296.17,268452.69

Montage_1000_454.xml
467.1,384271.84
473.02,388592.15
370.64,319294.03
310.32,278343.32

Montage_1000_455.xml
527.06,425382.6
531.25,428455.52
399.48,339763.65
340.09,298811.22

Montage_1000_456.xml
469.25,385417.33
481.07,393771.5
367,316648.11
310.52,277607.35

Montage_1000_457.xml
460.17,379989.5
466.09,384208.29
339.68,298774.06
306.93,275587.56

Montage_1000_458.xml
506.5,411347.17
510.95,415034.73
383.88,328720.05
329.02,290623.38

Montage_1000_459.xml
493.03,402534.81
496.48,405113.43
378.1,324448.67
323.28,286682.62

Montage_1000_460.xml
486.65,397205.45
490.54,400370.58
374.55,322206.8
319.07,284353.24

Montage_1000_461.xml
467.78,385222.78
477.34,391159.79
344.78,302149.11
310.41,278325.16

Montage_1000_462.xml
517.88,419095.45
529.52,427179.81
401.5,340597.5
335.58,295040.94

Montage_1000_463.xml
445.17,369852.92
455.13,376662.18
330.44,291640.42
299.29,270686.22

Montage_1000_464.xml
475.62,390574.17
481.71,394877.87
370.17,319766.48
314.5,280754.53

Montage_1000_465.xml
418.78,351057.27
424.74,355538.67
321.62,286017.25
286.41,261170.42

Montage_1000_466.xml
496.52,404981.65
502.45,409232.39
374.33,322213.43
326.23,288272.57

Montage_1000_467.xml
442.33,367888.55
450.26,372613.39
344.01,300986.31
297,268659.44

Montage_1000_468.xml
470.43,387010.83
473.21,388530.98
344.94,301847.09
312.01,279293.09

Montage_1000_469.xml
471.87,387650.25
473.59,387914.71
371.61,319548.23
311.8,278826.36

Montage_1000_470.xml
446.47,370364.67
454.11,376153.29
360.07,311484.79
300.02,271171.12

Montage_1000_471.xml
463.98,382661.17
473.63,389479.71
345.03,302202.24
308.37,276421.44

Montage_1000_472.xml
476.89,391564.29
486.33,398124.98
358,310159.78
315.19,280805.53

Montage_1000_473.xml
515.49,417834.13
533.42,429577.04
382.61,327635.31
333.68,294196.31

Montage_1000_474.xml
506.39,411639.54
512.44,415884.27
395.64,336904.12
330.02,291141.84

Montage_1000_475.xml
441.15,366934.38
447.05,370376.19
329.14,290964.66
297.39,269517.8

Montage_1000_476.xml
424.72,355961.26
426.29,357391.75
321.52,286012.47
288.47,262408.36

Montage_1000_477.xml
524.55,423629.31
533.54,430056.05
404.43,343003.21
338.79,297362.76

Montage_1000_478.xml
465.91,383630.86
476.26,390960.01
374.68,321573.53
308.7,276808.05

Montage_1000_479.xml
471.26,387585.78
477.13,391071.28
351.4,305952.57
312.33,279655.17

Montage_1000_480.xml
451.27,373692.51
457.35,378108.5
336.35,296159.66
302.38,272386.37

Montage_1000_481.xml
434.02,362155.03
450.78,373443.2
326.34,289100.04
293.82,266551.49

Montage_1000_482.xml
476.55,390533.26
479.66,393253.91
349.01,304930.71
314.22,280935.14

Montage_1000_483.xml
477.59,391733.45
481.76,393707.01
359.92,312697.29
315.25,281715.71

Montage_1000_484.xml
473.67,388074.28
475.57,390062.19
362.04,313824.83
312.88,279620.56

Montage_1000_485.xml
472.3,388375.55
476.5,391174.45
362.49,313416.63
312.79,280011.65

Montage_1000_486.xml
463.64,380972.93
471.8,387951.61
345.23,302180.72
307.9,276054.46

Montage_1000_487.xml
544.08,437288.06
563.63,450509.5
414.05,349599.52
348.83,304037.82

Montage_1000_488.xml
424.83,355927.9
425.88,356945.74
320.05,284970.38
288.6,263056.43

Montage_1000_489.xml
492.03,401831.16
497.73,405527.09
372.7,321099.32
322.69,286663.44

Montage_1000_490.xml
449.97,372450.22
468.22,385827.2
329.22,291543.92
301.07,271468.39

Montage_1000_491.xml
521.26,421393.89
534.21,430571.76
398.1,338625.89
337.49,296851.09

Montage_1000_492.xml
438.75,365025.45
440.36,366446.1
327.67,290243.05
296.2,268312.15

Montage_1000_493.xml
508.17,412119.54
514.98,417531.15
383.25,328245.54
329.95,291249.03

Montage_1000_494.xml
448.9,371905.2
453.43,374760.34
333.94,294321.01
300.49,270709.09

Montage_1000_495.xml
458.77,379097.52
475.09,390283.25
368.59,317073.77
306.16,274939.93

Montage_1000_496.xml
479.27,392919.13
486.04,397195.05
366.48,316591.86
316.26,281840.25

Montage_1000_497.xml
504.62,409806.25
507.7,411791.57
374.3,321645.76
329.22,290724.08

Montage_1000_498.xml
513.55,416309.37
520.98,420822
397.23,337638.42
332.66,293208.08

Montage_1000_499.xml
433.12,361681.1
445.69,370236.06
352.95,307397.77
293.4,266181.78

Montage_1000_500.xml
514.28,416922.78
522.67,422084.84
388.81,332332.51
334.02,294536.76

Montage_1000_501.xml
501.02,408140.65
512.42,415090.78
387.6,332334.96
327.11,289318.32

Montage_1000_502.xml
492.8,402327.74
495.21,404116.51
388.35,331821.68
323.08,286512.25

Montage_1000_503.xml
410.41,345723.15
414.39,348357.21
310.51,278329.73
282.01,258637.97

Montage_1000_504.xml
506.43,411493.47
518.19,419579.35
373.84,321141.07
329.65,291568.14

Montage_1000_505.xml
434.08,362297.28
448.72,370568.41
324.53,288725.19
293.17,266496.03

Montage_1000_506.xml
473.27,388995.43
476.49,391039.15
373.46,321373.91
313.19,279847.51

Montage_1000_507.xml
441.3,367029.97
448.01,371618.3
329.74,292236.46
296.16,268520.23

Montage_1000_508.xml
498.29,405437.4
504.24,410413.61
370.57,319520.23
325.96,288622.25

Montage_1000_509.xml
486.97,398374.97
496.74,404697.24
355.31,308630.04
320.19,284388.37

Montage_1000_510.xml
499.78,406374.49
501.14,407659.63
381.32,327011.2
325.95,288586.9

Montage_1000_511.xml
479.07,392474.32
482.99,395461.63
355.6,308855.08
316.31,281957.07

Montage_1000_512.xml
432.56,360990.43
444.92,369541.5
324.58,288072.77
292.94,266310.13

Montage_1000_513.xml
447.59,370788.34
458.06,378724.31
331.83,292725.17
299.61,270639.94

Montage_1000_514.xml
526.41,425186.07
528.37,426183.06
406.33,343225.57
339.81,298002.13

Montage_1000_515.xml
495.85,404484.43
505.27,410188.39
389.06,332441.83
324.82,287083.62

Montage_1000_516.xml
486.49,397839.42
491.4,400706.81
375.31,322664.91
320.23,284606.74

Montage_1000_517.xml
457.55,377986.67
461.42,380169.36
344.4,302349.53
305.34,274863.56

Montage_1000_518.xml
499.85,407185.57
505.85,411628.13
381.52,327126.01
326.53,289417.14

Montage_1000_519.xml
488.93,399868.12
494.39,402698.34
381.5,327307.36
321.02,285619.12

Montage_1000_520.xml
481.65,394760.54
488.36,398883.53
367.21,318404.84
317.62,282805.5

Montage_1000_521.xml
444.7,369377.51
448.26,371874.22
330.79,292227.21
299.01,270486.39

Montage_1000_522.xml
477.97,391822.56
480.7,394189.64
365.63,316672.94
315.31,281505.91

Montage_1000_523.xml
527.94,425894.32
533.85,429499.76
401.06,340424.87
340.73,298565.65

Montage_1000_524.xml
514.1,416805.42
519.92,420940.9
398.05,338680.14
333.64,293611.56

Montage_1000_525.xml
513.62,415441.75
520.99,420991.57
377.81,324585.29
332.78,293607.88

Montage_1000_526.xml
510.51,414201.77
525.18,424422.26
395.41,336268.03
331.9,293024.92

Montage_1000_527.xml
489.74,399686.71
496.34,405040.91
371.64,320339.46
321.52,285900.07

Montage_1000_528.xml
423.23,354893.93
429.8,359508.87
319.25,284679.25
287.34,262001.8

Montage_1000_529.xml
446.58,369911.29
463.99,382825.83
327.07,289692.42
298.94,270522.01

Montage_1000_530.xml
487.14,397678.8
491.63,401676.98
358.58,311303.46
319.59,284155.5

Montage_1000_531.xml
507.83,412165.01
520.27,419671.09
380.03,326131.15
330.67,291695.65

Montage_1000_532.xml
439.85,365942.38
448.62,372272.67
338,297187.34
296.95,268844.16

Montage_1000_533.xml
506.11,411586.96
511.4,415418.26
374.37,321685.13
329.65,291076.19

Montage_1000_534.xml
453.02,374072.63
456.87,377855.83
335.78,295736.28
302.25,272644.85

Montage_1000_535.xml
466.59,383938.04
472.52,387489.78
343.47,301189.14
310.08,277341.51

Montage_1000_536.xml
492.27,401629.76
497.95,405988.4
378.34,325080.84
322.9,286364.56

Montage_1000_537.xml
479.88,392467.64
484.08,396279.59
365.12,315510.56
315.57,281535.91

Montage_1000_538.xml
494.18,402810.94
498.34,406397.82
372.75,321136.42
323.14,287178.13

Montage_1000_539.xml
511.63,415093.31
514.47,417312.12
387.71,331249.23
332.46,293500.68

Montage_1000_540.xml
447.89,371449.73
456.42,376869.54
339.06,297625.23
300.55,270817.5

Montage_1000_541.xml
488.44,398764.75
506.52,411601.94
358.87,311505.28
319.9,284407.7

Montage_1000_542.xml
455.83,376312.78
475.37,390017.82
348.99,304559.05
304.75,274484.28

Montage_1000_543.xml
445.38,369978.67
455.79,376982.16
338.58,297495.83
302.49,271942.59

Montage_1000_544.xml
439.42,365777.51
447.99,371164.11
329.96,291776.75
297.76,269503.4

Montage_1000_545.xml
446.34,370673.61
456.71,377872.24
341.26,299188.9
299.88,270882.92

Montage_1000_546.xml
442.56,367405.17
452.57,374741.2
326.42,289352.27
297.09,268701.91

Montage_1000_547.xml
505.78,411187.88
508.25,413319.02
390.42,333112.55
329.62,291132.14

Montage_1000_548.xml
530.74,427527.73
544.51,437722.65
405.66,343548.4
341.25,299050.69

Montage_1000_549.xml
510.21,414408.15
518.16,419920.37
386.57,330533.44
331.55,292885.31

Montage_1000_550.xml
489.24,399988.71
495.24,403414.84
381.87,327244.11
321.27,285753.33

Montage_1000_551.xml
465.45,382882.29
469.74,386435.3
346.97,303204.2
305.33,274574.43

Montage_1000_552.xml
437.03,364358.04
448.79,372474.69
326.77,290458.97
295.23,267481.35

Montage_1000_553.xml
446.11,370300.51
455.79,377040.51
336.57,296724.04
299.88,270717.27

Montage_1000_554.xml
492.59,401340.92
496.22,404617.05
377.77,325065.04
322.32,286489.22

Montage_1000_555.xml
512.33,415711.59
521.65,421548.98
382.28,327508
332.8,292848.74

Montage_1000_556.xml
504.04,410053.12
511.73,415301.83
383.09,328124.42
328.08,290080.82

Montage_1000_557.xml
446.35,370663.54
459.5,379157.23
362.22,313430.97
299.97,270657.44

Montage_1000_558.xml
464.16,382805.5
472.25,388293.25
342.35,300202.35
308.59,277122.11

Montage_1000_559.xml
486.03,397832.43
490.33,400098.79
379.78,325804.35
318.79,284024.17

Montage_1000_560.xml
522.3,422513.73
528.45,426023.7
400.98,340404.39
337.53,296506.87

Montage_1000_561.xml
482.39,395357.29
494.11,402855.31
362.51,314477.07
317.72,283041.32

Montage_1000_562.xml
469.23,385919.65
475.04,389702.36
344.52,301761.04
311.16,278385.08

Montage_1000_563.xml
518.17,418863.52
522.28,422099.07
390.46,333234.74
334.86,295080.91

Montage_1000_564.xml
510.45,414360.53
516.56,418774.5
387.15,330723.22
332.02,292640.83

Montage_1000_565.xml
427.84,357273.5
439.14,365787.25
339.58,299051.74
289.59,263996.42

Montage_1000_566.xml
444.68,368795.45
452.11,374272.49
352.2,306797.68
298.37,270163.87

Montage_1000_567.xml
504.98,410829.61
508.49,412131.82
381.1,326603.04
329,291036.62

Montage_1000_568.xml
456.92,377883.39
462.61,382037.2
344.29,301133.8
305.2,274313.48

Montage_1000_569.xml
491.5,400538.44
504.58,409868.99
365.7,316241.68
321.32,285004.05

Montage_1000_570.xml
496.17,404409.29
500.37,407604.97
378.98,325523.8
323.63,287432.48

Montage_1000_571.xml
418.76,351883.54
423.15,354408.07
337.21,297029.03
285.2,260595.94

Montage_1000_572.xml
457.15,377844.03
464.61,382088.63
349.98,305367.65
305.18,274286.68

Montage_1000_573.xml
464.88,383070.41
475.93,390364.82
345.02,302076.06
309.38,276851.68

Montage_1000_574.xml
478.34,392431.59
498.42,405944.75
360.25,312111.21
315.7,281854.52

Montage_1000_575.xml
444.31,369021.91
452.75,374939.47
337.61,296893.46
298.74,270347.57

Montage_1000_576.xml
523.17,422924.22
531.3,427203.65
396.82,337244.95
337.62,296172.23

Montage_1000_577.xml
504.63,410539.9
515.11,417083.94
378.43,324634
328.89,290996.31

Montage_1000_578.xml
465.88,383726.64
468.39,385220.2
353.77,308715.43
309.55,277319.65

Montage_1000_579.xml
516.05,417408.23
529.34,427199.01
393.65,335315.73
333.78,293741.45

Montage_1000_580.xml
466.08,384101.29
485.45,397372.27
342.67,299911.56
312.95,279908.33

Montage_1000_581.xml
490.54,400651.85
506.27,410968.24
380.28,326149.99
322.28,286093.91

Montage_1000_582.xml
467.17,384237.43
470.09,386823.9
342.53,300222.43
310.35,277925.14

Montage_1000_583.xml
470.93,386050.07
479.36,392854.91
360.56,312740.43
312.64,278943.98

Montage_1000_584.xml
458.53,378232.29
461.48,380753.79
365.49,315754.37
306.24,274986.39

Montage_1000_585.xml
489.77,399714.53
493.94,403472.11
368.8,318536.5
320.94,285612.36

Montage_1000_586.xml
422.37,354267.07
431.21,360152.98
340.04,298654.52
287.69,262849.64

Montage_1000_587.xml
466.7,384082.18
469.1,386463.29
359.6,311793.47
310.13,278153.11

Montage_1000_588.xml
475.68,390089.75
487.51,398608.85
364.79,315272.14
314.46,280734.47

Montage_1000_589.xml
509.63,413546.27
514.06,416934.18
389.84,332911.49
330.58,291693.52

Montage_1000_590.xml
456.41,376463.47
457.43,377909.47
342.42,300290.4
304.24,273614.34

Montage_1000_591.xml
512.18,415455.92
514.75,417585.28
387.24,330800.91
332.86,293230.56

Montage_1000_592.xml
524.97,423729.38
533.51,430063.95
400.89,339489.43
338.17,296233

Montage_1000_593.xml
474.31,389897.84
485.59,397650.93
352.81,306775.29
317.05,282554.03

Montage_1000_594.xml
486.58,397401.08
505.9,410712.89
368.39,317658.26
321.46,285306.83

Montage_1000_595.xml
450.62,373510.44
461.37,381096.57
368.85,318188.41
299.14,270363.97

Montage_1000_596.xml
440.55,366705.15
448.04,371402.73
330.18,292294.4
300,270488.4

Montage_1000_597.xml
484.31,396692.5
491.19,401059.67
352.18,307263.77
321.78,285336.78

Montage_1000_598.xml
467.64,385188.74
477.73,391580.02
354.62,308583.26
310.66,278124.85

Montage_1000_599.xml
506.84,412076.23
511.13,415180.21
383.59,328244.95
329.28,291344.13

Montage_1000_600.xml
501.42,407975.04
502.29,409004.23
365.34,315443.56
326.65,289439.67

Montage_1000_601.xml
508.87,413485.57
514.46,416874.71
394.75,335643.35
331.27,292148.72

Montage_1000_602.xml
533.77,429430.19
547.8,438822.34
408.35,345695.6
342.7,300643.84

Montage_1000_603.xml
508.91,413284.76
512.82,416315.23
385.04,329653.57
329.94,291316.24

Montage_1000_604.xml
489.71,399439.95
493.29,402202.7
376.36,323262.47
320.54,285289.66

Montage_1000_605.xml
456.57,377567.82
476.12,390697.66
337.04,297472.4
304.97,274117.45

Montage_1000_606.xml
440.18,365572.6
443.02,367518.83
333.26,293942.76
295.93,268411.74

Montage_1000_607.xml
478.24,391830.58
483.36,396047.89
357.77,311233.51
315.25,281294.25

Montage_1000_608.xml
461.43,379789.23
462.45,381549.79
342.28,300352.66
307.68,276209.93

Montage_1000_609.xml
495.97,403970.02
500.53,407865.93
384.46,329126.74
323.81,287545.63

Montage_1000_610.xml
501.51,408277.18
502.63,409460.14
384.73,329140.51
326.88,289132.97

Montage_1000_611.xml
506.39,410457.14
517.37,418822.49
373.46,321182.94
329.34,291299.7

Montage_1000_612.xml
479.12,391209.88
479.92,393651.42
354.63,308229.4
315.37,281505.45

Montage_1000_613.xml
448.15,371939.21
467.42,384922.34
333.79,294218.54
300.91,271839.04

Montage_1000_614.xml
449.78,372777.86
467.9,384550.03
343.25,300846.21
300.96,271846.51

Montage_1000_615.xml
510.17,414298.56
527,425684.4
390.67,333135.64
331.7,292497.64

Montage_1000_616.xml
446.46,370400.72
465.46,383335.22
326.58,289962.02
301.17,271239.03

Montage_1000_617.xml
512.11,415448.49
513.29,416551.15
386.54,330177.24
331.81,293089.53

Montage_1000_618.xml
527.73,425540.09
531.9,429425.89
404.57,342701.82
339.93,298181.87

Montage_1000_619.xml
493.08,402315.79
501.06,407945
377.42,324386.47
318.91,283763.17

Montage_1000_620.xml
502.41,409067.5
521.82,422279.86
386.4,330672.92
331.02,291445.81

Montage_1000_621.xml
434.2,362404.22
440.25,366568.18
323.05,286888.08
294,267116.46

Montage_1000_622.xml
473.72,388913.52
479.73,393167.8
352.58,307026.17
313.53,280449.78

Montage_1000_623.xml
437.75,363389.67
439.9,366247.53
326.72,289410
294.84,267441.71

Montage_1000_624.xml
471.62,387962.45
479.73,392929.37
345.58,303297.1
312.21,279104.73

Montage_1000_625.xml
473.05,388211.52
477.23,391934.14
347.23,303480.06
312.25,279476.05

Montage_1000_626.xml
459.87,379801.35
465.2,383723.08
349.1,304589.83
306.52,275643.28

Montage_1000_627.xml
500.26,406751.94
507.02,412208.82
385.84,329804.91
325.86,287892.18

Montage_1000_628.xml
511.98,414288.69
516.24,417583.78
386.15,330526.61
331.65,292384.16

Montage_1000_629.xml
413.52,348302.85
425.98,356657.89
321.54,285644.97
286.63,261875.67

Montage_1000_630.xml
504.5,410549.67
513.72,416818.07
388.52,331990.58
329.07,291044.26

Montage_1000_631.xml
478.52,392701.78
486.36,398178.64
354.21,308097.5
315.04,281569.14

Montage_1000_632.xml
458.99,379389.1
464.74,383329.56
366.29,316033.16
306.14,275102.48

Montage_1000_633.xml
492.8,402174.41
503.95,410018.08
374.26,321395.57
323.08,286908.75

Montage_1000_634.xml
487.48,397895.05
492.55,402241.01
374.1,322076.96
319.34,284425.96

Montage_1000_635.xml
530.18,427125.08
536.07,432230.48
402.18,340951.58
341.82,299328.47

Montage_1000_636.xml
455.87,376752.69
464.16,382396
340.98,298974.75
304.95,273804.95

Montage_1000_637.xml
423.76,355448.36
438.1,364846.76
342.79,300278.31
287.76,262591.93

Montage_1000_638.xml
467.17,384611.61
472.95,388307.13
356.57,309203.09
310.32,277989.84

Montage_1000_639.xml
495.94,404205.12
501.7,408361.9
377.87,324283.98
324.79,288232.43

Montage_1000_640.xml
491.08,400588.04
495.46,404268.11
369.16,318415.64
321.27,285865.24

Montage_1000_641.xml
483.95,395781.28
491.55,400948.42
367.59,317612.87
320.96,284625.22

Montage_1000_642.xml
510.78,414235.89
528.79,427050.29
396.88,337936.66
331.25,292214.79

Montage_1000_643.xml
463.73,382361.27
467.83,385637.85
342.48,300075.9
308.34,276423.32

Montage_1000_644.xml
499.44,406696.97
504.94,410920.96
370.89,320021.03
327.57,289680.51

Montage_1000_645.xml
457.94,378106.11
464.27,382267.28
344.3,301510.97
305.69,275190.61

Montage_1000_646.xml
453.15,374934.08
458.92,379280.75
362.17,313319.64
303.35,273018.3

Montage_1000_647.xml
494.78,403471.44
497.78,405856.53
378.74,325116.13
324.17,287851.86

Montage_1000_648.xml
456.62,377271.37
473.73,388049.65
338.66,297543.16
304.89,273946.02

Montage_1000_649.xml
484.35,396410.02
485.08,397140.73
371.78,319904.5
317.94,283477.62

Montage_1000_650.xml
485.34,397152.74
489.76,399860.43
363.82,314879.01
319.35,284358.15

Montage_1000_651.xml
464.8,382791.7
467.29,384939.77
348.06,304072.55
309.28,277233.04

Montage_1000_652.xml
468.12,385253.44
472.99,388960.93
349.95,305368.9
310.81,278541.17

Montage_1000_653.xml
465.6,383598.53
477.44,391859.21
348.41,305277.02
309.65,277816.39

Montage_1000_654.xml
463.57,381858.92
475.96,390521.85
360.12,311563.96
308.12,276746.85

Montage_1000_655.xml
476.48,391346.22
482.37,395357.35
367.92,317510.88
315.25,281126.05

Montage_1000_656.xml
480.31,392951.77
498.13,406048.71
348.76,304469.32
316.14,281773.83

Montage_1000_657.xml
426.98,356503.17
431.23,360479.29
352.19,306352.6
289.24,263203.88

Montage_1000_658.xml
461.57,381200.18
467.67,385536.77
354.13,307845.7
307.48,275846.9

Montage_1000_659.xml
502.55,408622.16
519.1,420075.94
393.79,335781.21
328.04,290467.89

Montage_1000_660.xml
505.89,410793.64
517.07,419113.57
388.29,331794.21
328.99,290711.02

Montage_1000_661.xml
468.91,384763.11
473.31,389063.47
354.32,308469.8
310.41,277866.27

Montage_1000_662.xml
431.99,360385.58
437.7,365103.47
328.5,290752.48
295.73,268078.33

Montage_1000_663.xml
511.35,414552.77
517.1,418777.37
390.21,332383.51
332.27,292900.38

Montage_1000_664.xml
484.91,396976.86
492.62,402567.05
365.34,315084.24
319.26,283910.73

Montage_1000_665.xml
481.94,394827.85
502.06,408627.22
361.45,313430.38
317.58,283255.93

Montage_1000_666.xml
458.58,378527.83
465.52,383249.63
338.18,297881.89
305.09,274245.01

Montage_1000_667.xml
453.8,375860.63
456.31,376335.25
341.29,300351.8
302.87,273185.86

Montage_1000_668.xml
468.65,385784.59
472.75,388910.31
368.58,317435.62
310.46,278091.86

Montage_1000_669.xml
475.82,390488.14
478.8,392301.88
358.95,311591.37
314.54,281067.54

Montage_1000_670.xml
512.69,416009.58
524.22,423941.96
392.9,335048.27
332.9,293759.01

Montage_1000_671.xml
462.39,381552.6
470.5,386927.45
341.52,299450
307.89,276670.24

Montage_1000_672.xml
483.8,395752.9
491.27,401528.09
360.49,312686.09
318.68,283620.99

Montage_1000_673.xml
503.69,409701.04
507,411593.2
382.42,327553.46
328.7,290419.08

Montage_1000_674.xml
464.27,382473.02
474.67,389688.69
346.77,303792.62
308.59,276687.01

Montage_1000_675.xml
457.25,378168.5
461.49,381253.41
334.81,294873.25
304.53,274187.59

Montage_1000_676.xml
466.48,384066.6
473.29,388296
348.53,304000.65
309.94,278058.3

Montage_1000_677.xml
525.55,424373.15
531.47,428043.09
395.22,336437.15
339.24,297152.33

Montage_1000_678.xml
447.34,371100.67
460.99,380392.72
332.64,294348.82
299.58,270953.21

Montage_1000_679.xml
514.31,416295
524.34,424025.85
398.63,339588.89
333.1,293427.58

Montage_1000_680.xml
494.72,403526.8
500.56,407634.97
363.04,314350.08
324.08,286819.99

Montage_1000_681.xml
549.34,440407.91
556.12,445714.7
416.17,350763.58
350.5,305831.84

Montage_1000_682.xml
474.87,389818.12
480.83,394088.19
374.22,321760.31
317.53,282356.91

Montage_1000_683.xml
511.19,414830.41
517.13,419047.58
386.36,330528.77
332.22,293332.26

Montage_1000_684.xml
507.57,411436.63
525.14,424441.84
384.98,329906.7
329.84,291173.37

Montage_1000_685.xml
453.07,374917.06
472.89,388773.11
336.03,296436.61
302.67,272206.8

Montage_1000_686.xml
484,396070.84
493.41,402662.61
362.44,313881.24
318.02,282715.37

Montage_1000_687.xml
455.92,377089.3
461.85,381355.24
338.31,297098.68
304.74,274199.12

Montage_1000_688.xml
526.57,424222.95
535.71,431118.89
394.63,336214.3
339.17,298082.85

Montage_1000_689.xml
529.98,427813.38
535.58,431868.01
401.3,341117.29
340.74,298752.46

Montage_1000_690.xml
449.35,372508.67
458.27,378927.74
333.15,293494.05
301.28,272113.88

Montage_1000_691.xml
416.01,349799.09
431.17,360130.61
320.74,285487.79
284.66,260698.89

Montage_1000_692.xml
474.66,389977.67
480.31,394046.06
374.04,321289.08
313.86,280744.23

Montage_1000_693.xml
501.03,406966.24
512.76,415308.27
371.81,320791.5
327.55,289580.16

Montage_1000_694.xml
480.7,393834.81
490.83,401246.6
361.62,313517.71
316.89,282780.88

Montage_1000_695.xml
466.56,383409.27
474.27,389857.23
364.59,316007.42
309.19,277486.04

Montage_1000_696.xml
468.3,385013.2
476.81,391568.64
359.76,311900.4
309.77,277795.55

Montage_1000_697.xml
484.42,396026.41
499.28,406942.84
366.29,317014.16
318.06,283144.25

Montage_1000_698.xml
467.23,384067.33
477.27,391192.79
353.26,307803.52
309.39,277189.65

Montage_1000_699.xml
504.8,410353.44
522.28,422325.83
393.57,335344.76
328.36,290603.3

Montage_1000_700.xml
536.36,431210.55
544.63,437313.95
404.27,342806.04
343.94,300726.63

Montage_1000_701.xml
475.19,389636.75
476.19,390858.22
362.32,313793.48
313.52,280015.19

Montage_1000_702.xml
485.94,396353.99
490.34,400543.86
368.47,317939
319,283676.7

Montage_1000_703.xml
503.91,409856.67
512.68,415833.9
383.45,328609.94
328.88,290587.95

Montage_1000_704.xml
460.16,379249.31
464.34,382759.63
373.73,320982.6
305.6,274569.09

Montage_1000_705.xml
446.99,370071.92
450.95,373823.03
359.29,311551.97
299.14,270254.09

Montage_1000_706.xml
476.55,391304.49
482.35,395594
348.37,304222.65
311.46,279083.34

Montage_1000_707.xml
489.16,399659.8
498.24,405987.32
364.58,316286.35
321.21,284940.74

Montage_1000_708.xml
445.57,369657.35
450.91,373677.39
330.71,292597.99
298.57,269752.03

Montage_1000_709.xml
499.44,406952.74
505.41,410340.37
381.49,327046.27
329.36,290353.96

Montage_1000_710.xml
456.89,377868.36
462.84,381738.65
348.61,303865.37
304.9,274571.51

Montage_1000_711.xml
492.75,402312.46
498.15,405540.73
376.73,323798.82
323.04,286497.7

Montage_1000_712.xml
470.24,385872.98
474.4,390046.58
350,304754.24
311.24,278514.9

Montage_1000_713.xml
516.37,418278.18
519.29,420021.91
399.14,339348.98
334.66,294901.37

Montage_1000_714.xml
517.42,419046.43
526.57,424847.59
400.79,340248.93
335.43,295522.42

Montage_1000_715.xml
487.7,398960.83
504.13,410240.43
378.02,324059.52
320.72,284925.96

Montage_1000_716.xml
484.36,395711.62
492.07,401887.57
373.6,321306.76
317.96,283123.55

Montage_1000_717.xml
464.33,382961.61
472.06,388168.79
339.41,298255.61
308.6,277102.61

Montage_1000_718.xml
501.99,408568.32
508.06,413082.43
388,331588.44
327.94,290327.58

Montage_1000_719.xml
516.94,418671.95
525.8,424105.03
399.35,339401.05
335.01,294642.03

Montage_1000_720.xml
520.59,420516.34
528.5,426104.04
396.13,336965.97
335.98,295831.44

Montage_1000_721.xml
480.59,394200.11
483.15,396109.61
366.79,317047.74
317.85,283003.33

Montage_1000_722.xml
511.71,415283.57
525.69,423885.85
387.08,331495.65
335.65,295207.85

Montage_1000_723.xml
513.85,416794.58
520.79,421007.08
394.33,335379.89
333.66,293876.5

Montage_1000_724.xml
448.88,372331.39
453.33,375281.61
335.45,294994.18
301.16,272001.89

Montage_1000_725.xml
453.63,374814.8
464.44,382262.96
335.76,295877.96
302.73,273013.77

Montage_1000_726.xml
474.67,389552.24
482.23,394565.36
358.13,311037.41
316.84,281843.09

Montage_1000_727.xml
459.16,379287.05
462.38,381188.68
334.27,294985.34
306.05,274930.9

Montage_1000_728.xml
486.73,397932.61
492.67,402323.82
363.12,314072.28
320.06,284943.71

Montage_1000_729.xml
502.86,409279.18
506.46,411398.35
375.83,323109.68
327.46,289672.73

Montage_1000_730.xml
449.32,372034.17
467.26,384819.45
338.19,297140.37
300.53,271293.82

Montage_1000_731.xml
479.16,392152.16
485.46,397086.75
360.07,311942.57
315.4,281240.73

Montage_1000_732.xml
482.55,395290.66
485.44,397122.23
357.12,309843.16
320.82,285286.09

Montage_1000_733.xml
473.82,389294.06
479.88,393694.24
357.98,311036.56
313.78,280622.94

Montage_1000_734.xml
486.37,397043.77
488.63,398552.43
366.72,316837.72
319.07,283794.63

Montage_1000_735.xml
453.35,374712.89
457.5,378217.64
328.5,290754.61
303.43,272714.29

Montage_1000_736.xml
478.78,392637.83
498.04,405428.18
361.72,313326.18
316.05,281442.58

Montage_1000_737.xml
477.54,391203.2
492.37,401413.06
353.71,307512.51
314.73,280453.19

Montage_1000_738.xml
509.65,412826.46
513.73,416493.34
389.13,332828.31
330.69,291747.63

Montage_1000_739.xml
467.11,384670.09
474.63,389748.79
349.1,304752.06
310.3,277730.43

Montage_1000_740.xml
513.41,416156.75
519.42,419714.38
383.45,327893.67
333.25,293998.04

Montage_1000_741.xml
515.15,416942.52
520.76,421613.35
394.02,335787.29
333.17,293898.92

Montage_1000_742.xml
491.24,400906.07
500.12,406786.92
372.08,320240.34
322.38,285585.76

Montage_1000_743.xml
512.3,415793.79
532.19,429300.88
387.03,331889.7
332.66,293606.61

Montage_1000_744.xml
510.35,414415.99
526.42,425513.12
396.23,337029.57
332.26,292292.28

Montage_1000_745.xml
501.87,408412.19
507.66,412144.58
388.29,331585.8
327.47,289553.21

Montage_1000_746.xml
509.59,413497.08
517.47,418499.38
383.76,328282.56
333.67,293697.77

Montage_1000_747.xml
435.04,362955.06
439.22,366124.41
329.88,291659.94
294.33,266848.67

Montage_1000_748.xml
527.61,425757.52
533.5,430048.39
401.86,340889.76
336.74,296272.02

Montage_1000_749.xml
484.01,395669.73
485.2,396701.96
362.62,313774.77
318.29,283027.43

Montage_1000_750.xml
455.34,376758.57
456.87,378057.87
335.51,295413.43
303.41,273585.19

Montage_1000_751.xml
450.3,372634.12
454.6,376363.75
333.8,294476.38
301.09,271433.34

Montage_1000_752.xml
482.96,395050.39
496.2,404915.31
366.1,316312.42
317.31,282660.18

Montage_1000_753.xml
517.71,418906.36
530.24,427608.8
396.35,337013.37
335.35,294921.84

Montage_1000_754.xml
461.11,380678.77
480.3,393212.94
357.22,310338.49
307.11,275529.52

Montage_1000_755.xml
521.28,421076.33
539.26,434190.4
392.1,334003.63
339.54,297322.48

Montage_1000_756.xml
476.63,391240.83
486.61,398275.76
359.47,311877.37
315.22,281104.2

Montage_1000_757.xml
499.56,406101.79
505.6,410369.39
391.53,334001.26
326.37,289236.64

Montage_1000_758.xml
441.62,366760.19
459.54,379448.72
331.03,292546.11
296.7,268540.87

Montage_1000_759.xml
447.93,371927.68
452.4,374632.29
365.73,316013.78
299.87,270658.75

Montage_1000_760.xml
515.06,417384.67
523.78,423548.21
384.59,329110.75
334.65,293737.37

Montage_1000_761.xml
451.87,374337.84
471.43,387894.67
337.93,297183.59
305.84,274348.11

Montage_1000_762.xml
484.17,395570.12
485.3,397188.79
367.88,317417.24
321.3,284866.26

Montage_1000_763.xml
532.42,428571.27
533.36,429405
400.99,340163.69
340.29,298872.77

Montage_1000_764.xml
530.64,428197.35
533.09,429574.4
405.73,344264.69
341.73,299452.77

Montage_1000_765.xml
502.45,408854.12
508.12,412994.56
378.02,324529.91
328.02,290467.26

Montage_1000_766.xml
494.76,403589.47
500.42,407039.08
374.44,321939
324.12,287624.99

Montage_1000_767.xml
510.04,414073.02
515.65,417402.68
381,327039.99
330.64,292235.39

Montage_1000_768.xml
452.33,374311.59
456.41,377617.05
333.73,294192.93
302.19,272218.29

Montage_1000_769.xml
509.61,413834.41
512.07,415935.12
389.71,332698.28
331.35,292282.1

Montage_1000_770.xml
488.61,399523.84
503.46,409812.4
365.16,315867.33
320.97,285644.86

Montage_1000_771.xml
522.63,422859.23
528.38,427084.48
403.61,342312.34
337.97,296903.62

Montage_1000_772.xml
518.41,419283.28
529.07,427120.81
395.43,336799.27
335.01,295164.82

Montage_1000_773.xml
495.5,403485.57
499.56,406386.25
384.42,328796.59
323.45,287159.29

Montage_1000_774.xml
425.54,355724.95
429.81,359091.87
320.23,285353.76
288.99,263576.8

Montage_1000_775.xml
484.68,396574.91
488.19,398669.15
367.19,316921.95
319,283783.91

Montage_1000_776.xml
459.78,379749.05
471.57,387170.69
340.17,298500.61
306.79,275766.22

Montage_1000_777.xml
520.04,421209.7
538.28,433406.59
395.8,336561.29
335.99,295386.48

Montage_1000_778.xml
492.67,402280.81
498.68,406441.33
367.06,317143.02
323.11,286108.15

Montage_1000_779.xml
523.54,423363.09
527.18,424635.25
403.9,342370.58
338.8,297180.12

Montage_1000_780.xml
508.9,413258.81
514.93,416840.38
386.52,330620.47
331.14,292087.74

Montage_1000_781.xml
519.85,420394.55
531.62,428435.11
397.57,337807.16
336.67,295886.45

Montage_1000_782.xml
472.85,388540.65
487.76,398899.84
367.86,317178.26
312.2,279220.97

Montage_1000_783.xml
439.81,365113.28
445.98,369915.76
334.07,294641.59
296.5,268833.78

Montage_1000_784.xml
445.8,370055.76
451.89,374566.99
359.79,311819.34
299.72,271011.94

Montage_1000_785.xml
491.76,401217.74
497.61,405486.87
383.2,328580.67
322.32,286542.22

Montage_1000_786.xml
462.02,381124.8
465.21,382979.24
352.67,307167.19
307.74,275615.44

Montage_1000_787.xml
490.7,400832.37
496.8,404998.69
377.73,324347.97
325.35,287656

Montage_1000_788.xml
453.87,375059.86
458.58,378153.36
341.95,299563.88
302.82,272687.47

Montage_1000_789.xml
467.28,383850.29
469.21,385824.56
353.91,308036.52
309.36,277223.56

Montage_1000_790.xml
515.23,417424.31
521.46,421937.72
399.19,339412.15
334.43,294744.68

Montage_1000_791.xml
480.57,393625.55
485.02,396766.33
352.2,306916.08
316.62,282121.62

Montage_1000_792.xml
516.05,418253.33
521.58,421385.81
394.76,336751.44
334.67,294913.42

Montage_1000_793.xml
510.24,413816.52
517.89,418902.64
392.79,334942.78
331.8,292516.04

Montage_1000_794.xml
477.86,392171.82
494.29,403484.76
374.23,321557.1
315.53,281350.53

Montage_1000_795.xml
438.73,365200.86
444.78,369590.39
340.4,298497.48
296.25,268427.88

Montage_1000_796.xml
431.88,360167.19
435.13,362497.15
324.73,287834.74
293,265727.16

Montage_1000_797.xml
533.16,429985.44
553.34,443028.71
407.63,346181.26
343.42,300856.73

Montage_1000_798.xml
428.72,358592.48
438.81,364918.02
321.98,286183.76
290.81,264425.55

Montage_1000_799.xml
468.72,385899.57
472.82,387767.36
350.1,306188.77
311.33,278565.04

Montage_1000_800.xml
463.78,382538.65
466.33,384729.59
343.14,301864.31
309.27,277265.22

Montage_1000_801.xml
463,381978.79
470.05,386632.03
346.15,302952.32
308.27,276809.86

Montage_1000_802.xml
474.51,389791.56
482.71,395074.42
373.23,321127.14
313.98,280169.57

Montage_1000_803.xml
529.07,426510.67
536.22,430742.84
400.8,340397.55
339.85,298041.33

Montage_1000_804.xml
449.22,372279.43
452.92,375522.35
339.5,298335.14
301.34,272096.78

Montage_1000_805.xml
527.45,424919.17
531.13,428101.27
406.16,343698.85
340.5,298459.27

Montage_1000_806.xml
513.34,416137.01
520.18,421025.37
390.23,333134.71
332.48,293034.44

Montage_1000_807.xml
474.22,388530.14
476.96,391470.06
352.59,307621.37
313.89,280194.04

Montage_1000_808.xml
483.7,395434.17
488.2,398890.11
367.44,317382.53
317.85,283056.7

Montage_1000_809.xml
448.97,372059.36
457.5,378153.67
367.63,317209.79
301.17,272061.64

Montage_1000_810.xml
508.67,412064.4
510.96,414320.41
390.41,333339
329.91,291339.94

Montage_1000_811.xml
492.86,402377.57
501.73,408681.39
378.07,324613.47
322.94,286443.92

Montage_1000_812.xml
510.62,414725.42
516.57,418229.19
381.96,327129.62
331.92,292504.37

Montage_1000_813.xml
494.03,402494.55
496.01,404200.67
372.93,321319.4
322.98,286432.74

Montage_1000_814.xml
490.48,400232.18
492.56,401063.65
381.89,326990.89
321.29,284950.64

Montage_1000_815.xml
477.54,391719.16
483.27,395730.6
376.4,322830.79
315.26,280834.03

Montage_1000_816.xml
487.09,398348.9
495.41,403665.56
360.84,312623.53
320.28,284370.59

Montage_1000_817.xml
438.58,365379.24
444.68,369636.57
334.67,294946.74
296,268508.74

Montage_1000_818.xml
496.31,404522.76
505,409437.84
385.67,329933.62
324.6,287571.03

Montage_1000_819.xml
496.29,404699.91
500.85,407276.45
369.04,318267.21
324.78,288105.96

Montage_1000_820.xml
424.62,355490.77
426.95,357520.74
314.33,281159.8
289.09,263207.36

Montage_1000_821.xml
427.82,356920.68
434.33,362564.82
352.5,306559.93
289.92,263760.29

Montage_1000_822.xml
474.14,389518.68
480.76,393737.42
347.34,303421.21
313.98,280418.15

Montage_1000_823.xml
464.16,381628.75
475.6,390392.23
345.96,302641.33
308.57,276282.95

Montage_1000_824.xml
479.31,392957.76
490.14,400502.4
376.07,322928.71
316.37,282474.22

Montage_1000_825.xml
514.38,417249.89
530.75,428343.89
382.89,328187.6
333.98,294378.93

Montage_1000_826.xml
426.27,356107.92
434.39,362472.44
320.81,285115.72
288.92,262834.01

Montage_1000_827.xml
486.73,397995.8
493.34,402712.63
382.21,326971.29
320.03,284935.98

Montage_1000_828.xml
444.31,369042.6
450.25,373166.93
358.12,310581.14
302.14,272655.83

Montage_1000_829.xml
515.25,417479.42
520.86,421450.09
394.5,336464.43
334.2,293911.35

Montage_1000_830.xml
486.2,397547.52
506.37,410838.93
359.28,311700.37
319.58,284640.4

Montage_1000_831.xml
500.62,407731.19
516.44,418563.96
375.35,322419.13
326.9,289088.91

Montage_1000_832.xml
518.25,419642.28
524.44,422705.12
385.73,329430.64
335.98,295888.1

Montage_1000_833.xml
484.85,395971.26
499.79,406924.03
363.57,314667.1
318.95,284159.23

Montage_1000_834.xml
501.93,407745.9
515.21,417360.58
371.07,320114.18
326.86,288823.79

Montage_1000_835.xml
476.48,391037.13
477.3,392144.84
358.59,311104.89
313.86,280617.43

Montage_1000_836.xml
471.77,387817.76
489.36,398935.47
355.3,308862.92
311.46,279077.49

Montage_1000_837.xml
505.59,411051.44
510.32,413683.94
383.88,328839.19
328.74,290576.21

Montage_1000_838.xml
473.59,389092.35
477.45,392202.97
351.64,306446.8
312.86,279530.5

Montage_1000_839.xml
418.31,351362.52
421.19,353559.54
315.12,281668.31
285.81,261448.72

Montage_1000_840.xml
517.33,419244.81
523.3,423390.52
396.25,336921.73
336.08,294977.23

Montage_1000_841.xml
470.01,386654.05
476.03,391203.01
359.74,311680.64
311.84,278887.23

Montage_1000_842.xml
468.29,385281.16
472.38,388334.22
374.73,322008.32
310.01,278076.88

Montage_1000_843.xml
488.65,399402.93
494.42,403488.55
365.52,316101.27
321.13,285224.95

Montage_1000_844.xml
436.66,363960.44
440.36,365833.04
330.76,292343.83
294.6,266964.75

Montage_1000_845.xml
457.73,378150.31
464.18,382897.69
342.16,300063.68
302.05,272604.49

Montage_1000_846.xml
460.96,380559.92
480.72,394025.93
346.09,302553.12
307.04,276069.48

Montage_1000_847.xml
472.57,388742.94
476.86,390477.88
380.53,326079.93
312.86,280014.05

Montage_1000_848.xml
478.91,392552.99
482.77,394511.82
371.21,320106.83
316.14,281889.83

Montage_1000_849.xml
458.75,378969.66
464.48,383010.44
350.23,305345.19
305.95,274853.07

Montage_1000_850.xml
481.8,395036.05
490.31,400773.88
367.83,317425.53
317.53,283212.14

Montage_1000_851.xml
484.43,396536.18
491.06,400983.43
374.52,321894.08
318.94,283759.58

Montage_1000_852.xml
468.05,385255.67
483.09,395172.2
365.7,316407.46
310.48,277887.79

Montage_1000_853.xml
493.71,402321.89
497.71,405653.71
367.19,317092.81
322.75,286773.13

Montage_1000_854.xml
481.27,394011.87
485.56,396515.47
372.56,320858.6
317.33,282554.87

Montage_1000_855.xml
493.12,402545.74
508.05,412277.64
367,317213.7
322.43,286106.07

Montage_1000_856.xml
443.54,368620.7
456.52,377213.53
330.34,292339.99
298.74,270293.56

Montage_1000_857.xml
518.95,419443.14
532.66,429799.14
390.32,333360.88
335.46,294961.14

Montage_1000_858.xml
488.85,399607.55
498.12,405557.75
368.96,318442.41
321.28,285376.78

Montage_1000_859.xml
418.83,351477.08
426.11,356813.45
314.74,281484.27
286.11,261179.9

Montage_1000_860.xml
508.12,412508.68
517.81,418876.39
380.93,326732.54
330.82,291888.47

Montage_1000_861.xml
482.75,395447.14
494.3,402880.22
367.91,317536.46
321.2,285213.27

Montage_1000_862.xml
445.61,369333.07
447.14,370816.58
337.38,296635.89
298.68,269814.5

Montage_1000_863.xml
463.56,382451.1
470.62,386887.86
346.45,303278.43
308.59,276326.54

Montage_1000_864.xml
506.2,410515.38
524.07,422432.87
392.6,334632.93
329.06,290728.99

Montage_1000_865.xml
473.56,389335.67
484.78,396539.28
356.55,309553.69
312.66,279925.97

Montage_1000_866.xml
458.96,379191.15
461.68,381392.28
365.92,315980.06
306.13,274923.06

Montage_1000_867.xml
440.27,366511.79
441.78,367576.85
328.39,290492.19
296.09,268496.47

Montage_1000_868.xml
480.35,393236.94
482.68,394995.87
371.49,319972.59
316.09,282219.41

Montage_1000_869.xml
469.03,385454.36
469.89,386948.6
349.7,304841.07
311.3,278593.57

Montage_1000_870.xml
473.7,389237.81
480.58,394007.87
349.82,305219.33
313.16,279408.43

Montage_1000_871.xml
515.03,417240.21
523.44,422654.71
389.66,332240.79
334.35,294296.16

Montage_1000_872.xml
447.13,370861.86
463.51,381749.27
328.89,290897.76
300.62,270592.87

Montage_1000_873.xml
491.38,400755.65
508.78,412725.01
365.75,316281.49
320.99,285563.01

Montage_1000_874.xml
483.83,396061.12
493.41,402223.95
361.35,313050.84
317.71,282913.16

Montage_1000_875.xml
475.73,390847.41
486.01,396637.7
357.72,310652.12
314.58,281115.57

Montage_1000_876.xml
497.23,405261.67
501.26,406892.11
380.06,326530.92
325.75,288388.12

Montage_1000_877.xml
507.3,412370.1
514.29,416669.8
389.97,333027.12
330.36,291985.81

Montage_1000_878.xml
414.59,348968.02
422.69,354330.17
336.3,296555.63
284.1,259892.14

Montage_1000_879.xml
483.77,396266.51
491.97,401146.28
372.16,320214.94
318.56,283936.67

Montage_1000_880.xml
520.12,421042.3
523.9,422976.32
397.18,337556.95
336.84,295917.24

Montage_1000_881.xml
453.95,375682.56
457.06,377993.82
331.64,293122.83
303.71,273258.04

Montage_1000_882.xml
490.46,399087.23
504.89,410445.9
371.59,320425.09
322.24,285667.84

Montage_1000_883.xml
502.95,409024.85
512.88,415569.79
388.86,332179.29
328.14,290509.16

Montage_1000_884.xml
507.73,412531.06
520.11,421153.47
394.62,336187.6
330.4,291482.95

Montage_1000_885.xml
467.79,385271.91
473.69,389482.86
354.4,308250.24
310.67,278039.58

Montage_1000_886.xml
534.01,430393.45
539.77,434751.41
404.07,342478.47
343.76,301161.16

Montage_1000_887.xml
427.43,357049.72
433.18,361324.28
321.71,285945.85
290.24,263739.04

Montage_1000_888.xml
445.87,370202.36
450.05,373333.19
332.47,293396.77
298.9,270478.78

Montage_1000_889.xml
498.23,406030.65
499.58,406800.84
367.61,317545.89
325.05,288367.94

Montage_1000_890.xml
480.32,393601.19
487.97,398898.26
376.74,323346.11
316.84,282240.16

Montage_1000_891.xml
448.51,371988.01
458.55,378962.09
332.95,293789.19
301.11,271993.03

Montage_1000_892.xml
528.87,426787.44
531.55,427814.84
407.43,344734.39
341.41,299099.76

Montage_1000_893.xml
487.17,398271.71
490.8,400537.2
369.34,318823.47
321.54,285553.76

Montage_1000_894.xml
435.68,362761.96
436.76,364386.69
329.84,291581.2
293.92,266669.11

Montage_1000_895.xml
453.62,375422.67
459.42,379450.46
341.38,299026.39
304.37,273839.09

Montage_1000_896.xml
451.9,374487.26
457.93,378720.45
362.5,313766.51
302.63,272539.29

Montage_1000_897.xml
456.5,377225.81
464.44,382653.04
342.83,300412.91
304.6,273996.08

Montage_1000_898.xml
423.87,355291.33
429.66,359536.73
317,283320.5
289.63,263779.94

Montage_1000_899.xml
477.5,391363.91
485.38,397485.07
359.8,312127.06
314.56,281155.95

Montage_1000_900.xml
467.13,384620.25
473.04,388813.21
369.31,318461.14
309.65,277448.19

Montage_1000_901.xml
470.7,386762.73
476.81,391623.57
358.56,310359.25
308.47,277026.49

Montage_1000_902.xml
501.35,408168.02
509.88,413314.53
382.66,327443.43
327.51,289599.49

Montage_1000_903.xml
462.36,380245.69
472.26,388306.92
351.87,306986.75
303.73,273740.43

Montage_1000_904.xml
460.06,379961.43
467.31,383929.46
345.92,303171.98
306.78,275264.82

Montage_1000_905.xml
500.5,407060.21
507.23,412338.87
386.52,331053.43
326.26,288182.34

Montage_1000_906.xml
433.31,361756.77
448.13,371773.47
325.86,288584.77
292.36,265928.5

Montage_1000_907.xml
470.34,386915.77
489.59,398935.19
362.23,313770.08
312.01,279390.14

Montage_1000_908.xml
480.63,393866.78
486.73,397622.2
356.16,309713.27
317.44,282424.25

Montage_1000_909.xml
512.29,415832.8
524.7,424117.88
397.76,337830.28
332.97,293348.74

Montage_1000_910.xml
515.62,418167.91
521.75,420929.25
393.01,335003.02
334.67,294556.06

Montage_1000_911.xml
489.61,400145.37
501.68,407572.91
375.69,322995.05
321.47,285251.5

Montage_1000_912.xml
463.75,382556.13
477.7,391877.98
364.3,315006.36
308.48,276536.44

Montage_1000_913.xml
454.29,376150.71
473.79,389275.16
336.41,296178.57
303.8,273820.25

Montage_1000_914.xml
443.29,368737.86
449.32,371907.74
325.19,288226.26
301.5,271566.12

Montage_1000_915.xml
460.42,379159.34
464.87,383083.83
350.31,306078.41
306.22,274931.89

Montage_1000_916.xml
409.68,345714.07
412.28,347369.34
313.59,280528
284.61,260355.8

Montage_1000_917.xml
473.44,388104
479.32,393103.54
356.98,310209.44
312.55,279745.94

Montage_1000_918.xml
510.3,414375.53
515.99,418525.1
381.96,327179.68
335.11,294934.77

Montage_1000_919.xml
477.2,391643.24
497.12,405206.39
358.12,311531.95
315.44,281766.45

Montage_1000_920.xml
454.44,376225.64
464.49,383200.84
344.04,301693.33
303.96,273440.56

Montage_1000_921.xml
507.66,411745.59
525.65,424734.82
387.38,330228.47
329.59,291582.62

Montage_1000_922.xml
491.74,401051.09
499.87,407433.2
365.88,316431.48
321.67,285240.24

Montage_1000_923.xml
431.52,360283.23
439.82,366149.44
323.87,287610.96
288.79,263536.22

Montage_1000_924.xml
504.07,409379.41
508.44,413519.79
383.07,327963.78
327.98,289931.96

Montage_1000_925.xml
464.48,383097.24
475.07,389803.86
360.48,311951.52
309.14,276489.28

Montage_1000_926.xml
494.67,403321.98
497.28,405399.61
384.84,329444.09
323.9,287627.82

Montage_1000_927.xml
505.16,410878.62
511.39,414574.87
379.19,325147.61
325.86,288948.74

Montage_1000_928.xml
508.57,412452.43
512.77,416244.92
374.6,321958.83
333.18,293120.96

Montage_1000_929.xml
500.11,407129.1
506.2,410987.62
375.08,322614.62
326.95,289194.31

Montage_1000_930.xml
446.33,370299
449.07,372729.46
332.72,293954.82
300.05,270859.31

Montage_1000_931.xml
495.42,404001.42
501.05,408134.94
374.14,321632.32
324.65,287676.61

Montage_1000_932.xml
510.18,414032.28
514.87,416224.16
392.44,334472.33
328.42,290839.17

Montage_1000_933.xml
482.69,395540.43
488.43,399524.97
356.9,310032.35
318.19,283184.98

Montage_1000_934.xml
478.94,392731.23
481.82,394447.17
359.98,311771.26
315.89,281651.5

Montage_1000_935.xml
489.34,399089.06
490.88,400772.81
362.88,314374.77
320.44,285198.19

Montage_1000_936.xml
465.71,383898.64
475.1,389907.44
368.6,318157.09
309.54,277346.16

Montage_1000_937.xml
469.49,386445.43
478,392236.17
355.73,309207.63
311.37,278526.96

Montage_1000_938.xml
503.9,409899.39
513.27,416335.47
381.9,327445.33
328.51,290001.71

Montage_1000_939.xml
508.16,412896.14
512.32,416018.09
374.47,322162.67
329.75,291264.99

Montage_1000_940.xml
419.78,351802.85
429.77,359619.73
341.09,299303.05
286.04,261611.22

Montage_1000_941.xml
475.88,390787.1
481.75,394879.67
351.55,306894.77
314.43,280778.09

Montage_1000_942.xml
485.75,397444.67
493.06,402563.86
368.96,318192.56
318.99,284168.74

Montage_1000_943.xml
441.73,367453.14
450.92,373743.03
333.1,293779.51
297.58,269581.33

Montage_1000_944.xml
474.62,389813.54
483.43,395933.37
349.26,304885.12
314.22,280609.79

Montage_1000_945.xml
468.42,385649.77
476.38,390674.85
344.42,301363.72
311.02,278368.98

Montage_1000_946.xml
469.49,386533.79
473.78,389261.77
349.53,304743.84
312.27,278825.25

Montage_1000_947.xml
494.62,403574.19
497.97,406190.97
368.22,318500.35
324.02,287587

Montage_1000_948.xml
468.3,385236.78
485.11,396799.97
344.17,302192.78
311.24,278528.51

Montage_1000_949.xml
456.34,377225.22
467.86,385006.82
349.8,305552.7
304.78,274471.56

Montage_1000_950.xml
462.34,381239.79
468.22,385481.92
334.26,294948.75
307.53,275911.6

Montage_1000_951.xml
500.45,407251.92
506.03,411546.36
385.19,329747.56
326.78,289541.21

Montage_1000_952.xml
483.13,395786.97
489.22,399498.42
373.79,321849.53
318.21,283564.37

Montage_1000_953.xml
510.38,414334.47
514.95,416996.85
398.43,337559.86
331.26,292137.58

Montage_1000_954.xml
482.43,394934.88
494.08,403336.15
362.15,313782.98
318.17,283198.87

Montage_1000_955.xml
450.87,373462.18
456.62,376731.77
340.77,298935.66
301.15,271628.41

Montage_1000_956.xml
530.22,427196.88
540.79,434274.8
401.31,341596.84
341.09,299364.8

Montage_1000_957.xml
452.96,375078.76
472.86,388524.06
336.71,296251.14
303.15,272989.89

Montage_1000_958.xml
506.3,411503.05
522.59,422271.9
374.32,322272.88
329.53,291022

Montage_1000_959.xml
517.76,419540.32
526.42,425603.34
390.89,333082.42
335.48,295518.4

Montage_1000_960.xml
435.04,362852.91
441.19,366993.55
330.06,291928.41
295.2,267219.57

Montage_1000_961.xml
448.03,371837.08
451.26,374156.09
337.2,296715.86
300.86,271315.16

Montage_1000_962.xml
483.3,395747.59
496.72,404902.16
368.56,317715.8
318.53,283383.01

Montage_1000_963.xml
529.59,427689.11
532.55,428009.69
399.96,339996.75
344.66,300934.77

Montage_1000_964.xml
493.62,402392.98
502.22,408747.64
367.86,317985.26
323.46,286839.52

Montage_1000_965.xml
485.06,397007.34
497.28,404907.97
369,318153.15
319.12,284305.49

Montage_1000_966.xml
466.95,384526.97
472.91,388412.08
354.23,308303.82
311.31,278879.53

Montage_1000_967.xml
490.35,400720.24
498.83,406013.88
396.24,336547.17
321.93,286184.26

Montage_1000_968.xml
477.78,392095.98
487.78,399212.74
365.62,316133.24
315.48,281715.21

Montage_1000_969.xml
472.6,388263.02
483.66,395257.44
351.07,306363.69
312.03,279447.73

Montage_1000_970.xml
497.12,405104.22
505.34,410070.2
384.46,329442.33
324.13,287760.03

Montage_1000_971.xml
543.7,436925.17
560.11,448286.34
408.63,346280.41
348.59,304186.16

Montage_1000_972.xml
495.2,402574.04
498.28,405406.97
368.67,317662.1
324.46,287445.95

Montage_1000_973.xml
463.13,382074.23
467.41,385016.49
346.39,302650.5
307.37,276273.64

Montage_1000_974.xml
477.1,391017.03
484.33,395811.08
363.11,314779.41
314.63,280768.1

Montage_1000_975.xml
483.62,395224.16
489.77,400543.36
368.56,318118.56
318.48,283859.11

Montage_1000_976.xml
447.77,371632.4
451.6,374183.53
332.92,294203.63
300.71,271227.71

Montage_1000_977.xml
497.22,405515.47
511.14,414852.48
385,330048.62
325.43,287575.21

Montage_1000_978.xml
438.94,365654.55
444.94,370059.38
331.36,292746.74
299.47,270565.45

Montage_1000_979.xml
456.16,376616.68
460.45,380300.74
342.88,300561.41
303.92,272979.98

Montage_1000_980.xml
499.16,406057.84
509.54,413648.64
365.01,316021.85
325.49,287854.66

Montage_1000_981.xml
540.31,434250.37
544.55,437227.37
410.26,346993.18
342.57,300476.95

Montage_1000_982.xml
491.22,401355.24
497.86,405142.84
382.82,328091.57
322.41,286006.95

Montage_1000_983.xml
484.08,396003.93
489.61,399785.77
365.29,315482.01
318.5,283935.54

Montage_1000_984.xml
439.76,366206.35
445.82,369884.49
330.4,291566.43
296.52,268432.95

Montage_1000_985.xml
488.5,399541.86
498.88,406030.25
365.56,316306.85
324.15,287309.61

Montage_1000_986.xml
487.31,397803.49
499.88,406729.48
369.73,319082.2
320.15,284782.42

Montage_1000_987.xml
476.27,390958.61
479.22,393446.18
358.89,311261.49
314.52,280710.34

Montage_1000_988.xml
533.81,430493.91
543.15,436891.26
407.48,345141.95
343.6,301104.07

Montage_1000_989.xml
509.7,413893.41
517.06,419226.04
385.51,329555.29
331.49,292486.97

Montage_1000_990.xml
456.03,376920.91
459.88,379655.14
349.28,305009.31
304.48,273774.13

Montage_1000_991.xml
457.96,377051.69
459.38,379114.88
349.25,304686.88
304.81,274559.85

Montage_1000_992.xml
458,378279.16
471.58,387438.57
348.19,304165.74
304.95,274125.48

Montage_1000_993.xml
456.45,377729.78
472.64,388797.03
349.47,304677.04
304.85,274090.97

Montage_1000_994.xml
491.88,401444.73
498.75,406489.89
370.22,319373
324.3,287087.21

Montage_1000_995.xml
468.57,385813.14
474.47,390131.45
347.79,303855.74
311.03,278376.61

Montage_1000_996.xml
453.64,374955.46
464.03,382746.79
337.03,296016.63
302.87,272677.26

Montage_1000_997.xml
439.05,365072.47
442.47,368067.52
327.34,290086.22
295.34,268022.83

Montage_1000_998.xml
446.86,370773.87
452.77,374768.66
333.71,294675.8
300.17,270719.94

Montage_1000_999.xml
528.53,426715.91
548.11,439923.05
401.84,340581.52
341.84,299187.68

Montage_1000_1000.xml
472.43,387631.01
476.79,391697.54
366.32,316856.35
312.18,279088.89

