Montage_500_1.xml
220.81,179776.99
224.78,182727.7
173.77,149198.52
153.13,134191.96

Montage_500_2.xml
253.27,201916.36
262.72,208052.7
195.87,164535.7
171.32,146477.07

Montage_500_3.xml
256.17,203575.54
259.85,206623.3
200.58,167544.29
165.4,142656.65

Montage_500_4.xml
264.03,209714.02
272.95,215642.77
206.97,172134.9
176.22,149637.98

Montage_500_5.xml
254.22,202825.46
261.22,206731.07
199.53,166923.71
166.06,142758.27

Montage_500_6.xml
238.28,191483.93
242.49,194387.59
180.05,153497.57
161.17,139317.17

Montage_500_7.xml
265.01,209793.95
265.77,210901.01
207.57,172831.01
170.93,146569.82

Montage_500_8.xml
228.38,185210.16
229.15,185786.32
172.5,148428.21
154.71,135100.52

Montage_500_9.xml
266.26,211171.94
271.93,215000.72
212.79,175645.01
176.35,149897.39

Montage_500_10.xml
244.32,196166.6
248.5,199026.94
190.49,160408.52
164.25,141424.88

Montage_500_11.xml
267.49,211599.83
271.09,214388.4
203.62,169749.63
174.43,148636.01

Montage_500_12.xml
232.74,188017.25
240.45,193241.9
179.57,153176.65
156.87,136529.6

Montage_500_13.xml
212.9,174713.12
218.78,178838.3
179.34,153071.49
149.95,131895.67

Montage_500_14.xml
234.6,189349.4
236.3,190607.22
178.9,152463.6
157.55,136795.49

Montage_500_15.xml
213.8,174869.51
222.77,181375.35
179.05,152879.58
148.77,130976.49

Montage_500_16.xml
244.15,196229.99
250.95,200708.15
189.44,159971.78
170.27,145531.44

Montage_500_17.xml
261.55,207455.94
265.25,210182.19
208.09,172400.84
169.22,144858

Montage_500_18.xml
228.88,185325.29
234.52,189576.49
173,148533.43
158.38,137535.12

Montage_500_19.xml
217.65,177725.95
220.07,179731.97
167.99,145247.27
147.77,130446.26

Montage_500_20.xml
227.95,184893.03
228.72,185546.19
180.83,153981.33
156.6,136465.77

Montage_500_21.xml
251.83,200882.26
255.4,203695.48
197.45,165342.12
164.9,142265.89

Montage_500_22.xml
232.75,188243.62
241.47,194232.02
186.25,157743.32
157.83,137527.19

Montage_500_23.xml
260.07,206621.85
264.9,210268.71
204.21,170326.21
168.6,144590.57

Montage_500_24.xml
231.36,187137.39
235.86,189894.89
182.14,154722.79
156.55,136368.41

Montage_500_25.xml
234.09,188652.68
234.73,189286.61
176.4,150911.36
158.24,137353.29

Montage_500_26.xml
270.4,213482.71
274.64,216963.73
209.08,173610.48
177.52,150609.3

Montage_500_27.xml
248.08,198682.46
256.73,204746.17
193.18,162592.06
168.92,144784.77

Montage_500_28.xml
243.75,195725.26
244.46,195992.33
194.62,163246.69
162.61,140658.55

Montage_500_29.xml
228,184598.46
234,188920.08
177.28,151575.24
162.15,140101.53

Montage_500_30.xml
255.93,203691.91
257.79,205344.14
200.27,167347.79
175.3,148852.5

Montage_500_31.xml
231.13,186898.03
239.82,193058.36
190.69,160596.86
156.79,136563.47

Montage_500_32.xml
248.61,198800.13
244.74,196477.51
191.3,160999.86
165.37,142629.43

Montage_500_33.xml
250.06,200004.89
253.9,202674.71
194.2,163511.22
172.13,146825.8

Montage_500_34.xml
250.42,199913.12
254.18,202832.15
196.78,164767.76
171.16,146158.47

Montage_500_35.xml
254.72,203254.36
258.41,205452.32
193.95,162988.67
171.74,146693.45

Montage_500_36.xml
229.99,186277.53
237.92,191530.06
178.45,152928.72
162,139409.7

Montage_500_37.xml
259.11,205649.57
262.76,208578.96
202.1,168318.48
175.86,149432.09

Montage_500_38.xml
249.08,199099.65
253.16,202182.87
197.24,165219.96
165.49,142768.15

Montage_500_39.xml
215.06,175994.9
223.98,181872.07
179.96,153507.1
152.52,133578.51

Montage_500_40.xml
246.45,197425.06
249.88,199630.71
190.13,160355.65
159.86,138837.3

Montage_500_41.xml
227.86,184928.12
229.56,185788.59
184.01,156160.94
156.74,136545.73

Montage_500_42.xml
240.33,193011.02
244.28,195848.58
186.67,157991.36
155.87,136131.08

Montage_500_43.xml
251.4,200540.79
252.07,201506.45
202.33,168761.84
165.69,142366.48

Montage_500_44.xml
226.07,183799.09
235.43,189804.69
173.87,149321.65
155.99,136166.43

Montage_500_45.xml
226.73,184034.17
230.07,186254.97
178.79,152567.96
156.11,136019.91

Montage_500_46.xml
236.05,190301.65
243.41,195286.52
180.52,153645.93
162.4,140427.5

Montage_500_47.xml
236.26,190263.1
236.96,191118.87
184.66,156422.91
162.02,140060.37

Montage_500_48.xml
241.85,193971.13
243.4,195626.33
186.96,158136.85
165.92,142522.47

Montage_500_49.xml
240.52,193404.35
249.57,199477.6
183.11,155726.34
162.12,140417.43

Montage_500_50.xml
247.3,197971.38
251.89,201382.35
195.43,164198.23
165.96,142486.93

Montage_500_51.xml
228.67,185067.11
230.25,186707.86
178.01,152057.27
158.53,137783.94

Montage_500_52.xml
235.49,190149.57
236.29,190779.2
186.83,158088.4
159.67,138658.49

Montage_500_53.xml
239.14,192726.16
245.01,196769.62
189.05,159617.13
160.83,139406.17

Montage_500_54.xml
234.27,188945.83
243.04,195191.52
179.19,152864.15
158.9,138050.17

Montage_500_55.xml
262.09,207941.87
265.42,210449.07
197.51,165387.15
172.31,147185.42

Montage_500_56.xml
256.96,204282.27
258.71,205466.18
198.26,166287.46
172.22,146634.61

Montage_500_57.xml
242.56,194587.29
248.61,199109.15
194.81,163573.77
168.57,144232.76

Montage_500_58.xml
255.71,203582.88
257.68,205282.37
199.64,166913.58
165.38,142612.35

Montage_500_59.xml
273.62,215756.52
280.84,220929.78
215.82,177437.73
177.49,150727.2

Montage_500_60.xml
242.58,194945.24
248.61,199227.56
190.7,160643.77
163.09,140666.91

Montage_500_61.xml
277.1,217895.87
277.96,219171.49
218.65,180292.13
188.45,157689.43

Montage_500_62.xml
245.32,196757.51
248.87,199196.37
194.29,163162.8
163.62,141094.87

Montage_500_63.xml
243.46,195258.1
251.14,200852.84
190.76,160822.17
167.29,143751.08

Montage_500_64.xml
239.37,192293.86
239.77,193133.01
184.75,156959.79
159.05,138132.62

Montage_500_65.xml
243.26,195528.76
244.51,196453.67
194.05,163291.77
163.93,141141.82

Montage_500_66.xml
227.9,184907.52
233.75,188935.27
187.63,158411.24
158.62,137812.36

Montage_500_67.xml
224.79,182637.51
230.1,186430.32
175.52,150454.12
154.42,134883.69

Montage_500_68.xml
237.36,191156.18
239.16,192636.4
179.03,152731.71
157.66,137178.22

Montage_500_69.xml
242.76,194802.24
247.4,198162.21
184.51,156982.72
163.12,140929.84

Montage_500_70.xml
229.52,185674.15
230.21,186409.25
173.66,148892.89
159.05,137839.36

Montage_500_71.xml
236.89,190667.04
240.55,193248.94
179.24,152775.37
155.25,135679.29

Montage_500_72.xml
272.56,215025.36
280.01,220236.3
215.31,177220.73
178.17,151019.18

Montage_500_73.xml
238.07,191650.42
239.75,192795.88
192.77,162078.07
158.9,138110.79

Montage_500_74.xml
255.36,203154.57
264.66,209862.83
202.02,168773.99
168.55,144791.5

Montage_500_75.xml
216.85,177141.11
220.52,179763.45
164.04,142689.03
146.87,129878.39

Montage_500_76.xml
264.28,209398.95
267.98,212109.76
204.63,170210.91
176.11,149473.84

Montage_500_77.xml
234.46,189176.54
234.52,189560.54
179.93,153480.14
159.65,138137.24

Montage_500_78.xml
224.02,182104.88
231.79,187274.9
174.45,149723.56
157.18,136638.48

Montage_500_79.xml
268.42,212156.61
268.89,212958.89
206.44,171475.28
178.32,150974.63

Montage_500_80.xml
255.87,203540.39
261.49,207728.4
206.64,171881.87
168.85,144913.57

Montage_500_81.xml
247.43,198045.2
253.32,202425.27
191.02,160944.87
165.25,142098.9

Montage_500_82.xml
235.38,189799.71
241.39,193950.23
180.94,153947.59
160.69,139296.7

Montage_500_83.xml
255.64,203425.26
256.15,204415.12
204.44,170294.96
167.49,143833.37

Montage_500_84.xml
229.16,185393.53
237.96,190895.24
178.37,152207.63
159.02,137780.02

Montage_500_85.xml
243.85,195445.36
247.99,198396
189.07,159455.69
164.13,141459.5

Montage_500_86.xml
250.97,200351.9
247.38,198029.1
192.03,161981.26
167.08,143550.67

Montage_500_87.xml
223.3,181525.79
229.31,185686.23
184.82,156777.06
155.24,135393.04

Montage_500_88.xml
255.2,203244.38
256.79,204672.3
194.18,163431.89
173.65,147550.92

Montage_500_89.xml
228.99,185503.09
230.4,186501.13
186.49,157543.38
154.12,134791.94

Montage_500_90.xml
236.67,190562.98
233.18,188598.98
184.67,156485.34
161.75,140014.65

Montage_500_91.xml
243.18,195175.44
251.41,200988.93
191,160904.77
162.31,140474.36

Montage_500_92.xml
256.56,204228.39
265.21,209968.52
195.89,164328.73
175.57,149090.85

Montage_500_93.xml
237.71,191681.43
244.76,196529.44
182.64,155242.21
161.83,139959.39

Montage_500_94.xml
248.08,198396.53
256.05,204147.11
197.99,165756.59
164.65,141617.98

Montage_500_95.xml
249.49,199310.5
245.77,196970.38
189.8,160369.33
163.17,141048.01

Montage_500_96.xml
258.96,206177.18
260.9,207437.47
197.83,165469.79
171.47,146595.56

Montage_500_97.xml
251.76,201481.04
257.88,205519.93
199.96,167097.12
167.01,143763.06

Montage_500_98.xml
251.58,200680.68
248.05,198859.39
198.27,165791.54
169.49,145017.24

Montage_500_99.xml
270.67,213722.97
278.4,218927.16
215.8,177758
176.63,150112.98

Montage_500_100.xml
229.14,185647.79
233.33,188757.72
180.99,153782.21
156.12,136117.47

Montage_500_101.xml
232.14,187718.79
235.82,190255.16
182.8,155220.58
156.88,136552.1

Montage_500_102.xml
259.97,206790.1
262.17,208393.03
201.88,168945.74
172.45,147166.74

Montage_500_103.xml
271.41,214262.44
271.94,214794.46
214.6,177149.36
182.39,153296.41

Montage_500_104.xml
231.24,187040.71
234.42,189297.52
179.22,152729.35
160.37,139022.14

Montage_500_105.xml
269.31,212765.03
269.98,213777.26
211.74,175607.74
173.51,148070.16

Montage_500_106.xml
229.09,185591.3
233.54,188525.29
175.62,150498.4
157.89,137244.18

Montage_500_107.xml
233.37,188413.56
235.15,189859.61
181.42,154391.24
156.9,136571.12

Montage_500_108.xml
237.44,191256.34
244.73,196439.76
190.08,159943.34
160.05,138727.71

Montage_500_109.xml
251.22,200251.73
255.21,203249.49
198.22,165888.39
168.37,144276.2

Montage_500_110.xml
227.7,184503.93
228.9,185686.43
186.89,157962.38
157.18,136994.8

Montage_500_111.xml
252.58,201673.54
258.16,205534.45
206.35,171444.76
175.25,148806.7

Montage_500_112.xml
222.22,181007.51
229.26,185766.29
173.75,149053.02
153.56,134444.48

Montage_500_113.xml
219.39,178885.06
215.84,176536.47
178.59,152477.41
150.77,132542.43

Montage_500_114.xml
265.9,210853.02
272.91,215566.67
212.95,175830.53
175.03,149154.27

Montage_500_115.xml
234.79,189739.6
240.56,193650.75
186.23,157882.81
165.35,142154.7

Montage_500_116.xml
262.32,208081.58
257.98,205490.37
201.52,168202.77
171.79,146799.42

Montage_500_117.xml
238.3,191896.19
238.87,192582.68
180.89,154214.36
157.49,137139.29

Montage_500_118.xml
265.05,209807.4
268.68,212699.06
204.73,170412.63
171.08,146251.59

Montage_500_119.xml
239.53,192619.21
243.18,195405.12
180.55,153765.47
164.68,141727.93

Montage_500_120.xml
232.84,188158.29
236.5,190816.83
177.57,151681.74
156.33,136312.73

Montage_500_121.xml
233.66,188826.59
239.1,192612.93
174.84,149799.91
163,140593.15

Montage_500_122.xml
243.8,195542.13
247.51,198388.88
183.22,155793.02
160.86,139488.27

Montage_500_123.xml
237.42,191454.14
238.19,192022.89
178.76,152923.32
161.2,139559.43

Montage_500_124.xml
238.88,192415.62
246.11,197228.54
182.54,154799.43
162.24,140240.23

Montage_500_125.xml
245.7,196844.9
250.03,199789.26
183.95,156307.36
164.1,141678.66

Montage_500_126.xml
232.22,187693.4
235.88,190310.9
177.34,151970.39
155.44,135663.58

Montage_500_127.xml
247.93,198263.83
252.36,201674.23
197.95,165828.46
164.41,141970.46

Montage_500_128.xml
220.8,179846.94
225.07,183123.6
173.53,149060.7
150.97,132361.37

Montage_500_129.xml
264.45,209328.27
266.2,211084.48
203.33,169725.94
174.83,148496.62

Montage_500_130.xml
223.44,182044.63
223.48,182139.81
172.85,148661.2
153.26,134210.48

Montage_500_131.xml
242.22,194268.26
242.9,195372.19
188.31,159255.12
161.06,139558.09

Montage_500_132.xml
253.96,202261.88
257.62,204784.98
193.48,163223.09
172.89,147371.67

Montage_500_133.xml
242.1,194315.31
249.29,199463.04
189.57,159838.47
161.91,140273.58

Montage_500_134.xml
273.19,215449.88
277.54,218673.74
206.8,172588.14
172.33,147184.92

Montage_500_135.xml
242.25,194137.32
242.83,195110.34
191.82,161905.26
159.17,138382.89

Montage_500_136.xml
257.77,205135.83
261.57,207738.92
198.74,166302.96
171.08,146181.27

Montage_500_137.xml
259.71,206665.74
268.63,212321.48
204.77,170258.57
172.99,147814

Montage_500_138.xml
274.89,216650.15
276.18,217620.23
213.59,176330.27
184.71,155371.34

Montage_500_139.xml
239.55,192658.92
246.44,197557.07
182.36,154898.69
167.09,143133.54

Montage_500_140.xml
232.51,188046.48
236.3,190330.87
171.87,147758.71
154.76,135124.92

Montage_500_141.xml
272.58,215174.19
273.52,216199.68
212.59,175816.18
175.66,149576.97

Montage_500_142.xml
240.86,193378.98
244.98,195997.35
185.56,157322.41
161,139377.14

Montage_500_143.xml
240.79,193648.63
249.94,199530.25
184.14,156303.02
161.38,139647.49

Montage_500_144.xml
221.19,180172
226.16,183782.98
167.08,144609.09
151.9,133315.95

Montage_500_145.xml
254.09,202344.34
254.96,203449.27
198.92,166202.99
166.1,142920.9

Montage_500_146.xml
238.34,192060.95
239.02,192616.21
185.71,157447.54
158.89,137960.59

Montage_500_147.xml
237.7,191623.64
241.32,193741.35
179.61,153600.13
163.11,140658.95

Montage_500_148.xml
267,211670.28
273.97,216540.93
207.06,172553.15
178.59,151469.09

Montage_500_149.xml
256.26,204328.76
257.88,205439.91
199.93,167479.39
164.72,141952.19

Montage_500_150.xml
251.95,201396.23
260.67,207342
205.28,170744.31
169.16,144814.66

Montage_500_151.xml
241.51,194010.32
242.23,194558.44
181.91,154695.64
160.6,139195.22

Montage_500_152.xml
246.77,197574.24
251.98,201455.08
189.9,160189.93
163.59,141305.99

Montage_500_153.xml
243.94,195433.41
240.19,193490.87
187.95,158851.49
164.14,141389.83

Montage_500_154.xml
274.19,216402.55
277.92,218926.54
212.36,175978.31
182.72,153986.11

Montage_500_155.xml
257.82,205000.92
259.66,206329.14
196.04,164753.52
166.69,143540.1

Montage_500_156.xml
246.83,197542.2
250.91,200710.68
201.45,167928.1
162.9,140788.47

Montage_500_157.xml
241.85,194280.27
248.73,198802.37
193.79,163146.88
167.36,143414.34

Montage_500_158.xml
236.47,190733.64
240.28,193304.03
179.41,153108.25
159.05,137951.92

Montage_500_159.xml
258.05,205457.45
255.8,204134.31
200.11,167640.35
168.47,144582.56

Montage_500_160.xml
234.63,189312.86
236.46,190712.57
178.29,152217.51
162.56,140312.97

Montage_500_161.xml
242.86,194964.94
249.92,199729.06
194.77,163555.35
165.84,142683.28

Montage_500_162.xml
239.67,192639.96
244.81,196517.35
182.92,155393.1
162.94,140679.93

Montage_500_163.xml
231.04,187116.18
234.94,189642.77
174.71,149866.87
161.09,139324.68

Montage_500_164.xml
251.81,201375.71
258.8,205946.46
198.4,166468.55
169.95,145410.57

Montage_500_165.xml
245.24,196346.5
246.92,197826.79
188.31,159110.83
164.89,142057.37

Montage_500_166.xml
270.64,213675.24
272.71,215602.68
207.78,172482.86
177.94,150693.38

Montage_500_167.xml
243.4,195457.86
249.31,199544.58
185.41,157287.78
163.14,140777.92

Montage_500_168.xml
235.68,190128.67
236.42,190688.58
179.16,152765
156.87,136574.29

Montage_500_169.xml
243.01,195348.86
252.42,201399.71
190.87,160820.74
164.13,141580.39

Montage_500_170.xml
249.08,198790.28
249.99,199954.67
198.94,166327.51
171.41,146321.98

Montage_500_171.xml
249.79,199834.95
255.56,203482.46
200.36,167687.26
169.16,144946.51

Montage_500_172.xml
242.14,194402.45
246.3,197274.6
187.98,158938.67
160.37,139026.37

Montage_500_173.xml
255.6,203793.96
262.81,208805.81
196.01,164462.16
168.07,144457.26

Montage_500_174.xml
233.02,188209.27
237.09,191230.35
179.45,153099.95
158.9,137810.98

Montage_500_175.xml
243.84,195849.01
254.23,202336.71
191.31,161312.86
163.79,141010.87

Montage_500_176.xml
237.66,191608.11
238.24,192131.36
184.13,156468.48
159.91,138357.68

Montage_500_177.xml
261.66,208123.82
262.19,208451.72
202.96,169444.42
170.91,146232.4

Montage_500_178.xml
258.99,205878.17
263.08,209070.78
202.99,169310.78
170.65,146039.06

Montage_500_179.xml
238.3,191891.33
245.94,196996.77
186.02,157531.17
158.31,137885.71

Montage_500_180.xml
244.48,195636.54
240.59,193523.45
181.89,154835.75
164.71,141916.47

Montage_500_181.xml
259.28,206062.59
266.06,210680.46
202.18,168809.89
171.22,146376.19

Montage_500_182.xml
272.33,214735.08
273.09,215768.82
212.58,176290
174.93,148937.65

Montage_500_183.xml
249.46,199266.17
253.32,202054.27
186.43,157837.26
168.91,144698.56

Montage_500_184.xml
262.23,208090.22
257.67,205443.58
203.4,169241.35
168.35,144296.19

Montage_500_185.xml
251.96,201052.91
259.18,205942.3
199.97,167451.8
165.35,142374.81

Montage_500_186.xml
224.72,182738.78
230.38,186763.2
176.45,151028.23
156.24,135948.6

Montage_500_187.xml
219.11,178615.66
220.96,179873.78
180.03,153559.8
147.51,130141.23

Montage_500_188.xml
267.78,212086.57
274.54,216634.41
212.14,175559.81
175.83,149505.73

Montage_500_189.xml
244.89,196256.59
249.14,199045.76
189.86,160452.36
163.76,141313.93

Montage_500_190.xml
239.62,192674.13
243.16,195097.07
185.33,157184.95
160.5,139141.54

Montage_500_191.xml
255.75,203427.03
259.82,206586.81
194.84,163681.95
168.39,144633.4

Montage_500_192.xml
254.18,202785.53
255.94,204089.72
201.77,168569.54
168.53,144790.04

Montage_500_193.xml
245.13,196312.26
247.25,198072.06
184.26,156173.71
164.82,141834.41

Montage_500_194.xml
257.04,204959.17
263.04,208606.76
203.69,169423.37
170.03,145862.78

Montage_500_195.xml
233.1,188422.64
234.94,189769.28
172.17,148148.55
160.8,139222.96

Montage_500_196.xml
250.16,199484.82
258.78,205638.61
188.27,159464.69
166.36,143111.39

Montage_500_197.xml
258.25,205285.53
259.83,206690.84
201.3,168359.19
171.56,146566.24

Montage_500_198.xml
251.37,200563.83
253.79,202366.32
197.41,165371.71
164.78,142240.11

Montage_500_199.xml
246.99,197529.17
253.92,202687.64
189.91,160495.99
165.04,142116.96

Montage_500_200.xml
254.22,202433.84
254.86,203473.18
198.88,166624.88
167.76,143898.49

Montage_500_201.xml
254.39,202898.16
260.12,206886.3
207.42,172150.54
172.02,146756.43

Montage_500_202.xml
269.32,212588.06
270.91,214169.63
210.85,174550.73
173.46,148081.11

Montage_500_203.xml
227.33,184458.09
231.11,187167.9
169.91,146888.92
155.4,135306.61

Montage_500_204.xml
262.89,208846.56
263.71,209467.44
201.35,168080.56
170.52,145969.83

Montage_500_205.xml
236.4,190835.69
243.34,195569.06
188.05,159181.11
161.86,139921.99

Montage_500_206.xml
245.15,196181.9
246.79,197527.38
194.47,163225.55
167.93,144046.1

Montage_500_207.xml
264.57,209899.67
273.47,215973.4
207.02,171923.49
182.72,153720.24

Montage_500_208.xml
250.63,200471.57
257.58,205172.06
194.24,163212.45
166.77,143596.39

Montage_500_209.xml
237.96,191746.3
244.79,196313.1
180.72,154324.76
160.18,139146.42

Montage_500_210.xml
251.61,201037.17
252.54,201627.95
187.16,158088.3
166.47,143001.4

Montage_500_211.xml
248.6,198541.44
250.5,200387.45
190.7,161029.4
170.22,145847.55

Montage_500_212.xml
253.05,201763.28
254.98,203266.88
192.53,162290.29
167.3,143502.21

Montage_500_213.xml
229.18,185726.74
233.43,188722.43
176.99,151629.92
158.73,137971.42

Montage_500_214.xml
238.98,192014.12
245.83,197083.93
188.64,159195.12
160.32,139097.41

Montage_500_215.xml
223.13,181300.89
222.21,181220.69
177,151190.9
153.18,133690.65

Montage_500_216.xml
246.13,197547.51
250.36,200025.86
191.62,161382.61
171.94,146600.55

Montage_500_217.xml
236.78,190892.6
245.36,196733.74
186.59,158092.38
165.16,142120.47

Montage_500_218.xml
264.37,209896.14
270.38,213668.87
211.83,175086.84
175.13,148953.78

Montage_500_219.xml
235.23,189849.98
238.85,192193.53
178.46,152415.11
158.68,137910.45

Montage_500_220.xml
254.81,202751.82
258.47,205780.56
204.59,170101.19
167.48,143883.65

Montage_500_221.xml
235.24,189922.97
240.92,193814.73
181.66,154278.14
160.74,139300.52

Montage_500_222.xml
233.93,189056.16
237.48,191374.84
177.91,151915.54
162.4,140088.29

Montage_500_223.xml
229.2,185795.9
232.75,188160.49
170.02,146897.11
154.98,135229.54

Montage_500_224.xml
227.85,185025.51
235.07,189900.21
185.95,157248.56
155.6,135608.18

Montage_500_225.xml
253.9,202712.05
259.78,206811.1
199.15,167014.44
168.37,144553.74

Montage_500_226.xml
275.52,217408.16
276.27,218079.62
213.57,176646.04
178.51,151494.75

Montage_500_227.xml
228.67,185290.42
234.36,189325.01
177.86,151954.75
156.17,136179.64

Montage_500_228.xml
218.39,178060.21
222.48,181215.3
177.1,151520.42
149.88,132063.72

Montage_500_229.xml
244.65,196333.18
245.27,196562.73
193.07,162336.62
167.66,143696.16

Montage_500_230.xml
247.06,197754.25
251.38,200988.4
195.95,164395.55
167.78,144015.92

Montage_500_231.xml
238.25,191938.62
234.7,189737.44
183.7,156142.6
159.27,137957.59

Montage_500_232.xml
234.05,188858.11
237.75,191413.96
171.11,147643.15
155.96,136116.97

Montage_500_233.xml
236.59,190607.14
237.15,191340.93
184.3,156734.48
163.67,141087.48

Montage_500_234.xml
215.08,175993.28
219.06,178768.46
177.49,151791.87
150.4,132158.48

Montage_500_235.xml
239.97,192987.56
244.03,195987.61
187.93,158901.24
160.07,138604.85

Montage_500_236.xml
233.98,189062.63
240.08,193259.22
185.14,156695.57
157.22,136743.5

Montage_500_237.xml
264.43,209875.21
270.17,213327.84
211.76,175261.27
178.81,151536.16

Montage_500_238.xml
230.35,186595.27
234.61,189601.43
176.71,151295.3
157.23,136784.3

Montage_500_239.xml
234.51,189519.59
241.44,193945.75
186.55,158104.62
159.99,138462.98

Montage_500_240.xml
242.59,194936.47
243.3,195644.59
182.38,154997.85
161.84,139863.29

Montage_500_241.xml
243.13,194877.96
247.23,197956.83
189.97,160042.84
165.31,142253.35

Montage_500_242.xml
255.49,203725.26
262.13,208032.46
200.3,167940.45
169.39,144903.07

Montage_500_243.xml
245.36,196659.6
249.07,199388.88
182.15,155403.24
160.97,139526.06

Montage_500_244.xml
254.99,203109.39
256.64,204523
201.78,168214.96
166.44,143321.7

Montage_500_245.xml
231.93,187700.23
237.97,191715.21
189.76,160393.87
157.11,136954.03

Montage_500_246.xml
245.75,196762.18
249.99,199284.03
189.97,160147.52
158.81,138269.12

Montage_500_247.xml
248.91,198952.17
249.47,199645.92
191.29,161028.62
164.11,141502.95

Montage_500_248.xml
263.73,209077.9
264.53,209844.14
203.98,169790.58
173.11,147575.11

Montage_500_249.xml
256.06,203704.03
256.65,204543.81
192.87,162611.63
165.12,142424.82

Montage_500_250.xml
244.68,196265.59
248.09,198728.95
188.29,159201.37
164.49,141766.01

Montage_500_251.xml
241.73,193838.02
244.97,196398.48
193.39,162504.59
161.34,139843.71

Montage_500_252.xml
249.52,199691.91
258.28,205780.97
198.61,166478.58
172.21,146549.27

Montage_500_253.xml
257.75,205351.56
258.5,205561.49
199.49,167068.49
168.22,144045.08

Montage_500_254.xml
238.6,192193.43
239.45,192465.95
185.84,157584.63
163.54,141303.15

Montage_500_255.xml
260.11,206446.59
264.13,209721.66
208.45,172844.45
177.75,150227.75

Montage_500_256.xml
267.73,212189.76
274.63,216836.77
213.83,177007.24
180.9,152793.99

Montage_500_257.xml
243.38,195079.83
250.47,200302.53
187.63,159276.38
162.06,140207.18

Montage_500_258.xml
255.75,203874.31
261.44,207720.89
201.04,168072.5
174.28,148388.15

Montage_500_259.xml
244.45,196110.78
248.02,198760.62
181.68,154816.63
161.98,140083.63

Montage_500_260.xml
256.54,204278.73
260.73,207321.2
201.78,168205.95
170.99,146172.07

Montage_500_261.xml
233.74,188849.43
239.59,192895.02
185.65,156858.32
158.59,137950.55

Montage_500_262.xml
225.25,183231.33
225.88,183604.52
171.29,147421.26
154.55,135189.9

Montage_500_263.xml
236.88,190716.79
233.86,189029.64
179.74,153248.77
158.81,137953.69

Montage_500_264.xml
252.31,201352.89
252.63,201794.33
197.76,165784
171.98,146403.3

Montage_500_265.xml
260.65,206870.79
264.57,210019.17
207.06,172001.85
167.44,143737.67

Montage_500_266.xml
234.48,189181.88
238.52,191692.3
177.78,151868.79
155.27,135763.24

Montage_500_267.xml
256.2,204324.07
264.69,210121.19
202.09,168501.31
171.73,146243.18

Montage_500_268.xml
280.62,220279.63
281.4,221588.32
216.37,178274.55
179.43,152122.41

Montage_500_269.xml
235.16,189882.25
238.93,192515.51
179.68,153098.75
156.19,136422.11

Montage_500_270.xml
250.01,199746.08
251.05,200889.91
192.09,161796.42
165.96,142837.06

Montage_500_271.xml
225.79,183409.96
228.41,185188.48
170.92,147523.54
157.55,137146.5

Montage_500_272.xml
257.27,204666.15
260.72,207317.25
194.79,163779.16
168.2,144402.25

Montage_500_273.xml
246.39,197534.21
246.91,198068.4
189.78,160057.61
163.9,141424.69

Montage_500_274.xml
241.13,194012.98
246.02,197098.33
189.05,159606.14
165.54,142463.98

Montage_500_275.xml
241.53,193817.38
242.57,194882.47
185.33,157471.51
161.52,139700.35

Montage_500_276.xml
253.05,201904.76
258.26,205788.63
198.69,165956.1
168.7,144578.44

Montage_500_277.xml
254.1,202503.48
261.21,207586.4
200.85,167641.56
174.6,148454.59

Montage_500_278.xml
226.72,183938.86
230.33,186415.12
173.81,149230.26
153.98,134699.46

Montage_500_279.xml
241.43,193778.05
237.53,191705.56
186.79,158135.58
161.61,139550.14

Montage_500_280.xml
224.46,182270.35
229.73,186060.46
170.03,146844.45
150.81,132534.17

Montage_500_281.xml
254.25,202538.39
257.72,205275.08
193.43,162578.12
170.32,145668.35

Montage_500_282.xml
248.63,199197.16
257.21,204926.99
193.65,162378.14
169.51,145046.4

Montage_500_283.xml
265.24,210286.57
266.12,210681.06
205.1,170538.7
174.04,148307.37

Montage_500_284.xml
233.11,188317.36
233.03,188345.89
178.34,152180.21
157.93,137508.82

Montage_500_285.xml
250.77,200280.73
256.28,204424.38
200.35,167505.97
171.44,146435.99

Montage_500_286.xml
241.4,194182.41
247.02,198006.66
189.64,160204.05
162.21,140123.67

Montage_500_287.xml
253.97,202701.82
255.76,203705.99
203.85,170332.16
172.94,147535.59

Montage_500_288.xml
241.73,194261.15
245.42,196905.82
176.75,151325.65
159.67,138704.48

Montage_500_289.xml
243.4,195140.36
243.26,195251.05
193.14,162220.42
162.62,140616.45

Montage_500_290.xml
240.11,193275.66
245.93,197120.32
182.54,155556.7
158.13,137455.44

Montage_500_291.xml
239.25,192701.16
239.94,193145.38
186.29,157710.64
158.78,137793.71

Montage_500_292.xml
259.64,206618.63
260.16,206926.26
201.46,168229.72
168.19,144472.78

Montage_500_293.xml
269.64,213073.17
273.58,216042.08
205.2,170736.31
174.04,148439.68

Montage_500_294.xml
252.72,201714.38
253.12,201890.12
200.09,167404.07
169.93,145399.59

Montage_500_295.xml
249.4,199549.09
255.42,203737.55
197.5,165562.02
167.57,143636.2

Montage_500_296.xml
249.38,199684.15
256.02,203978.45
199.18,166853.68
169.18,144930.2

Montage_500_297.xml
241.5,193992.66
244.92,196670.84
184.99,157654.93
159.88,138606.01

Montage_500_298.xml
231.75,187457.06
237.39,191552.43
179.45,153070.86
154.78,135256.24

Montage_500_299.xml
246.07,197248.16
247.8,198456.07
184.31,156313.93
163.07,140917.85

Montage_500_300.xml
247.51,198068.21
251.04,200543.85
185.98,157682.62
162.91,141003.47

Montage_500_301.xml
241.63,194088.72
244.92,196379.44
187.72,158624.36
161.63,139892.11

Montage_500_302.xml
239.54,192644.33
240.2,193340.98
175.73,150533.87
165.39,142224.42

Montage_500_303.xml
240.28,193296.87
246.09,197267.48
190.03,160191.7
165.04,142183.19

Montage_500_304.xml
233.99,188740.01
230.52,186684.76
178.27,152557.64
161.51,139606.99

Montage_500_305.xml
223.96,181950.41
230.73,186897.88
173.94,149470.25
156.63,136022.84

Montage_500_306.xml
272.66,215486.01
279.7,220312.71
210.47,174299.86
183.31,154277.77

Montage_500_307.xml
242.92,194993.83
247.93,198680.02
194.52,163346.85
165.08,142024.21

Montage_500_308.xml
241.3,193724.89
241.9,194394.28
182.5,155010.76
161.8,139893.07

Montage_500_309.xml
232.76,188095.16
237.43,191606.89
179.05,152583.66
161.42,139848.87

Montage_500_310.xml
257.18,204580.23
260.69,206944.68
198.74,166327.55
173.57,147600.65

Montage_500_311.xml
253.05,202130.82
260.33,206984.05
194.07,163136.55
171.25,146403.95

Montage_500_312.xml
242.68,195123.04
248.49,199081.68
195.66,164261.3
161.5,139861.86

Montage_500_313.xml
242.35,194807.31
248.53,198892.74
190.61,160728.53
162.81,140628.25

Montage_500_314.xml
250.01,199958.34
255.78,203877.07
202.93,169049.58
166.25,143051.55

Montage_500_315.xml
241.45,194166.28
251.07,199899.11
190.84,161056.56
162.13,140349.64

Montage_500_316.xml
254.42,203201.1
255.21,203243.16
199.21,166746.12
166.15,142671.87

Montage_500_317.xml
225.21,183073.15
234.1,188987.05
175.74,150506.65
160.04,138687.17

Montage_500_318.xml
236.14,190348.25
236.63,190816.33
178.36,152237.84
156.84,136736.03

Montage_500_319.xml
273.96,215826.3
280.74,220909.03
217.58,179586.9
180.93,152765.48

Montage_500_320.xml
235.26,189649.33
238.98,192061.43
178.88,152747.86
156.9,136653.76

Montage_500_321.xml
239.85,192836.97
243.35,195452.68
188.93,159210.39
159.04,138058.89

Montage_500_322.xml
248.63,198941.66
255.67,203613.56
191.17,160870.03
172.01,146652.61

Montage_500_323.xml
245.79,196771.33
246.4,197448.62
194.71,163856.2
163.29,140695.99

Montage_500_324.xml
239.85,192699.5
242.24,194611.93
191.01,161069.18
164,141286.22

Montage_500_325.xml
244.34,196093.08
244.92,196614.49
183.11,155638.37
164.52,141818.45

Montage_500_326.xml
221.94,180344.57
222.86,181612.6
173.27,149129.96
155.72,135591.37

Montage_500_327.xml
264.76,210014.4
265.47,210365.96
212.58,175691.76
175.46,149011.64

Montage_500_328.xml
263.84,208999.38
264.34,209860.37
203.77,169663.58
173.65,147908.24

Montage_500_329.xml
239.62,192775.48
241.29,194013.62
189.33,159846.87
161.38,139525.81

Montage_500_330.xml
248.54,198657.76
253.1,202228.21
202.83,169119.58
168.51,144378.18

Montage_500_331.xml
239.02,192441.62
240.57,193649.77
178.91,152631.63
163.66,141356.43

Montage_500_332.xml
261.47,207395.52
265.39,210449.32
202.1,168972.19
175.12,149051.22

Montage_500_333.xml
239.9,192824.86
241.74,194322.27
174.11,149910.9
165.17,142032.71

Montage_500_334.xml
249.5,199458.05
253.72,202636.46
193.44,162740.29
171.06,145818.12

Montage_500_335.xml
256.78,204292.75
257.35,205143.75
200.34,167130.25
168.96,144484.25

Montage_500_336.xml
243.67,195473.74
247.89,198537.56
188.59,159259.8
168.36,144606.27

Montage_500_337.xml
263.32,208822.99
264.08,209643.95
202.83,169040.76
174.33,148215.22

Montage_500_338.xml
237.35,191283.88
244.6,196169.48
181.89,154991.04
159.85,138810.74

Montage_500_339.xml
227.77,184654.9
235.44,190005.52
175.21,150318.03
157.27,136915.35

Montage_500_340.xml
281.5,221102.41
285.01,223711.63
217.9,179213.63
181.87,153520.29

Montage_500_341.xml
258.29,205282.61
265.91,209829.65
197.31,165285.07
171.94,146962.06

Montage_500_342.xml
266.03,210542.8
272.77,215395.05
206.62,171762.31
174.29,148381.52

Montage_500_343.xml
247.52,198297.95
256.22,204242.78
192.4,161912.09
165.69,142705.05

Montage_500_344.xml
245.89,196772.77
246.7,197375.89
189.24,159991.68
161.74,139720.19

Montage_500_345.xml
244.4,196097.27
248.58,198844.6
188.08,159169.48
161.32,139723.95

Montage_500_346.xml
276.38,217684.68
280.44,220898.28
216.92,179195.32
184.65,155631.17

Montage_500_347.xml
232.1,187770.13
240.53,193225.13
176.2,150921.12
157.59,137239.34

Montage_500_348.xml
250.8,200523.43
259.8,206459.26
198.62,166254.07
168.77,144929.81

Montage_500_349.xml
255.5,203404.22
263.23,209044.4
206.84,171952.94
175.44,148941.66

Montage_500_350.xml
218.4,178616.09
223.98,182251.59
175.43,150491.76
150.72,132611.68

Montage_500_351.xml
255.63,203507.32
251.11,201070.59
199.52,166604.28
169.46,144856.99

Montage_500_352.xml
222.23,181001.47
226.17,183608.32
180.9,153977.64
150.33,132226.49

Montage_500_353.xml
255.61,203509.42
260.78,207431.07
201.56,168264.25
170.65,146022.89

Montage_500_354.xml
249.69,199395.8
255.54,203928.19
188.2,159580.48
167.53,143886.2

Montage_500_355.xml
250.82,200367.51
252.84,201986.89
194.27,163363.72
171.91,146697.94

Montage_500_356.xml
239.74,193009.24
245.56,196925.22
190.03,160355.38
161.9,139804.87

Montage_500_357.xml
230.21,186461.28
238.91,192212.81
177.57,151886.58
157.98,137520.97

Montage_500_358.xml
231.57,187164.91
235.69,190302.36
178.08,152243.67
158.03,137148.01

Montage_500_359.xml
225.49,183299.43
235.02,189638.18
170.62,147309.7
158.15,137240.76

Montage_500_360.xml
242.36,194689.05
243.36,195455.05
181.42,154530.23
159.41,138528.72

Montage_500_361.xml
244.77,196262.78
250.23,200271.43
191.35,161147.87
164.36,141771.2

Montage_500_362.xml
269.51,212808.5
273.21,215733.61
210.37,174531.5
171.44,146762.9

Montage_500_363.xml
221.14,180131.37
221.83,180805.15
164.84,143164.62
154.57,135019.97

Montage_500_364.xml
259.68,206570.09
265.33,210002.13
208.37,172804.5
178.08,150910.21

Montage_500_365.xml
223.16,181385.85
228.5,185348.79
174.6,149648.39
157.36,136592.36

Montage_500_366.xml
224.53,182498.34
231.93,187630.54
174.97,149782.57
154.9,134887.5

Montage_500_367.xml
245.91,196777.52
251.12,200354.58
190.93,160914.47
168.61,144419.63

Montage_500_368.xml
240.09,192964.35
243.96,195775.94
181.02,154337.84
160.32,139027.87

Montage_500_369.xml
250.04,199472.48
258.9,205751.15
198.26,165821.57
166.78,143373.65

Montage_500_370.xml
238.79,192142.04
242.9,195184.82
183.17,155557.04
162.04,140218.18

Montage_500_371.xml
238.12,191409.74
242.19,194366.8
186.01,157303.73
159.06,138139.08

Montage_500_372.xml
247.57,198045.3
251.84,201150.57
185.09,156759.97
168.87,144656.84

Montage_500_373.xml
221.78,180570.15
217.58,177933.74
181.39,154375.58
146.65,129763.85

Montage_500_374.xml
246.35,197191.67
248.04,198884.29
194.28,163116.83
165.55,142386.93

Montage_500_375.xml
262.82,208901.53
262.77,208587.99
199.8,167127.78
173.91,148198.09

Montage_500_376.xml
259.89,206721.86
265.76,210646.75
204.61,170242.32
174.79,148712.46

Montage_500_377.xml
255.32,203565.05
261.04,207606.4
202.29,168619.76
174.07,148349.54

Montage_500_378.xml
226,183502.33
234.68,189442.33
187.45,158368.72
154.43,135137.4

Montage_500_379.xml
239.62,192704.86
244.15,195987
183.4,155643.66
163.23,140677.71

Montage_500_380.xml
271.91,214379.05
272.52,215532.94
208.03,172960.78
175.08,149199.84

Montage_500_381.xml
264.95,209921.06
266.12,210761.56
212.66,175776.97
180.83,152567.87

Montage_500_382.xml
247.97,198274.74
248.52,199106.48
193.9,163130.13
163.52,140875.56

Montage_500_383.xml
258.87,206001.59
265.82,210290.35
203.69,170075.49
169.04,144813.86

Montage_500_384.xml
257.81,204853.28
258.29,205548.87
196.38,164503.42
171.73,146638.81

Montage_500_385.xml
245.61,196689.5
246.25,197566.26
194.34,163183.88
163.16,140621.45

Montage_500_386.xml
251.67,200952.59
255.28,203421.5
192.77,162321.12
164.39,141968.19

Montage_500_387.xml
229.5,185867.41
236.34,190833.32
177.83,151844.24
160.12,139007.55

Montage_500_388.xml
249.38,199306
251.52,201007.3
191.67,161235.03
162.24,140443

Montage_500_389.xml
262.15,208048
269.68,213220.71
204.15,170318.36
173.11,147454.25

Montage_500_390.xml
268.05,212514.12
273.89,216425.41
212.85,175650.03
173.83,148090.01

Montage_500_391.xml
264.1,209276.6
266.08,211098.98
202.29,169225.36
174.75,148739.92

Montage_500_392.xml
249.33,199517.26
250.24,200392.47
185.92,157943.38
163.2,140877.93

Montage_500_393.xml
246.17,196872.31
251.48,201223.7
195.04,164020.01
163.93,141632.93

Montage_500_394.xml
238.7,192307.45
239.85,193092.73
191.21,160883.7
158.64,137749.1

Montage_500_395.xml
234.11,189241.93
240.13,193114.06
181.06,154480.19
161.91,139981.11

Montage_500_396.xml
219.44,179117.8
225.34,183181.48
173.46,149414.12
154.28,134914.37

Montage_500_397.xml
266.84,210997.51
263.39,208728.76
209.63,173946.82
172.19,147053.34

Montage_500_398.xml
262.97,208506.14
269.93,213683.92
211.37,174971.08
172.31,147204.95

Montage_500_399.xml
246.42,196963.12
252.34,201444.29
197.58,165571.18
165.75,142403.53

Montage_500_400.xml
218.4,177926.58
223.69,182025.14
165.47,143715.82
149.61,131705.34

Montage_500_401.xml
246.66,197797.65
252.79,202072.81
192.4,161721.24
167.2,143617.3

Montage_500_402.xml
244.35,195941.39
247.57,198390.25
189.17,159538.11
159.7,138438.47

Montage_500_403.xml
254.67,202618.31
258.41,205381.7
194.5,163881.79
171.98,146533.39

Montage_500_404.xml
247.79,198626.54
255.25,203611.43
202.53,168713.32
164.92,142369.97

Montage_500_405.xml
255.67,203940.51
256.49,204243.77
194.18,163230.6
168.58,144439.58

Montage_500_406.xml
245.05,196705.41
253.99,202914.57
196.66,164908.06
169.19,144909.75

Montage_500_407.xml
266.13,210652.43
269.87,212941.05
210.88,174597.15
173.42,147595.01

Montage_500_408.xml
248.75,199295.19
257.07,204923.99
192.88,162192.51
166.39,143094.76

Montage_500_409.xml
227.25,184414.63
234.2,188750.05
184.24,156182.94
160.74,139142.58

Montage_500_410.xml
261.81,207808.17
265.38,210502.55
202.88,169007.82
170.78,146092.24

Montage_500_411.xml
258.89,206039.94
264.72,210142.4
202.54,168935.39
171.07,146407.02

Montage_500_412.xml
266.34,211089.66
271.78,214851.96
206.5,171397.6
177.24,150127.6

Montage_500_413.xml
270.4,213570.59
271.17,214527.05
211.74,175151.77
181.21,153021.5

Montage_500_414.xml
263.05,208658.34
263.63,209287.85
202.05,168746.17
178.16,150677.24

Montage_500_415.xml
261.16,207295.55
262.8,208816.91
202.87,168793.43
169.34,145334.12

Montage_500_416.xml
250.92,200479.96
257.82,205263.74
199.93,167031.7
169.96,145275.28

Montage_500_417.xml
249.76,199919.98
250.44,200414.62
186.77,157859.26
163.89,141443.73

Montage_500_418.xml
256.86,204097.61
262.72,207957.61
208.48,173099.8
167.82,143922.41

Montage_500_419.xml
213.17,174568.93
213.72,175259.52
173.06,148580.62
147.06,129866.88

Montage_500_420.xml
256.83,204742.66
266.35,211098.78
207.28,172028.17
176.19,149635.05

Montage_500_421.xml
260.58,207338.43
267.64,212177.63
202.93,169625.82
175,148904.09

Montage_500_422.xml
249.42,199784.65
257.03,204871.73
199.24,166453.57
168.01,143903.99

Montage_500_423.xml
231.04,187048.42
233.28,188350.22
183.26,155500.25
158.14,137351.06

Montage_500_424.xml
238.87,192042.66
242.73,194985.33
188.6,159276.56
160.19,138970.41

Montage_500_425.xml
254.3,203108.24
260.17,207085.04
201.61,168256.28
165.6,142888.91

Montage_500_426.xml
253.46,201901.99
255.22,203149.74
193.44,162897.58
165.35,142499.22

Montage_500_427.xml
231.47,187137.75
235.67,190324.14
178.73,152623.92
164.4,141534.96

Montage_500_428.xml
255.94,203675.29
263.58,208705.8
201.99,168302
168.29,144381.69

Montage_500_429.xml
244.62,196002.22
249.62,199465.4
185.21,157073.41
164.67,142034.82

Montage_500_430.xml
226.53,183988.33
228.12,185004.93
175.74,150276.74
157.2,136561.31

Montage_500_431.xml
241.34,193828.88
251.59,200606.71
190.1,160132.37
169.62,145124.87

Montage_500_432.xml
242.16,194367.38
242.73,195155.76
182.69,155339.77
160.7,139139.98

Montage_500_433.xml
253.09,201786.97
261.52,207387.93
200.82,167453.15
168.37,144664.95

Montage_500_434.xml
231.14,187124.07
237.06,191373.94
179.82,153354.26
157.14,136919.72

Montage_500_435.xml
235.52,189974.83
234.61,189752.96
175.23,150601.72
161.33,139600.85

Montage_500_436.xml
229.89,186394.97
235.69,190434.54
178.64,152460.31
157.72,137024.13

Montage_500_437.xml
245.68,196831.91
249.27,199315.73
178.04,152426.52
161.57,139676.43

Montage_500_438.xml
228.75,185651.95
234.58,189688.45
172.58,148507.6
159.94,138595.17

Montage_500_439.xml
255.19,203353.26
260.05,206912.87
189.03,160239.18
170.56,145727.09

Montage_500_440.xml
242.57,194769.53
246.12,197427.58
182.28,154922.18
165.89,142484.71

Montage_500_441.xml
252.74,201590.68
254.17,203070.52
201.18,167744.62
173.01,147413.34

Montage_500_442.xml
279.64,220399.87
280.36,220917.1
215.46,177597.26
183.26,154140.87

Montage_500_443.xml
261.42,207449.84
269.04,212703.06
199.61,167097.19
172.5,147198.2

Montage_500_444.xml
223.75,181768.28
224.4,182321.66
174.95,149675.89
150.81,132544.04

Montage_500_445.xml
260.3,206698.4
264.31,209839.11
202.26,168600.73
171.16,146578.74

Montage_500_446.xml
244.17,196127.18
250,200123.01
185.85,157706.85
161.44,139860.25

Montage_500_447.xml
244.92,196278.42
246.94,197844.06
189.31,159590.15
161.46,139968.88

Montage_500_448.xml
248.45,198558.58
249.5,199309.62
195.95,164460.26
169.7,145325.08

Montage_500_449.xml
245.85,196776.46
251.22,200919.14
190.05,160415.28
166.9,143421.84

Montage_500_450.xml
240.72,193500.87
248.36,198830.22
188.86,159369.04
168.91,144245.62

Montage_500_451.xml
226.79,183925.12
231.57,187338.57
175.87,150849.44
154.66,134812.02

Montage_500_452.xml
238.61,191869.58
239.36,192529.67
180.4,153767.44
166.29,142546.07

Montage_500_453.xml
235.46,190139.38
241.32,194193.72
181.1,154240.11
169.92,145201.58

Montage_500_454.xml
257.79,205244.24
263.13,209014.75
203.53,169564.51
170.61,146276.06

Montage_500_455.xml
232.45,187925.13
236.69,190987.31
179.15,153047.68
160.51,138906.38

Montage_500_456.xml
245.4,196517.89
248.96,199138.94
184.21,156701.59
161.08,139636.86

Montage_500_457.xml
236.6,190495.85
237.2,191319.89
177.44,151853.91
157.23,136862.38

Montage_500_458.xml
248.35,198904.51
252.55,201486.96
197.53,165419.49
166.88,143205.12

Montage_500_459.xml
265.14,209983.32
272.65,215194.58
205.97,171143.36
175.88,149677.83

Montage_500_460.xml
245.4,196772.77
249.29,199196.49
190.91,160981.07
163.09,141065.01

Montage_500_461.xml
258.29,205247.59
262.53,208245.85
206.2,172019.85
169.69,145347.24

Montage_500_462.xml
232.67,187996.62
237.27,190744.96
175.35,150500.82
158.42,137473.17

Montage_500_463.xml
248.16,198604.52
253.26,202277.64
191.3,161301.69
173.04,147536.46

Montage_500_464.xml
250.23,200394.38
255.85,204030.63
188.89,159837.49
166.9,143352.73

Montage_500_465.xml
258.73,205529.27
267.61,212053.64
209.38,173348.49
171.74,146867.17

Montage_500_466.xml
260.54,207242.41
269.49,213137.11
204.63,169922.51
171.11,146431.57

Montage_500_467.xml
266.68,211287.57
268.38,212549.67
207.79,172470.91
174.95,149174.43

Montage_500_468.xml
243.07,194848.18
243.66,195780.33
177.66,151925.45
161.57,139595.64

Montage_500_469.xml
240.62,193568.8
244.82,196161.11
181.63,154760.74
160.47,138813.71

Montage_500_470.xml
228.6,185496.11
237.14,191317.46
178.62,152433.91
157.18,136892.22

Montage_500_471.xml
265.35,210342.14
265.82,210755.07
210.02,173851.38
173.63,147972.26

Montage_500_472.xml
247.96,198274.75
248.62,198871.89
190,160045.91
169.44,144945.58

Montage_500_473.xml
248.78,199182.85
255.72,203876.48
202.22,169131.96
171.35,146159.25

Montage_500_474.xml
247.6,198275.25
244.3,195841.08
184.8,157308.18
163.02,140710.2

Montage_500_475.xml
225.65,182995.94
234.96,189393.76
176.49,151110.96
159.81,138175.67

Montage_500_476.xml
236.66,190508.86
232.34,188114.55
173.86,149437.23
162.31,140219.6

Montage_500_477.xml
258.21,205766.13
264.08,209443.22
203.38,169349.34
172.14,147143.82

Montage_500_478.xml
254.92,203212.52
266.89,211031.56
201.59,168221.35
175.39,149071.57

Montage_500_479.xml
256.11,204243.05
261.95,208270.87
203.27,169124.41
171.07,145853.23

Montage_500_480.xml
252.46,201407.68
256.65,204152.92
198.32,165905.01
165.88,142559.59

Montage_500_481.xml
255.05,203166.59
262.33,207998.13
201.72,168209.25
172.77,147194.62

Montage_500_482.xml
236.32,190453.46
236.87,191200.79
183.59,155841.23
155.61,135902.47

Montage_500_483.xml
247.03,198065.04
247.52,198173.01
188.48,159623.19
166.07,142951.17

Montage_500_484.xml
234.76,189259.79
240.74,193585.17
181.47,154281.41
157.64,136913.18

Montage_500_485.xml
258.57,205553.64
258.42,205714.95
202.82,169008.19
171.69,146480.91

Montage_500_486.xml
264.14,209257.6
260.62,207425.24
209.02,173630.31
170.5,146203.63

Montage_500_487.xml
249.88,199828.85
251.48,201015.52
191.1,160938.99
167.45,143676.85

Montage_500_488.xml
223.29,181838.29
231.88,187326.65
176.08,150660.2
154.88,135042.59

Montage_500_489.xml
241.42,194032.57
242.12,194473.12
179.97,153819.02
162.48,140229.39

Montage_500_490.xml
265.17,210289.7
274.39,216671.39
206.2,171570.7
174.87,148686.88

Montage_500_491.xml
271.27,214634.93
280.44,220340.67
215.34,177685.21
173.79,148242.47

Montage_500_492.xml
233.37,188627.1
239.09,192763.86
180.72,153739.02
159.46,138413.8

Montage_500_493.xml
248.86,199143.43
254.25,202768.2
191.91,161614.78
164.83,142231.13

Montage_500_494.xml
268.49,212468.9
272.12,214588.99
211.09,174762.91
172.59,147470.25

Montage_500_495.xml
244.87,196037.52
249.05,199203.45
190.48,160457.1
170.16,145248.02

Montage_500_496.xml
232.87,188271.13
234.58,189395.23
185.67,157704.15
157.57,137137.3

Montage_500_497.xml
246.57,197345.69
251.44,201064.72
192.49,162115.3
166.62,143121.31

Montage_500_498.xml
216.96,177394.44
221.69,180906.68
180.3,153226.7
155.65,135432.35

Montage_500_499.xml
233.7,188601.38
238.35,192260.79
185.22,157085.05
158.23,137858.8

Montage_500_500.xml
234.52,189174.44
236.33,190418.2
171.3,147313.55
159.63,138193.01

Montage_500_501.xml
233.52,188817.52
239.37,192959.44
191.21,161097.73
159.75,138513.97

Montage_500_502.xml
229.43,185869.68
233.64,188941.2
176.91,151320.12
155.65,135598.36

Montage_500_503.xml
230.58,186517.23
236.34,190528.18
177.46,151969.88
161.37,139599.25

Montage_500_504.xml
252.51,201414.74
257.71,205369.58
199.55,166814.62
168.9,144692.43

Montage_500_505.xml
260.93,207064.95
268.89,212704.34
198.34,166442.64
177.48,150264.62

Montage_500_506.xml
221.3,180566.43
227.07,184395.1
174.08,149600.04
155.81,135601.21

Montage_500_507.xml
224.16,182016.2
229.83,186344.28
175.83,150361.98
154,134369.14

Montage_500_508.xml
248.68,198968.05
254.4,202962.45
193.8,162946.93
167.45,143909.86

Montage_500_509.xml
263.98,208986.38
267.57,211568.47
203.51,169724.02
170.84,146256.64

Montage_500_510.xml
240.63,193370.84
248.04,198691.79
188.62,159449.48
162.97,140516.82

Montage_500_511.xml
237.45,191344.98
246.94,197636.27
182.15,154793.64
159.54,138557.65

Montage_500_512.xml
243.53,195353.96
247.51,198069.02
190.18,160645.92
164.2,141536.32

Montage_500_513.xml
230.12,186415.16
234.25,189176.75
176.88,151143.67
155.2,135454.81

Montage_500_514.xml
246.65,197602.68
252.41,201672.34
191.68,162180.73
166.49,143264.68

Montage_500_515.xml
248.05,198266.53
252.46,201464.27
190.66,160829.23
162.39,140250.93

Montage_500_516.xml
214.5,175579.62
215.31,176237.16
176.69,151070.05
148.57,130917.57

Montage_500_517.xml
226.82,184158.08
235.44,189893.11
188.11,158868.43
156.6,136463.42

Montage_500_518.xml
262.51,208201.83
262.37,208611.35
208.44,172827.54
178.41,150904.52

Montage_500_519.xml
245.19,196256.15
249.25,199553.47
185.85,157211.69
163.5,141293.28

Montage_500_520.xml
233.91,189102.45
241.05,193833.2
179.12,152617.94
160.53,138777.53

Montage_500_521.xml
264.88,209827.48
271.82,214055.78
208.42,172716.83
171.62,146455.68

Montage_500_522.xml
280.44,220238.42
283.71,222745.61
217.3,178992.92
180.77,152600.17

Montage_500_523.xml
225.46,183018.37
224.76,182715.94
175.5,150629.86
155.4,135478.5

Montage_500_524.xml
261.58,207498.56
266.65,211536.86
210.93,174731.89
172.16,146967.83

Montage_500_525.xml
227.95,184726.94
235.14,189792.69
176.76,151134.56
157.6,136910.01

Montage_500_526.xml
218.82,178707.91
226.37,183743.61
179.25,153148.4
152.19,133646.48

Montage_500_527.xml
241.78,194360.73
247.95,198522.13
189.76,160218.86
163.46,140898.44

Montage_500_528.xml
245.59,196459.77
251.3,201058.92
190.81,161319.16
164.67,141847.16

Montage_500_529.xml
237.21,191284.27
237.91,191822.1
180.65,153935.83
162.18,140384.24

Montage_500_530.xml
244.32,195536.9
242.62,194729.08
188.71,159207.9
161.35,139521.98

Montage_500_531.xml
253.58,202230.09
254.27,203024.29
187.97,158697.45
166.22,143085.44

Montage_500_532.xml
254.65,202710.96
258.6,205709.11
198.7,166440.37
167.35,143557.71

Montage_500_533.xml
238.22,191566.77
244.3,195983.44
182.54,155188.19
160.56,139027.73

Montage_500_534.xml
218.5,178384.08
222.89,181487.92
182.44,154822.63
152.39,133294.42

Montage_500_535.xml
229.41,185876.01
235.15,189827.5
176.44,151177.99
155.45,135643.52

Montage_500_536.xml
247.73,198040.72
253.47,202390.13
192.86,162448.09
165.77,142437.85

Montage_500_537.xml
236.3,190256.41
239.59,192965.98
184.51,156348.45
156.95,136580.8

Montage_500_538.xml
223.48,181639.74
228.91,185476.23
180.94,154063.89
154.15,134534.38

Montage_500_539.xml
220.12,179535.03
227.44,184515.95
166.26,144588
151.54,133020.04

Montage_500_540.xml
245.77,196984.18
247.35,198064.73
193.45,162706.5
162.9,140475.7

Montage_500_541.xml
245.79,196890.78
246.38,197748.02
189.41,159622.4
163.14,140891.24

Montage_500_542.xml
221.57,180586.54
224.82,182879.36
169.26,146142.06
155.69,135409.26

Montage_500_543.xml
275.16,216816.78
276.01,217893.63
215.45,177525.74
177.76,150726.37

Montage_500_544.xml
225.72,183152.42
232.22,187808.89
176.36,150732.65
157.31,136825.96

Montage_500_545.xml
234.08,189090.87
229.58,186234.08
177.85,152270.92
159.14,138183.18

Montage_500_546.xml
232.59,187922.93
233.92,188968.79
180.89,153891.32
155.19,135403.13

Montage_500_547.xml
254.17,202525.28
249.85,199906.27
198.62,166287.48
171.63,146663.77

Montage_500_548.xml
258.12,205273.01
258.67,205932.69
194.96,163817.31
175.63,149049.35

Montage_500_549.xml
237.04,190905.28
244.74,196324.3
182.62,154992.15
166.22,142671.14

Montage_500_550.xml
260.88,206997.39
264.51,209896.74
207.91,172626.47
169.45,144916.86

Montage_500_551.xml
256.26,203944.23
257.87,205338.55
195.02,163909.67
165.37,142586.93

Montage_500_552.xml
234.07,189095.06
239.61,192987.38
180.02,153977.8
158.2,137724.45

Montage_500_553.xml
259.24,205829.43
259.7,206680.34
200.05,167647.31
168.93,144989.88

Montage_500_554.xml
232.24,187705.86
237.55,191382.08
178.93,152391.51
159.58,138324.55

Montage_500_555.xml
254.04,202367.4
257.52,204831.09
199.71,167026.13
166,142799.37

Montage_500_556.xml
237.61,191770.72
240.75,193891.32
191.22,161535.59
160.81,139315.25

Montage_500_557.xml
247.29,198103.16
259.21,205686.98
196.28,164814.33
164.08,141537

Montage_500_558.xml
256.38,204313.76
252.83,201594.27
195.47,163980.64
168.89,144972.76

Montage_500_559.xml
273.67,215926.02
275.32,217342.9
214.77,177527.79
177.45,150862.93

Montage_500_560.xml
238.88,192186.84
239.61,192956.53
180.73,153905.89
155.35,135658.5

Montage_500_561.xml
256.93,204206.08
260.68,207230.56
200.69,167746.5
168.33,143979.9

Montage_500_562.xml
234.73,189392.3
235.43,190011.75
178.8,152523.96
156.09,136078.3

Montage_500_563.xml
232.52,188167.3
239.43,192804.32
190.55,160566.52
159.62,138454.5

Montage_500_564.xml
243.53,195563.22
249.02,199521.94
189.51,160694.21
163.35,141144.21

Montage_500_565.xml
267.94,211701.16
276.75,217796.18
213.45,176303.79
175.62,149572.86

Montage_500_566.xml
237.24,191078.07
238.99,192454.83
179.59,153107.93
159.11,138191.55

Montage_500_567.xml
230.29,186599.25
235.94,190486.38
176.17,150741.01
162.01,139834.49

Montage_500_568.xml
250.59,200582.63
251.32,200691.33
192.54,162355.11
166.14,142666.77

Montage_500_569.xml
249.88,200066.2
258.53,205746.81
199.33,167181.59
166.51,143077.74

Montage_500_570.xml
244.21,195433.05
249.5,199163.42
190.64,161311.12
167.73,143533.39

Montage_500_571.xml
218.1,178245.26
224.03,182318.84
181.96,154630.6
151.45,132772.3

Montage_500_572.xml
235.25,189930.21
241.23,193936.74
177.55,151708.08
159.7,138574.55

Montage_500_573.xml
239.69,192749.52
236.15,190405.02
180.69,154216.34
164.79,141526.2

Montage_500_574.xml
255.63,203582.23
259.33,206373
192.19,162062.98
169.21,144924.15

Montage_500_575.xml
252.45,201390.07
252.61,201973.76
193.94,162921.02
170.37,145663.6

Montage_500_576.xml
247.86,198258.65
249.68,199864.04
190.75,160807.67
166.94,143484.63

Montage_500_577.xml
229.02,185730.62
238.12,191902.41
176.33,151141.6
156,136004.53

Montage_500_578.xml
265.92,210430.61
269.59,213482.95
204.76,170257.62
173.53,148264.34

Montage_500_579.xml
229.06,185654.89
233.12,188628.31
178.14,152353.54
158.25,137400.51

Montage_500_580.xml
236.8,190833.06
240.46,193378.85
182.03,154850.48
154.61,135059.28

Montage_500_581.xml
234.91,189795.74
240.88,193844.86
180.58,154109.66
160.61,139191.66

Montage_500_582.xml
230.31,186519.86
230.67,186919.59
181.28,154376.05
159.31,137921.88

Montage_500_583.xml
262.26,208073.58
262.81,208802.09
201.17,167624.89
170.03,145643.72

Montage_500_584.xml
224.61,182385.76
231.77,187528.16
172.34,148134.69
154.71,134975.54

Montage_500_585.xml
251.82,201307.64
251.56,200855.02
196.54,165250.98
165.23,142452.47

Montage_500_586.xml
243.85,195833.82
250.79,200183.46
190.25,160843.78
169.01,144764.18

Montage_500_587.xml
227.37,184223.02
233.04,188314.42
177.24,151753.68
158.54,137326.21

Montage_500_588.xml
274.65,216883.6
275.44,217524.53
217.12,178998.8
180.93,152882.42

Montage_500_589.xml
267.2,211296.48
267.93,212203.61
210.49,174103.36
175,149048.38

Montage_500_590.xml
248.41,198588.12
257.29,204714.81
193.31,162566.43
163.26,141143.4

Montage_500_591.xml
229.03,185425.68
229.69,186275.22
183.63,156075.77
151.66,132799.49

Montage_500_592.xml
240.03,192866.15
243.52,195601.58
196.81,165122.98
158.93,138228.42

Montage_500_593.xml
248.02,198632.84
248.87,199258.11
190.78,160806.79
171.62,146368.87

Montage_500_594.xml
240.71,193342.94
246.31,197544.96
190.16,160283.33
161.9,140221.71

Montage_500_595.xml
265.7,210834.62
270.54,214188.27
211.34,174843.2
176.43,149891.54

Montage_500_596.xml
257.21,204581.81
264.16,209556.27
202.44,168780.48
171.6,146383.78

Montage_500_597.xml
224.69,182672.31
229.81,186187.09
170.62,146915.63
158.63,137936.51

Montage_500_598.xml
270.03,213236.98
270.63,213797.77
212.86,176158.05
175.43,149445.65

Montage_500_599.xml
269.25,212662.98
271.31,214510.53
206.53,171187.47
174.49,148757.03

Montage_500_600.xml
253.24,202371.77
258.98,206178.09
195.85,164551.92
171.04,146192.03

Montage_500_601.xml
272.98,215014.5
276.37,217578.28
214.13,176664.54
181.67,153094.99

Montage_500_602.xml
238.08,191829.82
243.96,195794.47
187.7,158759.18
161.14,139438.87

Montage_500_603.xml
279.88,219984.48
280.27,220520.99
214.98,177697.24
182.46,153794.55

Montage_500_604.xml
269.7,213085.47
266.44,211429.44
207.16,171901.05
174.66,148730.44

Montage_500_605.xml
253.5,202149.65
249.48,199783.89
198.65,166141.74
167.56,143791.08

Montage_500_606.xml
252.66,201641.22
258.36,205491.24
200.77,167386.85
171.16,146306.36

Montage_500_607.xml
227.71,184742.33
228.53,185359.24
185.75,157366.29
155.46,135706.12

Montage_500_608.xml
259.9,206215.24
264.06,209405.96
202.06,168653.57
174.07,148041.99

Montage_500_609.xml
240.79,193525.88
244.9,196458.43
181.65,154499.64
166.19,142638.4

Montage_500_610.xml
263.31,208678.15
264.11,209947.05
209.8,174196.05
175.48,148794.19

Montage_500_611.xml
231.95,187321.26
231.79,187786.64
180,153381.59
158.43,137514.61

Montage_500_612.xml
240.12,193048.35
240.86,193788.12
186.7,158230.85
160.61,139262.71

Montage_500_613.xml
239.83,192854.58
243.32,195511.28
186.16,157581.1
159.45,138333.4

Montage_500_614.xml
246.05,196914.58
256.63,203881.19
196.91,164989.52
163.85,141086.23

Montage_500_615.xml
272.37,214916.94
277.05,218638.84
209.86,173754.33
179.04,151484.44

Montage_500_616.xml
269.51,213341.83
273.35,215874.28
212.31,175290.55
176.48,149922.87

Montage_500_617.xml
241.83,194340.36
243.39,195374.96
185.87,157454.4
160.37,139051.11

Montage_500_618.xml
253.37,202401.89
259.27,206381.19
196.16,164638.45
169.93,145355.41

Montage_500_619.xml
226.03,183391.45
229.98,186303.89
185.1,156596.29
154.23,134826.45

Montage_500_620.xml
231.51,187404.29
240.41,193480.17
179.23,152875.03
158.76,137644.17

Montage_500_621.xml
226.72,183935.97
228.77,185528.49
169.36,145945.97
153.81,134500.7

Montage_500_622.xml
250.48,200148.98
257.8,205243.33
187.41,158669.11
169.29,144785.53

Montage_500_623.xml
233.72,188607.09
234.65,189486.71
188.56,159100.73
163,140600.22

Montage_500_624.xml
256.5,204015.22
254.54,202914
205.4,170812.55
168.56,144470.29

Montage_500_625.xml
255.5,203673.05
262.56,208326.39
197.11,165233.9
171.38,146537.61

Montage_500_626.xml
257.42,204786.87
258.47,205438.64
194.34,163552.03
174.28,147861.57

Montage_500_627.xml
246.12,197397.77
249.62,199821.28
189.48,160131.71
162.21,140020.38

Montage_500_628.xml
273.81,215984.26
281.23,221428.89
209.18,173466.85
180.66,152600.59

Montage_500_629.xml
260.03,206918.33
260.61,207435.34
201.8,168454.33
172.16,146944.07

Montage_500_630.xml
260.78,207491.67
266.71,211548.12
209.97,173927.08
172.22,147445.91

Montage_500_631.xml
213.56,175015.42
218.55,178614.86
172.58,148263.73
149.34,131132.14

Montage_500_632.xml
246.43,197278.84
253.63,202487.41
195.15,163961.38
167.44,143626.65

Montage_500_633.xml
259.86,206172.85
263.62,209321.4
201.7,168111.39
171.89,146720.56

Montage_500_634.xml
264.19,209748.56
266.14,210765.74
204.08,170001.1
171.1,146466.67

Montage_500_635.xml
243.32,195158.67
250.8,200611.47
193.62,162633.78
170.39,145518.06

Montage_500_636.xml
246.06,197079.45
252.82,201477.25
200.65,167614.6
167.29,143197.77

Montage_500_637.xml
269.77,212944.37
276.77,218253.59
214.12,177112.33
177.19,150300.4

Montage_500_638.xml
248.28,198557.56
252.43,201891.66
186.93,158249.82
171.54,146256.77

Montage_500_639.xml
263,208513.29
263.76,209478.56
204.35,170080.53
171.04,146364.36

Montage_500_640.xml
264.29,209342.01
269.05,213096.7
204.03,170157.37
176.69,149760.24

Montage_500_641.xml
258.43,205366.44
259.17,206287.43
206.19,171297.86
169.8,145197.2

Montage_500_642.xml
254.05,202923.29
262.87,208767.8
202.14,168750
169.98,145428.53

Montage_500_643.xml
214.25,175806.25
219.9,179652
181.17,154327.65
152.26,133521.54

Montage_500_644.xml
248.97,199487.77
258.1,205315.79
198.4,166409.51
171.64,146222.78

Montage_500_645.xml
242.44,194736.63
250.79,200390.07
189.72,159968.63
164.76,141840.89

Montage_500_646.xml
256.05,203841.37
260.06,206823.66
202.91,168812.78
168.46,144646.6

Montage_500_647.xml
262.93,208415.67
266.81,211267.37
206.89,171906.66
171.57,146765.55

Montage_500_648.xml
252.81,201642.61
260.34,207009.75
198.35,166383.7
170.99,146189.86

Montage_500_649.xml
237.61,191520.96
244.75,196523.56
181.24,154506.34
161.23,139620.81

Montage_500_650.xml
253.98,202853.03
260.28,207266.77
196.2,164894.92
168.52,144679.57

Montage_500_651.xml
280.36,220318.42
281.11,220925.14
217.85,179367.21
179.2,151693.62

Montage_500_652.xml
245.84,196898.58
249.78,199540.62
188.19,158892.43
165.42,142497.11

Montage_500_653.xml
260.61,206821.54
264.24,209702.2
202.51,169015.26
168.93,145053.44

Montage_500_654.xml
232.61,188074.93
234.45,189262.09
177.5,151783.14
153.42,134131.4

Montage_500_655.xml
235.15,189645.17
242.18,194645.48
186.32,157815.93
158.29,137861.12

Montage_500_656.xml
251.54,200768.32
255.74,203682.66
199.18,166671.31
167.05,143232.94

Montage_500_657.xml
248.62,198909.89
253.89,202717.27
192.53,162419.87
166.87,143443.41

Montage_500_658.xml
242.01,194162.81
242.8,194733.03
182.38,155011.23
170.18,145080.21

Montage_500_659.xml
260.13,206376.22
263.71,209405.14
200.71,168031.18
175.94,149548.16

Montage_500_660.xml
252.68,201757.74
258.06,205492.69
188.18,158799.91
169.46,145336.91

Montage_500_661.xml
229.4,186003.59
235.37,189744.27
177.34,151593.34
154.78,135340.71

Montage_500_662.xml
226.29,183729.53
229.8,186104.4
182.03,155045.92
153.74,134475.45

Montage_500_663.xml
232.25,187769.49
239.39,192892.78
190.66,160417.15
159.1,138179.26

Montage_500_664.xml
232.46,187882.59
235.94,190527.26
175.13,149961.51
160.53,139187.73

Montage_500_665.xml
236.45,190401.99
244.81,196489.36
187.13,158400.78
160.31,138944.43

Montage_500_666.xml
265.66,210357.87
261.28,207877.92
203.41,169405.82
173.12,147358.27

Montage_500_667.xml
237.56,191062.79
233.82,188762.56
179.97,153779.89
155.7,135912.21

Montage_500_668.xml
253.61,202161.81
250.15,200344.74
199.29,166623.49
166.21,142950.99

Montage_500_669.xml
237.66,191236.54
242.96,195083.02
181.25,154418.17
169.17,144985.34

Montage_500_670.xml
239.97,192947.37
235.39,190102.29
181.49,154582.36
158.38,137667.59

Montage_500_671.xml
237.05,190999.17
242.23,194331.04
185.68,157537.66
165.85,142034.64

Montage_500_672.xml
237.41,191314.12
238.14,191953.38
179.49,153358.56
162.61,140500.55

Montage_500_673.xml
230.54,186498.76
234.7,189645.53
177.89,151923.62
157.29,136837.31

Montage_500_674.xml
231.09,187098.06
236.9,191052.73
184.91,157041.85
163.42,140758.97

Montage_500_675.xml
257.9,205169.56
258.36,205561.09
201.22,168186.14
172.61,147390.21

Montage_500_676.xml
239.65,192629.48
240.33,193255.86
186.48,157924.37
158.45,137720.68

Montage_500_677.xml
230.68,186637.18
238.31,191914.73
184.39,156340.88
156.52,136502.7

Montage_500_678.xml
252.46,201340.44
256.78,204222.8
199.42,166614.35
165.62,142808.21

Montage_500_679.xml
260.15,206466.13
263.97,209317.79
203.58,169807.87
177.13,149886.01

Montage_500_680.xml
269.19,213241.13
274.78,217013.33
214.22,176610.92
178.02,151213.51

Montage_500_681.xml
261.35,207476.52
261.88,208311.88
202.64,169043.57
172.92,147486.13

Montage_500_682.xml
253.01,201551.4
265.06,209757.9
205.15,170788.21
169.48,145094.52

Montage_500_683.xml
269.87,212890.52
266.04,210466.44
210.62,175244.12
175.77,149610.3

Montage_500_684.xml
254.22,202521.39
258.51,205703.33
198.1,165890.97
171.76,146437.6

Montage_500_685.xml
218.91,178835.01
221.06,179968.54
171.98,148071.28
149.76,131863.09

Montage_500_686.xml
268.99,213038.25
277.71,218897.92
215.27,177762.94
180.89,153283.08

Montage_500_687.xml
277.62,218755.01
279.14,219558.17
218.56,179654.74
181.12,152843.49

Montage_500_688.xml
235.35,190145.26
242.18,194836.24
186.67,157918.46
161.43,139556.68

Montage_500_689.xml
240.99,193694.13
247.1,197695.01
188.44,159212.13
164.01,141428.38

Montage_500_690.xml
250.91,200216.5
254.66,203015.3
197.57,165368.05
167.6,143518.17

Montage_500_691.xml
244.98,196356.96
249.33,199492.28
190.99,160965.96
166.38,143059.44

Montage_500_692.xml
250.15,200188.71
255.82,204116.32
199.03,166217.33
169.81,145159.68

Montage_500_693.xml
230.98,187201.16
233.08,188379.84
179.12,152742.51
157.26,136836.92

Montage_500_694.xml
244.32,195918.9
248.57,199222.4
189.04,159510.88
166.48,143002.64

Montage_500_695.xml
254.77,202971.89
258.36,205342.26
194.44,163135.68
169.49,145126.56

Montage_500_696.xml
256.75,204241.47
260.94,206995.95
202.17,168386.4
168.8,145047.11

Montage_500_697.xml
237.05,191125.63
241.23,194169.92
179.91,153388.31
167.95,143959.56

Montage_500_698.xml
261.34,207626.23
262.46,208625.8
202.38,168672.18
176.69,150141.81

Montage_500_699.xml
239.99,193063.02
241.4,193856.07
186.64,157876.58
159.33,138505.07

Montage_500_700.xml
258.05,205510.3
258.68,206031.77
201.35,168109.84
172.99,147787.02

Montage_500_701.xml
241.99,194327.11
243.71,195921.91
188.11,158911.5
160.68,138991.23

Montage_500_702.xml
275.83,217758.73
279.42,220099.6
215.32,177710.15
178.21,151386.63

Montage_500_703.xml
268.5,212283.06
275.78,217327.2
212.31,175997.23
176.44,149475.18

Montage_500_704.xml
222.74,181499.78
227.02,184336.66
173.85,149078.56
155.05,135373.67

Montage_500_705.xml
252.32,201693.32
259.6,206425.12
205.63,170753.43
172.44,147037.19

Montage_500_706.xml
241.21,193799.42
241.87,194537.31
186.02,157409.2
160.26,139190.52

Montage_500_707.xml
230.26,186381.99
234.07,188777.99
173.04,148847.35
156,135989.63

Montage_500_708.xml
271.47,214403.42
273.11,215745.69
207.25,172194.41
181.19,152785.8

Montage_500_709.xml
236.44,190352.85
240,193157.08
177.72,151976.97
157.21,137131.19

Montage_500_710.xml
231.79,187511.37
238.77,192156.44
174.51,149680.88
160.38,138890.33

Montage_500_711.xml
237.25,191289.53
243.06,195052.76
183.06,155895.95
162.58,140351.92

Montage_500_712.xml
256.42,204012.77
257.01,204722.68
193.2,162507.72
171.92,146731.24

Montage_500_713.xml
264.65,209716.53
265.45,210354.9
210.41,174386.29
171.5,146719

Montage_500_714.xml
257.43,205284.69
263.33,209234.3
208.05,172649.5
173.46,148027.6

Montage_500_715.xml
242.9,194829.23
243.83,195785.69
181.83,154560.29
161.69,139988.49

Montage_500_716.xml
238.12,191387.92
238.61,192110.83
175.79,150406.05
158.31,137500.8

Montage_500_717.xml
242.05,194691.18
247.7,198456.76
188.81,159584.86
163.24,140863.26

Montage_500_718.xml
252.8,201597.28
257.94,205152.46
200.28,167376.72
172.2,146783.94

Montage_500_719.xml
238.09,191640.82
238.78,192481.2
185.23,157239.5
158.51,137688.33

Montage_500_720.xml
234.27,189289.38
240.18,193380.1
181.24,154052.45
165.39,141829.2

Montage_500_721.xml
256.1,203709.01
260.45,207160.45
195.53,164402.28
174.1,148121.11

Montage_500_722.xml
231.75,187407.18
240.1,193157.55
184.56,156496.77
154.03,134914.08

Montage_500_723.xml
264.51,209517.64
268.34,212537.99
204.95,170337.1
175.85,149767.38

Montage_500_724.xml
239.41,192553.41
241.22,194080.43
179.28,153152.69
161.83,139833.62

Montage_500_725.xml
257.15,204715.82
253.69,202744.19
200.25,167389.92
175.92,149410.58

Montage_500_726.xml
238.83,192069.2
243,195285.14
185.66,157642.46
159.65,138443.25

Montage_500_727.xml
253.09,202049.94
258.99,206202.98
200.35,167203.97
170.01,145682.38

Montage_500_728.xml
252.34,201257.47
254.45,202936.57
198.1,165985.37
163.14,141057.23

Montage_500_729.xml
243.84,195424.56
247.32,197939.75
191.78,161687.32
163.51,141124.86

Montage_500_730.xml
239.34,192547.58
240.46,193578.68
180.74,153880.11
160.6,139244.36

Montage_500_731.xml
231.85,187365.43
237.66,191568.66
189.51,159606.54
160.82,139412.96

Montage_500_732.xml
257.86,205155.12
265.73,210857.74
207.42,172484.86
173.5,148180.64

Montage_500_733.xml
223.02,181757.51
223.99,182372.16
169.78,146977.1
155.59,135770.49

Montage_500_734.xml
266.34,210590.84
269.5,213433.06
205.62,171384.01
171.6,146625.35

Montage_500_735.xml
241.82,193931.39
245.45,196568.8
182.42,155017.66
158.09,137383.07

Montage_500_736.xml
260.12,206469.81
260.82,207514.31
206.05,171246.2
170.55,145815.08

Montage_500_737.xml
264.1,209420.69
264.83,210307.89
203.7,170361.09
171.29,146236.23

Montage_500_738.xml
235.5,189933.92
239.09,192500.71
178.56,152416.46
158.76,137708.76

Montage_500_739.xml
266.09,210802.8
267.74,212124.2
205.61,170979.59
172.75,147697.45

Montage_500_740.xml
242.11,194669.85
251.78,200746.77
190.52,160705.37
165.05,142147.21

Montage_500_741.xml
241.3,193665.6
248.48,198877.55
189.07,159892.47
160.98,139617.92

Montage_500_742.xml
244.31,196187.47
249.98,200208.46
186.2,157495.86
166.99,143567.93

Montage_500_743.xml
231.79,187593.01
235.9,190262.52
182.47,155111.48
158.32,137713.9

Montage_500_744.xml
250.55,199868.11
256.32,204345.51
194.07,163068.99
165.06,142296.05

Montage_500_745.xml
230.53,186806.7
231.31,187395.54
173.54,148900.08
161.29,139474.76

Montage_500_746.xml
229.35,185782.05
233.52,188866.86
176.98,151110.83
156.16,136115.48

Montage_500_747.xml
236.16,190367.73
236.75,191001.62
182.17,154801.19
157.37,137136.77

Montage_500_748.xml
242.3,194723.09
244.14,195624.97
182.18,154737.7
160.17,138729.27

Montage_500_749.xml
254.4,202604.21
258.19,205499.28
198.17,166070.94
166.01,143074.58

Montage_500_750.xml
247.94,198360.19
253.77,202641.39
191.84,161348.35
167.28,143841.64

Montage_500_751.xml
237.78,191483.58
243.73,195659.21
181.51,154892.25
161.27,139514.76

Montage_500_752.xml
282.27,221679.82
278.71,219733.2
216.95,179235.13
183.57,154912.31

Montage_500_753.xml
269.36,212808.32
270.12,213443.39
206.98,171904.95
174.42,148647.72

Montage_500_754.xml
240.39,193475.18
246.03,197324.1
184.07,156676.8
168.1,144060.82

Montage_500_755.xml
244.09,195658.55
248.6,199102.61
184.92,157042.3
166.25,143057.8

Montage_500_756.xml
269.67,213066.76
270.47,214120.32
210.62,174710.04
175.76,149389.89

Montage_500_757.xml
260.05,206875.92
267.47,211942.39
204.68,170141.34
173.29,147391.52

Montage_500_758.xml
228.85,185284.74
234.8,189608.15
183.4,155815.27
155.31,135391.22

Montage_500_759.xml
234.71,189515.73
238.7,192196.43
181.22,154247.63
158.12,137615.22

Montage_500_760.xml
267.79,212265.4
274.5,216809.56
212.34,175925.18
178.36,151172.06

Montage_500_761.xml
256.99,204845.6
262.52,208676.92
202.96,169149.29
176.89,150026.8

Montage_500_762.xml
258.67,205521.53
264.22,209260.77
201.67,168606.65
175.88,149547.9

Montage_500_763.xml
247.61,198218.86
253,202135.46
193.17,162712.95
170.38,145563.09

Montage_500_764.xml
220.56,179786.74
225.14,182742.59
167.98,145060.23
153.12,134065.56

Montage_500_765.xml
238.84,192395.46
239.53,192893.89
179.08,152946.15
158.21,137550.76

Montage_500_766.xml
229.78,186246.78
238.68,192300.38
183.64,155876.53
155.92,135992.36

Montage_500_767.xml
252.19,201241.01
256.4,204147.52
198.45,166239.66
170,145594.11

Montage_500_768.xml
240.55,193224.46
246.21,197581.54
184.34,156484.17
160.49,139392.78

Montage_500_769.xml
261.35,207377.4
263.25,208949.19
196.94,164993.29
170.72,145839.37

Montage_500_770.xml
227.64,184797.76
233.35,188729.2
174.41,149587.56
156.95,136719.55

Montage_500_771.xml
245.56,196910.89
249.78,199993.69
196.72,164636.79
164.67,141826.27

Montage_500_772.xml
251.55,200969.76
254.87,203234.58
197.62,165297.41
165.62,142670.4

Montage_500_773.xml
238.04,191810.72
245.02,196530.93
180.76,153932.09
166,142605.08

Montage_500_774.xml
242.1,194450.42
243.3,195488.95
186.27,157885.12
159.91,138984.28

Montage_500_775.xml
249.5,199370.6
245.85,197186.46
196.63,165179.88
168.72,144503.99

Montage_500_776.xml
242.36,194167.41
247.56,198341.28
194.42,163332.48
161.93,140182.99

Montage_500_777.xml
254.31,202341.64
261.79,207711.53
199.59,167019.18
168.05,144277

Montage_500_778.xml
226.61,184038.71
230.65,186541.03
173.14,148844.69
157.55,136881.92

Montage_500_779.xml
241.49,194039.42
243.04,195001.02
180.15,153725.57
161.27,139650.95

Montage_500_780.xml
250.17,199789.08
251.46,200713.35
202.8,169026.6
165.93,143074.61

Montage_500_781.xml
219.85,179421.46
229.27,185583.76
167.23,144972.25
156.55,136056.24

Montage_500_782.xml
241.11,193605.87
248.13,198174.4
193.62,163032.67
162.1,140441.53

Montage_500_783.xml
243.42,195215.16
250.42,200335.37
194.95,164021.88
160.43,139181.89

Montage_500_784.xml
241.22,193971.17
243.36,195328.71
186.54,157956.62
162.51,140282

Montage_500_785.xml
254.48,202595.82
250.95,200670.91
192.46,162158.42
167.28,143758.44

Montage_500_786.xml
255.97,203707.59
256.65,204579.01
199.48,167107.13
169.48,144963.2

Montage_500_787.xml
239.84,193192.34
245.43,196931.48
183.96,156507.97
161.6,139830.65

Montage_500_788.xml
263.63,209064.34
264.74,210112.95
198.66,166384.07
174.46,148468.02

Montage_500_789.xml
267.48,211529.12
268.04,212384.66
211.34,175338.73
174.81,148172.15

Montage_500_790.xml
233.49,188384.02
236.95,191084.64
178.18,152245.36
162.09,139645.06

Montage_500_791.xml
244.11,196002.09
250.09,200117.09
194.12,163984.66
167.17,143299.81

Montage_500_792.xml
262.02,208211.12
271.02,214380.76
210.7,174568.41
173.16,147962.15

Montage_500_793.xml
240.08,193323.12
241.72,194567.38
192.96,162502.06
164.91,141953.27

Montage_500_794.xml
249.07,199326.27
255.3,203676.87
199.15,166775.36
172.84,147300.63

Montage_500_795.xml
232.09,187306.53
239.23,192550.67
177.03,151392.45
156.13,136051.63

Montage_500_796.xml
265.12,210256.26
273.92,216112.15
212.41,175654.74
175.44,149071.04

Montage_500_797.xml
252.32,201056.6
256.65,204062.31
198.15,165889.05
168.21,144566.02

Montage_500_798.xml
226.35,183536.6
227.21,184374.77
183.41,155513.45
157.06,136774.66

Montage_500_799.xml
231.1,187032.33
231.54,187418.06
176.99,151305.93
154.89,135086.88

Montage_500_800.xml
258.06,205140.75
258.84,205767.47
195.28,163947
168.27,144593

Montage_500_801.xml
264.4,209588.72
265.21,210589.77
203.38,169709.38
171.26,146569.63

Montage_500_802.xml
249.19,199331.85
251.13,200485.17
189.64,159910.59
171.24,146106.62

Montage_500_803.xml
222.14,180966.65
229.51,185963.13
184.39,156619.45
155.04,135223.77

Montage_500_804.xml
234.98,189518.44
235.71,190122.29
171.44,147892.09
160.61,139035.91

Montage_500_805.xml
255.77,204047.27
264.42,209658.63
196.81,164977.72
169.92,145383.72

Montage_500_806.xml
248.69,198730.95
247.63,198638.22
192.59,162264.2
166.32,143109.93

Montage_500_807.xml
236.75,190741.89
237.29,191416.53
179.67,153022.39
156.19,136059.21

Montage_500_808.xml
267.52,212056.43
271.52,214784.48
207.4,172307.94
178.04,150435.59

Montage_500_809.xml
235.25,189994.76
235.85,190415.6
178.05,152342.65
159.74,138382.32

Montage_500_810.xml
261.25,207200.11
264.5,209791.94
206.29,171570.31
169.21,145188.21

Montage_500_811.xml
265.85,210373.99
266.39,211068.66
210.43,174051.76
175.64,148867.02

Montage_500_812.xml
252.55,201146.04
252.85,201779.26
197.54,165225.32
164.87,142046.35

Montage_500_813.xml
258.79,205676.28
259.41,206306.72
195.49,164177.07
168.81,144779.26

Montage_500_814.xml
237.09,191060.52
243.49,195374.25
181.36,154069.49
160.79,139358.91

Montage_500_815.xml
223.14,181481.14
226.73,184213.87
167.23,145069.97
155.48,135616.33

Montage_500_816.xml
235.82,190167.34
235.4,190108.49
185.94,157929.14
159.51,138396.94

Montage_500_817.xml
219.14,178778.79
224.19,182413.47
172.82,148551.97
152.91,133784.09

Montage_500_818.xml
265.34,210595.93
273.86,216333.88
205.09,170596.37
174.23,148474.25

Montage_500_819.xml
232.55,188139.61
239.59,192934.8
179.45,153249.66
160.44,139090.07

Montage_500_820.xml
244.29,196074.12
253.38,202272.59
185.81,157272.83
166.58,143047.56

Montage_500_821.xml
216.01,176932.51
224.92,182575.06
179.51,153017.59
153.5,134206.48

Montage_500_822.xml
223.9,182271
229.74,186080.32
175.6,150367.51
153.14,134305.17

Montage_500_823.xml
249.77,199427.78
245.99,197250.11
191.45,161555.14
168.26,144532.77

Montage_500_824.xml
256.15,204235.67
259.67,206761.5
205.9,170955.53
168.87,144699.6

Montage_500_825.xml
249.13,199347.31
256.04,203776.88
194.69,163156.46
167.51,144005.99

Montage_500_826.xml
242.63,194566.72
247.81,198524.55
187.15,158618.11
164.46,141612.76

Montage_500_827.xml
256.67,204457.39
262.36,208395.73
198.06,165536.5
171.2,146368.56

Montage_500_828.xml
247.27,197747.95
253.2,201918.49
192.73,161962.38
165.28,142520.04

Montage_500_829.xml
217.46,177728.5
226.87,183466.21
172.46,148145.71
152.06,133264.5

Montage_500_830.xml
254.07,202482.47
254.87,203455.71
203.73,169602.5
168.65,144520.23

Montage_500_831.xml
263.06,208629.3
264.75,209945.33
197.18,165418.14
170.2,145979.9

Montage_500_832.xml
245.72,196835.1
246.54,197813.16
184.61,156333.73
164.31,141509.84

Montage_500_833.xml
256.36,203887.11
259.92,206920.59
194.75,163505.16
167.72,144258.58

Montage_500_834.xml
233.36,188607.7
238.88,192495.02
180.25,153525.15
159.96,138836.45

Montage_500_835.xml
255.62,203655.49
260.26,206941.17
200.72,168077.98
171.77,146728.97

Montage_500_836.xml
228.8,185361.61
232.66,188382.31
174.77,149698.44
151.35,132987.06

Montage_500_837.xml
233.95,188737.21
237.95,191615.03
178.25,152141.71
159.49,138486.98

Montage_500_838.xml
219.36,179166.88
227.95,185037.53
171,147327.25
153.21,133905.2

Montage_500_839.xml
230.76,186658.64
237.96,191569.82
175.37,150174.2
156.06,136201.65

Montage_500_840.xml
259.39,205837.26
263.15,209060.09
202.01,168715.85
167.37,143943.86

Montage_500_841.xml
243.01,195254.86
249.7,199911.48
190.71,160773.01
168.91,144429.48

Montage_500_842.xml
252.55,201749.64
253.03,202112.35
195.57,164252.77
170.7,145544.13

Montage_500_843.xml
264.32,209527.57
266.25,211130.02
204.89,170840.7
172.42,146991.91

Montage_500_844.xml
235.5,189947.08
244.97,196355.38
191.16,161049.93
159.14,138281.48

Montage_500_845.xml
226.34,183624.96
233.64,187523.12
175.91,150586.96
155.21,135423.99

Montage_500_846.xml
239.96,193042.4
245.58,196935.48
188.57,159560.18
162.94,140720.58

Montage_500_847.xml
249.03,198898.13
252.99,201657.81
192.48,161938.82
161.42,139977.44

Montage_500_848.xml
235.85,190183.05
241.1,194029.13
186.51,157904.3
164.85,141837.17

Montage_500_849.xml
240.89,193549.8
242.72,194979.15
185.48,157331.79
161.18,139707.22

Montage_500_850.xml
260.61,207065.02
260.93,207404.76
208.37,172470.7
170.85,146039.64

Montage_500_851.xml
221.4,180547.56
230.24,186478.12
171.26,147489.03
152.7,133848.73

Montage_500_852.xml
225.48,182959.75
231.82,187409.23
170.85,147145.39
158.33,137438.74

Montage_500_853.xml
243.02,195233.77
248.73,199245.69
185.15,156891.32
165,141978.27

Montage_500_854.xml
271.57,214328.58
272.3,215159.83
211.95,175205.67
174.27,148535.09

Montage_500_855.xml
249.94,199883.99
246.55,197626.22
190.99,160708.87
164,141555.08

Montage_500_856.xml
233.21,188581.48
239.25,192751.06
177.39,151167.16
160.43,139148.86

Montage_500_857.xml
238.69,192021.47
242.34,194688.74
185.47,157377.1
163.65,141185.73

Montage_500_858.xml
265.69,210804.84
271.45,214556.29
206.56,171881.62
176.92,149945.64

Montage_500_859.xml
256.31,204439.19
261.55,207704.16
201.82,168225.72
166.46,143175.93

Montage_500_860.xml
246.84,197937.4
252.49,201835.81
193.13,162313.86
166.55,143107.15

Montage_500_861.xml
270.52,214090.38
270.99,214429.44
211.99,175128.47
175.31,149252.97

Montage_500_862.xml
227.91,185144.09
234.68,189724.34
177.88,151825.97
158.65,137936.13

Montage_500_863.xml
236.35,190436.35
236.87,191149.25
173.72,149218.07
158,137320.28

Montage_500_864.xml
241.36,193923.7
242.26,194671.41
179.4,152955.67
162.04,139914.64

Montage_500_865.xml
241.75,193963.82
245.82,196829.97
195.42,164173.85
162.13,140161.1

Montage_500_866.xml
262.11,207640.73
265.44,210573.71
202.44,168667.03
171.71,146471.78

Montage_500_867.xml
264,208960.55
265.81,210774.47
202.8,168823.62
170.23,145724.39

Montage_500_868.xml
262.03,208249.47
271.09,214089.58
205.93,171172.45
174.78,148615.37

Montage_500_869.xml
241.05,193734.18
246.15,197418.3
189.07,159670.65
161.76,140045.99

Montage_500_870.xml
233.01,188146.07
240.09,193159.49
173.29,148715.14
159.9,138594.8

Montage_500_871.xml
255.48,203360.85
257.36,204706.31
194.08,163220.77
173.48,147823.17

Montage_500_872.xml
231.37,187237.75
237.18,191304.42
179.4,153031.13
160.53,138904.55

Montage_500_873.xml
250.65,199973.85
246.44,197302.43
197.19,165076.06
167.28,143360.45

Montage_500_874.xml
227.72,184842.65
233.67,188726.76
182.93,155643.07
157,136470.96

Montage_500_875.xml
273.91,216388.36
283.26,222540.24
217.09,178863.03
180.09,152837.26

Montage_500_876.xml
237.99,191695.23
242.07,194387.55
180.1,153186.61
158.18,137769.72

Montage_500_877.xml
216.3,176976.68
223.2,181525.87
170.32,146867.42
149.04,131290.71

Montage_500_878.xml
241.42,193913.55
242.14,194597.62
185.92,157840.83
159.99,138986.8

Montage_500_879.xml
264.68,209917.29
269.88,213507.63
210.87,174615.41
176.74,149769.35

Montage_500_880.xml
238.4,191695.78
245.59,196340.88
185.99,157805
163.09,140663.1

Montage_500_881.xml
260.47,207290.07
269.45,212581.15
209.65,174225.52
174.84,148829.9

Montage_500_882.xml
227.44,184600.4
231.46,187446.11
169.71,146445.24
154.29,134932.56

Montage_500_883.xml
226.28,183872.05
232.23,187952.43
187.16,158399.81
154.1,134976.46

Montage_500_884.xml
262.62,208228.95
267.54,212143.45
209.97,174251.43
175.48,149172.05

Montage_500_885.xml
228.07,184751.54
232.18,187817.28
176.66,150964.35
161.44,139302.25

Montage_500_886.xml
229.49,186074.18
235.17,189926.81
178.67,152238.43
154.61,135050.88

Montage_500_887.xml
252.08,201109.59
256.19,203987.11
192.38,162367.75
169.08,144846.25

Montage_500_888.xml
266.59,211275.44
272.28,215219.23
207.91,172596.61
174.47,148884.96

Montage_500_889.xml
247.78,198436.24
256.97,204507.72
190.99,161246.04
172.53,147023.11

Montage_500_890.xml
221.15,180346.79
224.87,182948.36
180.6,153907.68
154.47,135031.03

Montage_500_891.xml
219,178680.9
223.1,181516.33
179.4,152662.31
152.2,133211.86

Montage_500_892.xml
255.69,203511.99
252.03,201113.89
194.04,162963.35
168.64,144594.24

Montage_500_893.xml
239.34,192774.67
236.75,190791.96
180.56,153897.49
160.27,138665.63

Montage_500_894.xml
268.75,212483.05
269.44,213450.87
206.63,171778.31
174.04,148282.48

Montage_500_895.xml
254.32,202588.54
254.95,203561.55
199.39,166939.48
168.07,144151.86

Montage_500_896.xml
230.23,186362.3
235.08,189911.52
179.32,152918.19
154.76,135194.32

Montage_500_897.xml
263.08,208494.94
270.03,213651.55
210.15,173777.5
173.52,147974.27

Montage_500_898.xml
247.72,198188.36
244.22,195941.69
189.11,159678.79
169.42,145041.76

Montage_500_899.xml
255.38,203724.32
262.52,208247.76
207.74,172508.46
174.27,148022.88

Montage_500_900.xml
256.76,204784.43
263.67,209465.89
197.58,165717.75
171.15,146403.39

Montage_500_901.xml
245.99,197084.85
242.45,194910.27
184.3,156481.74
163.61,141439.39

Montage_500_902.xml
245.01,196686.66
245.74,197080.63
191.35,161624.2
171.9,146739.67

Montage_500_903.xml
250.66,200249.52
251.62,201143.98
188.34,159395.97
171.08,146059.46

Montage_500_904.xml
245.74,197131
253.33,201591.65
195.75,164486.5
167.25,143755.49

Montage_500_905.xml
252.77,201708.66
259.28,206288.78
200.85,167666.19
168.48,144405.66

Montage_500_906.xml
263.33,209248.88
270.24,213966.58
211.51,174863.45
181.23,152697.06

Montage_500_907.xml
266.9,211150.3
270.34,213987.76
205.8,171277
173.58,148083.01

Montage_500_908.xml
276.04,217392.74
280.21,220747.45
216.7,178794.57
174.89,149170

Montage_500_909.xml
247.67,198331.35
248.88,199172.25
191.26,161401.85
168.74,144766.92

Montage_500_910.xml
238.92,192171.56
239.7,192939.01
175,150150.87
161.65,139509.96

Montage_500_911.xml
237.79,191611.01
236.85,191231.17
185.74,157632.96
161.14,139695.98

Montage_500_912.xml
226.85,184218.26
232.75,188402.7
181.21,154411.06
157.89,137149.44

Montage_500_913.xml
239.63,192706.83
244.55,196242.62
193.96,163096.55
162.74,140429.3

Montage_500_914.xml
264.55,210014.23
271.5,214707.26
210.58,174547.91
174.02,148301.44

Montage_500_915.xml
246.58,197717.81
250.33,200179.4
189.57,160202.36
162.45,140484.28

Montage_500_916.xml
241.04,193538.95
249.72,199826.62
188.4,159370.23
168.65,144340.25

Montage_500_917.xml
245.27,196692.05
245.74,197184.49
184.33,156326.47
162.85,140418.23

Montage_500_918.xml
220.02,179300.9
220.71,180107.96
177.36,151495.19
154.05,134408.12

Montage_500_919.xml
270.88,213735.34
274.72,216712.77
213.15,176551.93
176.03,149639.24

Montage_500_920.xml
252.06,201359.33
255.7,203625.42
192,161763.83
170.22,145339.17

Montage_500_921.xml
245.84,196883.21
251.67,201233.33
197.6,165681.17
167.52,143658.29

Montage_500_922.xml
254.73,203321.18
258.7,206067.05
195.56,164108.53
166.11,143158.95

Montage_500_923.xml
244.67,196059.01
246.02,197321.49
183.22,155427.83
163.9,141192.86

Montage_500_924.xml
239.36,192516.4
238.38,192214.25
190.97,160846.38
162.74,140408.18

Montage_500_925.xml
260.48,206772.86
268.07,212148.4
208.24,172560.78
175.38,149147.61

Montage_500_926.xml
241.94,194016.81
242.28,194768.91
181.55,154476.63
163.1,140747.27

Montage_500_927.xml
228.01,184844.71
229.91,186162.32
175.34,150388.87
154.52,135116.67

Montage_500_928.xml
223.72,181864.22
227.37,184558.02
181.25,154200.08
152.06,133139.09

Montage_500_929.xml
229.79,186276.85
236.86,191013.21
178.18,152587.16
157.94,137316.19

Montage_500_930.xml
252.96,202144.83
258.9,206212.66
200.94,168035.94
169.6,145231.17

Montage_500_931.xml
278.29,219034.54
280.08,220502.23
215.84,178019.08
178.74,151708.37

Montage_500_932.xml
242.04,194612.26
247.79,198586.25
184.86,156992.26
169.16,144757.7

Montage_500_933.xml
249.59,199232.25
253.41,202277.24
196.56,165073.08
165.22,142107.88

Montage_500_934.xml
257.03,204499.29
260.67,207381.12
193.93,162699.43
170.26,145631.73

Montage_500_935.xml
254.09,202489.71
258.26,205666.71
201.2,167739.13
167.59,143781.92

Montage_500_936.xml
258.29,205765.17
262.4,208581.13
205.36,170819.17
169.98,145666.7

Montage_500_937.xml
244.64,196037.19
240.94,193658.31
187.82,159001.82
166.17,142719.31

Montage_500_938.xml
271.01,214013.24
276.8,218384.71
209.62,173422.64
180.12,152575.55

Montage_500_939.xml
271.95,214550.74
272.45,215408.99
212.55,175449.73
175.95,149484.86

Montage_500_940.xml
265.66,210383.71
266.46,210931.29
204.62,170313.25
174.98,148705.99

Montage_500_941.xml
223.88,182192.33
229.53,185997.54
170.41,146825.51
153.61,134334.53

Montage_500_942.xml
241.51,194081.63
243.17,195421.92
189.64,160333.6
164.87,141990.73

Montage_500_943.xml
242.98,195071.83
242.02,194731.79
183.88,156268.25
165.33,142346.96

Montage_500_944.xml
232.98,188260
238.88,192406.95
174.62,150176.65
162.78,140686.72

Montage_500_945.xml
246.83,197833.35
252.72,202121.69
192.62,162044.3
168.08,143769.8

Montage_500_946.xml
244.45,195764.12
248.14,198758.35
192.95,162302.19
166.52,142849.22

Montage_500_947.xml
270.63,214129.62
276.44,218179.05
214.77,177288.53
180.5,152613.36

Montage_500_948.xml
251.33,200445.29
255.91,204150.53
200.23,167207.46
170.27,145614.2

Montage_500_949.xml
243.39,195345.25
247.66,198156.69
190.57,161030.78
162.38,140488.43

Montage_500_950.xml
245.52,196630.84
249.2,199396.02
189.03,159849.19
168.5,143873.41

Montage_500_951.xml
237.96,191687.1
239.78,193163.61
184.81,156714.81
158.42,137730.76

Montage_500_952.xml
229.27,185563.4
225.75,183322.06
182.41,154742.41
153.68,134577.81

Montage_500_953.xml
254.34,202729.77
262.55,208254.23
195.73,164607.77
169.98,145557.65

Montage_500_954.xml
251.75,201141.56
258.84,205544.7
191.8,161687.7
168.04,144296.62

Montage_500_955.xml
220.5,179852.98
221.29,180496.74
170.17,146658.55
154.71,135064.29

Montage_500_956.xml
246.51,197417.66
247.1,197840.82
184.04,156063.6
168.21,144286.03

Montage_500_957.xml
261.95,207745.44
262.9,208421.16
203.49,169345.95
168.52,144722.39

Montage_500_958.xml
245.26,196287.47
246.91,197763.64
186.74,157975.11
164.13,141522.21

Montage_500_959.xml
226.71,184224.25
232.59,187986.86
182.25,155193.8
161.33,139467.9

Montage_500_960.xml
215.09,176272.54
223.76,181766.46
171.66,147938.13
154.11,134449.98

Montage_500_961.xml
237.63,191500.23
243.44,195398.04
179.31,153416.47
161.82,139978.48

Montage_500_962.xml
268.04,212191.71
271.64,214667.83
209.05,173314.32
174.65,148462.51

Montage_500_963.xml
253.89,202624.22
257.5,204686.78
193.52,162574.98
166.46,142995.3

Montage_500_964.xml
240.27,193328.34
247.76,198221.61
183.75,155724.51
162.97,140770.79

Montage_500_965.xml
240.52,193463.57
245.27,196591.54
189.33,159886.51
168.71,144629.64

Montage_500_966.xml
253.61,202009.12
258.79,205616.51
205.58,171250.89
167.02,143844.12

Montage_500_967.xml
247.95,198148.85
252.33,201342.63
195.62,164075.29
162.71,140736.58

Montage_500_968.xml
231.67,187228.41
238.52,192304.3
184.16,156313.19
157.75,137033.84

Montage_500_969.xml
236.63,190649.64
237.21,191299.56
180.54,153535.85
164.11,141185.14

Montage_500_970.xml
234.08,188977.64
241.81,194417.57
178.41,152249.8
158.06,137369.02

Montage_500_971.xml
234.27,189280.56
241.3,193920.98
192.15,161951.8
159.27,138256.13

Montage_500_972.xml
242.01,194197.98
243.85,195860.47
185.17,157048.74
158.41,137821.11

Montage_500_973.xml
259.2,205995.47
255.47,203920.74
201.99,168503.2
169.37,145264.28

Montage_500_974.xml
253.57,201997.14
262.07,208114.57
200.87,167892.95
168.63,144658.23

Montage_500_975.xml
264.59,209472.35
271.17,214551.55
211.58,174725.55
175.26,149235.66

Montage_500_976.xml
223.76,182015.69
224.61,182585.24
182.65,155323.94
152.58,133452.56

Montage_500_977.xml
265.95,210915.11
268.4,212304.07
213.05,176201.54
180.69,152693.18

Montage_500_978.xml
261.45,207764.46
267.11,211678.72
205.63,171497.12
174.3,148328.9

Montage_500_979.xml
257.11,204551.85
260.64,207269.83
205.8,171096.14
166.88,143300.3

Montage_500_980.xml
250.51,199925.06
251.25,200791.61
196.34,164553.6
164.31,141741.11

Montage_500_981.xml
253.21,201990.8
257.5,205413.59
199.3,167073.8
170.54,145905.18

Montage_500_982.xml
235.1,189832.91
236.48,190849.11
181.03,154409.19
160.78,139384.6

Montage_500_983.xml
266.3,210657.78
266.95,211621.84
205.29,171026.75
173.79,148038.27

Montage_500_984.xml
231,186862.78
235.27,189895.67
175.81,150676.57
158.08,137545.76

Montage_500_985.xml
228.65,184991.83
225.17,182651.31
175.09,150240.86
156.41,136262.19

Montage_500_986.xml
270.42,213947.8
272.15,215104.19
212.37,175649.46
172.01,146869.29

Montage_500_987.xml
259.05,206136.44
267.62,212042.04
209.54,173790.02
175.8,149429.4

Montage_500_988.xml
240.22,193165.19
240.95,193842.72
182.84,155479.43
160.81,139403.56

Montage_500_989.xml
254.46,202729.29
258.44,206053.05
199.2,166935.58
166.8,143341.83

Montage_500_990.xml
233.65,188722.94
239.11,192526.6
185.86,157635.75
160.64,139268.59

Montage_500_991.xml
242.59,194719.98
249.79,199740.49
189.32,159780.98
164.71,141937.5

Montage_500_992.xml
242.96,194600.99
244.03,195936.48
182.35,154905.8
160.28,139189.34

Montage_500_993.xml
245.09,196630.04
240.75,193775.27
178.42,152680.96
166.58,142730.85

Montage_500_994.xml
250.81,200154.86
257.9,205360.95
202.7,169033.11
169.78,145258.57

Montage_500_995.xml
252.99,201948.85
258.22,205379.01
197.94,165876.17
167.39,143861.52

Montage_500_996.xml
237.9,191671.17
246.58,197466.34
187.04,158243.85
159.97,138725.49

Montage_500_997.xml
226.46,183745.65
227.2,184380.26
174.01,149204.49
153.32,134243.8

Montage_500_998.xml
262.41,208320.38
262.93,208776.59
201.18,167870.81
177.07,149975.14

Montage_500_999.xml
229.92,186040.02
225.5,183251.85
176.28,150914.95
154.56,135269.59

Montage_500_1000.xml
246.49,197595.23
247.07,197662.72
188.83,159795.53
166.47,142871

