Montage_700_1.xml
376.67,301089.61
373.7,298625.78
287.63,241473.71
246.59,212314.67

Montage_700_2.xml
319.04,261065.68
315.08,259246.24
256.94,220206.87
217.16,192516.72

Montage_700_3.xml
358.84,288306.61
361.33,290218.61
273.91,232463.59
235.47,204660.79

Montage_700_4.xml
365,292642.02
360.92,290649.51
277.01,234721.67
244.13,210156.56

Montage_700_5.xml
369.13,295162.4
365.2,293411.01
273.68,232216.5
239.43,207848.08

Montage_700_6.xml
352.27,284492.74
348.46,281243.07
271.15,230302.03
231.62,202274.32

Montage_700_7.xml
356.12,287148.04
352.68,283807.65
272.63,231275.47
235.05,204783.37

Montage_700_8.xml
358.73,288801.03
355.82,286438.77
269.24,228247.8
237.04,206010.45

Montage_700_9.xml
322.9,264345.12
320.37,262428.62
244.53,211859.8
212.72,189682.28

Montage_700_10.xml
360.27,289837.43
358.17,287803.69
274.88,232445.17
232.85,203388.66

Montage_700_11.xml
326.68,266554.74
322.25,263969.09
240.38,209251.55
215.14,191199.05

Montage_700_12.xml
359.58,289066.49
355.43,286921.03
273.1,231545.18
242.58,209656.74

Montage_700_13.xml
351.21,282913.74
347.77,281010.95
259.72,222215.33
233.53,203433.44

Montage_700_14.xml
312.6,256961.35
319.9,261457.99
255.19,219196.66
213.22,189719.81

Montage_700_15.xml
369.89,295515.92
367.35,294507.74
284.21,238946.23
242.91,210002.53

Montage_700_16.xml
371.69,296934.92
373.82,298667.91
285.98,240002.11
242.03,209131.45

Montage_700_17.xml
307.91,254005.19
307.12,253808.97
247.61,213700.7
211.43,188191.21

Montage_700_18.xml
336.56,273711.25
336.24,273664.59
246.55,213260.07
225.9,198520.91

Montage_700_19.xml
347.62,280719.11
343.86,278952.01
267.72,227244.88
225.89,198641.31

Montage_700_20.xml
324.38,265471.9
330.12,269444.13
240.57,209313.1
213.37,189919.1

Montage_700_21.xml
337.96,274344.38
339.19,275214.83
252.91,217735.12
221.95,195910.34

Montage_700_22.xml
353.78,285475.14
353.32,285417.99
276.58,233842.17
229.13,200330.84

Montage_700_23.xml
349.54,282683.54
346.41,280300.76
258.72,221463.25
227.77,199581.28

Montage_700_24.xml
315.77,259516.59
317.33,260478.09
234.37,205475.99
210.42,187952.9

Montage_700_25.xml
350.1,282234.41
355.98,286428.76
252.88,217733.18
230.71,201661.25

Montage_700_26.xml
343.59,278525
349.71,281842.61
255.85,219942.11
224.31,197567.24

Montage_700_27.xml
367.32,294139.05
367.37,294922.5
284,238936.66
238.09,206739.26

Montage_700_28.xml
324.96,265865.76
326.63,266022.98
245.08,212155.65
227.42,198643.42

Montage_700_29.xml
353.52,284845.79
353.6,285544.78
264.84,225637.27
234.1,204004.38

Montage_700_30.xml
346.57,280222.77
343.06,278234.46
252.24,216846.66
229.5,201007.94

Montage_700_31.xml
369.29,295461.69
370.59,296579.59
279.38,235968.36
241.71,209348.13

Montage_700_32.xml
362.73,291225.21
365.02,293344.57
274.29,232309.87
240.54,208394.08

Montage_700_33.xml
314.74,258768.56
320.79,262574.62
250.39,215673.02
214.99,190893.42

Montage_700_34.xml
371.58,297642.77
373.36,298498.81
280.53,236925.86
241.76,209135.84

Montage_700_35.xml
357.61,288133.55
364.25,292535.75
268.66,228510.89
233.27,203471.15

Montage_700_36.xml
357.47,287554.37
357.51,287684.33
262.48,224232.11
235.79,205157.66

Montage_700_37.xml
326.25,266738.14
327.95,267655.13
240.32,209187.07
215.98,191392.94

Montage_700_38.xml
350.68,283411.3
352.5,284758.15
263.9,225060.34
231.29,202371.73

Montage_700_39.xml
347.11,281179.93
348.04,281239.85
269.52,229040.84
231.64,202421.65

Montage_700_40.xml
358.54,288601.46
364.82,292433.74
273.58,232481.75
231.7,202392.29

Montage_700_41.xml
375.25,300085.92
372.67,297913.92
288.03,241799.86
240.22,208067.7

Montage_700_42.xml
322.49,263939.66
319,261942.64
234.61,205340.97
219.18,193799.15

Montage_700_43.xml
353.17,284437
349.59,282730.17
271.9,230348.79
229.06,200158.45

Montage_700_44.xml
337.73,274385.22
339.22,275408.69
258.72,221553.71
228.34,199581.48

Montage_700_45.xml
357.65,288036.19
360.81,290227.99
267.83,227815.08
238.3,207074.14

Montage_700_46.xml
346.34,280377.14
342.74,278173.54
263.13,224450.07
227.18,199446.22

Montage_700_47.xml
346.09,280319.75
347.97,281622.2
267.66,227904.83
225.84,198323.68

Montage_700_48.xml
368.4,295093.19
364.96,292612.15
273.58,231828.7
239.35,207487.03

Montage_700_49.xml
300.31,248585.4
306.78,253158.36
228.99,201473.98
208.26,186467.07

Montage_700_50.xml
368.52,295562.82
368.33,295052.51
284.81,239502.11
239.67,207670.08

Montage_700_51.xml
315.73,259556.71
311.64,256916.86
258.32,220676.77
215.9,191319.94

Montage_700_52.xml
349.19,282275.2
350.54,283302.83
268.27,228199.95
235.66,204978.64

Montage_700_53.xml
345.85,280112.33
347.66,281043.35
261.94,223861.62
227.09,199282.75

Montage_700_54.xml
356.16,287008.46
359.17,288756.91
271.91,230828.67
230.84,202001.77

Montage_700_55.xml
352.81,284803.05
350.71,283100.16
265.86,226847.38
232.89,203315.15

Montage_700_56.xml
337.17,273705.07
332.97,271454.23
252.72,217593.95
224.61,197649.69

Montage_700_57.xml
339.36,275139.22
340.37,276481.66
253.5,217998.68
230.67,201678.06

Montage_700_58.xml
341.18,276860.39
341.49,277226.87
254.74,219271.5
222.09,195542.65

Montage_700_59.xml
331.34,269868.63
327.01,267485.12
254.81,219047.83
219.95,194413.5

Montage_700_60.xml
361.14,290381.57
357.66,287634.33
268.66,228445.6
238.2,206693.31

Montage_700_61.xml
331.47,270111.57
332.76,270941.71
244.33,211820.09
221.86,195822.58

Montage_700_62.xml
374.34,298967.47
374.76,299434.04
285.87,240111.06
241.89,209299.87

Montage_700_63.xml
359.66,289202.08
361.02,290654.81
274.27,232099.83
234.26,204285.33

Montage_700_64.xml
303.13,250933.89
300.26,248631.4
230.21,202029.52
208.86,186585.93

Montage_700_65.xml
348.48,281589.74
348.58,281788.73
252.6,217784.6
229.51,200795.56

Montage_700_66.xml
344.84,279105.05
340.22,276508.83
270.84,229789.03
224.9,197760.79

Montage_700_67.xml
350.06,282460.56
351.5,283501.33
268.32,228586.38
234.44,204053.25

Montage_700_68.xml
309.54,255278.44
307.28,253752.16
237.77,207304.33
211.12,188414.96

Montage_700_69.xml
357.21,287638.4
358.18,288354.62
268.34,228343
236.58,205145.64

Montage_700_70.xml
352.96,284471.38
349.07,282093.76
264.4,225740.48
234.47,203715.77

Montage_700_71.xml
381.23,304139.25
380.04,303062.34
290.33,243209.44
247.81,213110.81

Montage_700_72.xml
359.78,289082.63
360.84,289962.38
274.75,232848.68
235.99,205349.45

Montage_700_73.xml
362.39,290655.76
363.02,291180.97
281.38,236978.12
239,206879.35

Montage_700_74.xml
355.49,286101.16
354.77,285823.77
272.21,230631.67
239.23,207671.68

Montage_700_75.xml
373.2,298366.34
374.81,299529.97
285.7,240472.48
241.38,209261.41

Montage_700_76.xml
318.68,260965.73
324.47,265316.91
238.18,207148.57
213.88,190243.75

Montage_700_77.xml
333.1,271058.8
334.02,271740.22
250.42,216309.28
218.61,193347.39

Montage_700_78.xml
350.8,282742.63
346.86,280436.82
262.43,223559.39
230.08,201207.44

Montage_700_79.xml
355.9,286605.67
363.1,291759.39
267.29,227709.31
236.99,205582.83

Montage_700_80.xml
351.85,284208.68
354.53,286068.84
274.72,232787.03
231.1,201846.73

Montage_700_81.xml
333.67,271481.19
339.78,275837.66
256.71,220241.38
219.23,194202.14

Montage_700_82.xml
356.42,286765.77
362.35,290735.94
274.27,232153
235.89,204916.94

Montage_700_83.xml
337.44,273975.3
340.6,276179.82
247.25,213968.36
226.46,198603.84

Montage_700_84.xml
359.71,289141.7
357.72,287988.54
268.96,229417.8
238.92,206758.29

Montage_700_85.xml
341.43,276483.29
342.82,277793.73
260.39,222911.73
227.09,199083.08

Montage_700_86.xml
347.54,280666.76
348.51,281417.75
273,231649.74
229.82,200829.62

Montage_700_87.xml
356.46,287140.31
358.01,287467.37
278.83,235979.86
239.54,206908.4

Montage_700_88.xml
328.71,268087.93
336.06,272687.41
252.44,217275.84
222.09,195563.49

Montage_700_89.xml
360.12,289926.65
356.95,287379.82
274.82,232760.18
243.49,209578.2

Montage_700_90.xml
344.19,278852.37
345.05,279104.15
261.5,223445
223.04,196755.92

Montage_700_91.xml
358.84,288998.45
354.71,286196.14
268.22,228751.75
241.36,208653.9

Montage_700_92.xml
348.09,281211.06
350.21,282799.65
263.48,224811.25
225.28,197984.07

Montage_700_93.xml
327.04,267026.64
323.5,265019.63
246.95,213346.84
218.02,192791.3

Montage_700_94.xml
351.88,284213.64
348.16,281825.95
276.09,233662.49
234.1,204068.21

Montage_700_95.xml
340.09,275944.36
343.26,277938.35
258.9,222541.43
229.68,200718.83

Montage_700_96.xml
366.88,294657.76
363.1,291645.66
283.35,238564.41
241.25,208998.55

Montage_700_97.xml
326.57,266601.31
324.02,265368.26
247.03,213592.36
221.84,195429.2

Montage_700_98.xml
343.74,278716.21
342.25,277438
261.35,223387.78
227.94,199549.07

Montage_700_99.xml
346.1,280010.43
345.73,279649.39
262.37,224019.31
227.58,199803.49

Montage_700_100.xml
337.38,274210.92
344.6,279034.89
262.97,224671.55
224.32,197316.03

Montage_700_101.xml
392.4,311403.99
393.58,312180.74
296.15,247704.31
252.48,216349.12

Montage_700_102.xml
318.58,261112.29
318.67,260775.7
237.8,207204.42
211.35,188691.34

Montage_700_103.xml
339.12,275095.67
341.46,276963.63
262.75,224585.85
225.22,197842.06

Montage_700_104.xml
339.39,275540.31
340.94,276704.56
263.49,224872.23
227.48,199554.14

Montage_700_105.xml
307.32,253334.69
307.3,253888.23
230.2,202538.43
214.11,190339.37

Montage_700_106.xml
325.82,266466.62
325.54,266365.84
239.63,208958.46
214.97,191212.75

Montage_700_107.xml
315.85,259510.52
318.96,261573.51
236.39,206638.13
211.99,189053.89

Montage_700_108.xml
364.19,292062.39
363.89,292572.86
284.89,239930.08
236.63,205761.92

Montage_700_109.xml
330.8,269763.84
327.15,267261.03
238.78,208139.27
223.23,196274.92

Montage_700_110.xml
339.26,275656.28
340.42,276133.68
261.68,223518.31
223.6,197104.23

Montage_700_111.xml
347.38,281016.74
344.73,278591.67
257.88,220858.88
231.1,202008.46

Montage_700_112.xml
301.12,249457.08
301.71,249293.03
242.46,210690.22
203.1,182916.1

Montage_700_113.xml
335.07,272255.71
341.08,276754.34
256.94,220553.14
223.51,196711.88

Montage_700_114.xml
311.13,256376.51
310.69,256172.94
249.06,214881.48
213.81,190165.79

Montage_700_115.xml
354.39,285743.84
353.53,285364.32
271.67,230555.18
240.24,207773.73

Montage_700_116.xml
359.36,289170.86
362.82,291431.66
269.18,229465.21
232.27,203087.99

Montage_700_117.xml
324.87,265116.07
330.95,269592.7
240.44,209117.98
214.64,190942.26

Montage_700_118.xml
330.2,268876.41
332.59,270275.17
242.98,210683.89
217.87,193041.05

Montage_700_119.xml
340.69,276497.2
342.03,276983
264.39,225671.58
224.78,197656.7

Montage_700_120.xml
324.61,265220.49
325.19,265920.8
246.51,213121.05
216.96,192294.5

Montage_700_121.xml
311.37,256633.79
307.83,254377.17
232.72,203874.72
212.87,189412.39

Montage_700_122.xml
304.6,251788.98
300.9,249447.85
233.88,204996.6
204.64,183874.52

Montage_700_123.xml
327.2,267206.01
323.75,265222.69
247.8,214240.55
218.57,193327.42

Montage_700_124.xml
331.28,270144.21
334.91,272351.14
243.5,210859.04
217.01,192678.57

Montage_700_125.xml
349.1,282199.73
352.36,283996.16
269.09,228991.87
230.72,201454.24

Montage_700_126.xml
352.52,284504.92
359.22,289153.91
265.13,226366.61
235.99,204715.88

Montage_700_127.xml
305.48,252438.54
301.81,250344.08
229.1,201398.63
205.04,184363.09

Montage_700_128.xml
355.15,286398.52
361.32,290482.03
278.13,235490.17
238.85,206637.21

Montage_700_129.xml
324.41,265172.39
321.17,263027.97
244.87,212650.01
216.95,192484.49

Montage_700_130.xml
381.27,303794.24
382.59,304766.98
291.39,243597.69
244.9,211774.9

Montage_700_131.xml
319.14,261859.73
320.7,262377.29
236.4,206342.78
216.13,191541.61

Montage_700_132.xml
347.11,280933.16
343.64,278442.83
257.82,220772.97
229.74,201267.03

Montage_700_133.xml
346.19,279850.92
348.13,281370.81
262.32,224332.78
230.6,201441.96

Montage_700_134.xml
364.19,292632.78
371.3,296917.04
282.34,237999.69
236.46,205448.98

Montage_700_135.xml
348.24,281586.74
352.42,284476.43
263.57,224762.05
231.57,202185.27

Montage_700_136.xml
330.42,269396.66
331.21,269708.3
247.13,213529.44
222.67,196222.87

Montage_700_137.xml
353.89,285539.38
360.87,290237.24
266.41,226777.08
228.2,200211.24

Montage_700_138.xml
312.35,257164.28
312.63,256844.89
235.13,205374.18
207.5,185871.23

Montage_700_139.xml
326.01,266195.36
327.33,267223.67
239.53,208370.04
217.71,192884.63

Montage_700_140.xml
328.48,268270.55
329.65,268769.12
253.03,217872.56
215.23,191371.13

Montage_700_141.xml
377.52,301100.92
378.34,301872.22
283.54,238876.75
244.52,211305.73

Montage_700_142.xml
375.66,300364.01
377.07,300414.35
288.43,241838.85
243.7,210453.96

Montage_700_143.xml
372.61,297534.53
370.42,296227.37
280.87,236989.85
238.94,207273.11

Montage_700_144.xml
337.2,273733.03
338.08,274518.51
251.21,216507.13
220.69,195071.3

Montage_700_145.xml
364.21,292629.01
360.51,290275.49
282.63,238234.35
234.53,204590.88

Montage_700_146.xml
327.19,266950.06
329.45,267885.51
241.5,209646.24
216.74,192216.52

Montage_700_147.xml
355.05,285813.74
368.44,295012.02
272.45,231381.23
236.86,205845.82

Montage_700_148.xml
350.72,283002.33
352.05,284457.85
264.44,226100.85
233.41,203012.71

Montage_700_149.xml
324.21,265228.67
325.61,266054.49
240.26,208705.72
215.25,191344.69

Montage_700_150.xml
357.43,288078.31
359.25,288886.17
278.61,236043.46
231.18,201834.97

Montage_700_151.xml
345.4,279310.43
342.75,277359.81
270.84,230362.79
224.78,197776.09

Montage_700_152.xml
312.09,256656.04
313.04,257477.81
229.94,201796.38
211.25,188568.61

Montage_700_153.xml
333.67,271326.54
335.58,272854.71
250.57,216402.27
229.76,200249.12

Montage_700_154.xml
313.63,257672.22
310.25,255661.82
249.73,215269.54
207.68,186177.85

Montage_700_155.xml
373.42,297885.74
374.72,299968.81
281.3,237806.09
242.35,209313.66

Montage_700_156.xml
313.85,258205.06
315.63,259300.16
235.75,205556.91
214.97,190961.55

Montage_700_157.xml
364.55,292924.45
365.29,293126.5
276.48,233750.29
240.05,207933.83

Montage_700_158.xml
337.79,274039.84
333.92,272122.41
258.2,221357.96
228.14,199656.98

Montage_700_159.xml
357.45,287476.59
356.64,287190.99
268.09,227832.75
233.07,203472.87

Montage_700_160.xml
335.93,272948.5
331.89,270678.9
254.43,218715.28
223.38,196657.01

Montage_700_161.xml
340.52,276073.48
337.16,273858.67
259.38,222220.17
224.56,197630.48

Montage_700_162.xml
352.89,284899
354.44,285996.36
265.77,227318.49
232.78,203161.14

Montage_700_163.xml
360.05,289818.14
360.27,290036.95
275.55,233546.91
236.89,206031.42

Montage_700_164.xml
342.9,277535.7
342.43,277399.23
264.81,225776.68
228.81,199786.27

Montage_700_165.xml
330.59,269717.9
332.04,270407.1
249.37,215049.6
222.98,195921.4

Montage_700_166.xml
377.87,301316.73
375.35,299713.14
289.16,241619.01
241.14,208687.59

Montage_700_167.xml
377.9,301834.18
379.28,302322.94
288.85,242338.45
247.2,212926.11

Montage_700_168.xml
335.05,272754.51
331.53,270504.12
250.68,216111.53
225.17,197609.68

Montage_700_169.xml
321.6,263246.03
322.91,263930.6
245.12,212330.58
211.92,189190.74

Montage_700_170.xml
321.49,263196
321.6,263493.04
234.66,205847.46
215.8,191326.44

Montage_700_171.xml
362.05,291119.41
363.55,292289.32
276.63,234170.46
233.68,203932.06

Montage_700_172.xml
322.03,263814.18
318.5,260943.23
243.89,211203.61
215.61,191517.31

Montage_700_173.xml
343.04,278153.85
343.78,278336.98
261.26,223539.48
224.35,197613.63

Montage_700_174.xml
340.35,276140.27
342.74,277778.76
249.74,215485.42
222.68,195846.67

Montage_700_175.xml
373.53,298747.19
376.91,300676.29
287.33,241391.66
238.94,207268.21

Montage_700_176.xml
341.21,276896.3
344.02,278417.58
260.19,222611.33
225.15,197957.93

Montage_700_177.xml
309.52,255106.37
309.56,255343.85
246.05,212515.86
214.33,190296.32

Montage_700_178.xml
368.82,295395.41
368.48,295689.74
278.53,235825.01
239.62,207835.26

Montage_700_179.xml
362.61,291537.81
359.06,288931.06
270.81,229775.96
233.48,203568.63

Montage_700_180.xml
364.07,291863.92
365.18,292826.92
276.92,234175.15
239.57,207234.24

Montage_700_181.xml
347.94,281635.68
346.63,280349.94
262.82,224430.15
226.64,198925.31

Montage_700_182.xml
365.98,293160.52
362.7,291081.63
282.55,238152.09
234.08,204315.13

Montage_700_183.xml
367.57,294330.66
368.4,295625.85
284.26,239151.19
241.19,208515.22

Montage_700_184.xml
316.9,260098.89
318.43,260771.61
239.62,208607.76
214.8,190417.19

Montage_700_185.xml
374.95,299367.26
376.37,300343.45
287.44,241231.55
239.27,207485.16

Montage_700_186.xml
327.68,267658.51
331.42,270068.24
237.4,207009.37
220.17,194552.28

Montage_700_187.xml
341.18,276709.05
344.12,278576.11
254.24,218792.13
226.38,198554.94

Montage_700_188.xml
328.77,267903.45
329.56,268567.7
242.65,210080.37
220.02,194451.2

Montage_700_189.xml
349.37,282313.42
345.27,279768.58
258.35,221092.87
230.41,201700.58

Montage_700_190.xml
372.53,298238.34
373.43,298413.09
280.81,237398.37
239.42,207960.29

Montage_700_191.xml
363.09,291015.73
363.31,291544.74
270.84,229796.74
237.47,206434.58

Montage_700_192.xml
346.49,280406.48
347.95,281212.92
261.92,223966.34
232.6,203060.09

Montage_700_193.xml
336.45,272981.04
337.56,273986.97
252.07,217277.34
224.3,197360.11

Montage_700_194.xml
333.64,271570.24
330.23,269365.43
247.8,214062.08
224.83,197730.35

Montage_700_195.xml
348.01,281323.15
349.94,282442.5
268.62,228375.28
232.82,203157.8

Montage_700_196.xml
357.24,287159.56
353.29,285344.99
278.4,235301.92
232.21,202912.45

Montage_700_197.xml
349.13,281822.24
345.09,279638.41
263.67,225114.21
230.61,201639.35

Montage_700_198.xml
351.2,283659.66
357.04,287222.47
258.36,221289.77
229.44,200840.15

Montage_700_199.xml
314.86,258755.41
316.69,259716.93
231.14,202479.25
215.1,190911.58

Montage_700_200.xml
321.78,263347.86
328.14,267616.36
238.93,208155.43
215.95,191633.06

Montage_700_201.xml
301.81,249932.94
304.75,251570.28
241.22,210044.27
205.44,184377.9

Montage_700_202.xml
352.47,284586.19
354.19,285741.99
275.7,233334.05
232.03,202146.47

Montage_700_203.xml
361.09,289972.05
360.74,290159.18
264.69,225528.22
233.25,203389.76

Montage_700_204.xml
320.7,262779.42
323.65,264388.82
245.55,212478.33
219.09,194014.09

Montage_700_205.xml
384.81,306083.14
391.82,310525.42
292.78,244608.45
250.68,215492.86

Montage_700_206.xml
352.42,284589.61
355.72,286478.68
259.99,222565.02
232.63,202748.05

Montage_700_207.xml
326.53,266776.57
323.39,264588.44
243.5,211109.81
215.44,191406.86

Montage_700_208.xml
334.41,272330.98
336.15,273093.82
251.85,216909.78
223.86,197355.07

Montage_700_209.xml
323.2,264596.12
319.69,262340.68
238.14,208103.08
219.22,193837

Montage_700_210.xml
362.57,291024.38
363.82,292042.01
275.47,233480.35
238.13,206581.93

Montage_700_211.xml
363.57,292207.22
360.96,290137.78
271.1,230370.71
234.39,203765.38

Montage_700_212.xml
329.69,268816.07
329.54,268767.88
249.06,214961.81
223.53,196892.49

Montage_700_213.xml
355.28,286036.69
361.64,290915.54
277.45,233844.43
229.98,201028.34

Montage_700_214.xml
375.57,300326.76
378.24,301763.54
287.37,241455.16
240.14,208446.63

Montage_700_215.xml
349,281723.89
345.89,279724.9
274.89,232721.89
230.53,201623.42

Montage_700_216.xml
309.67,255414.39
316.35,259364.68
248.87,214633.23
211.46,188661.14

Montage_700_217.xml
379.25,302702.19
380.74,303486.33
289.52,242588.71
246.13,212421.91

Montage_700_218.xml
356.22,287271.35
355.93,287222.26
267.76,228139.85
233.52,203501.19

Montage_700_219.xml
316.78,259946.05
316.31,260002.84
234.49,205294.57
214.8,190472.21

Montage_700_220.xml
368.98,295805.29
370.25,296818.98
283.71,239053.39
240.65,208243.52

Montage_700_221.xml
355.86,286438.48
357.12,287820
271.99,231154
231.81,202638.2

Montage_700_222.xml
339.97,275791.6
342.06,277387.59
252.02,216354.19
221.82,195515.79

Montage_700_223.xml
355.47,286670.91
351.2,283883.97
263.21,224497.11
230.05,201462.69

Montage_700_224.xml
334.11,272057.97
341.09,275876.08
245.92,212556.51
221.52,195602.33

Montage_700_225.xml
340.72,276398.72
342.45,277321.64
254.36,218967.35
226.88,198699.53

Montage_700_226.xml
335.2,272748.07
336.69,273556.72
253.14,217904.68
222.28,196054

Montage_700_227.xml
308.28,254055.84
307.84,254183.05
247.14,213400.3
217.12,192125.52

Montage_700_228.xml
339.25,275492.59
341.28,276903.34
263.11,224668.3
223.16,196708.05

Montage_700_229.xml
373.83,298716.74
372.68,298100.71
281.33,237093.46
248.94,214264.57

Montage_700_230.xml
320.54,262479.78
326.95,267093.25
239,208646.66
213.15,189650.25

Montage_700_231.xml
340.68,276434.08
336.81,273521.38
255.84,219402.47
222.62,195703.8

Montage_700_232.xml
338.04,274732.24
337.22,274336.84
258.24,221225.42
222,195601.38

Montage_700_233.xml
352.76,284840.92
353.73,285106.94
271.24,230404.95
229.6,201004.08

Montage_700_234.xml
335.38,272451.16
337.87,274127.21
257.07,220761.62
219.91,194204.28

Montage_700_235.xml
312.34,257174.06
312.17,257179.05
232.28,203881.4
210.94,188226.67

Montage_700_236.xml
340.38,276284.63
336.86,274046.63
248.56,214673.38
223.06,196766.39

Montage_700_237.xml
332.25,270436.57
333.59,271510.11
249.58,215138.29
223.75,197071.16

Montage_700_238.xml
340.77,276499.45
344.12,278461.82
259.84,222503.36
226.41,198575.78

Montage_700_239.xml
354.33,285746.19
354.48,286001.57
271.81,231222.45
229.67,200971.36

Montage_700_240.xml
332.13,270303.12
328.07,268145.82
255.23,219529.57
224.94,197831.08

Montage_700_241.xml
341.69,277188.19
344.52,278197.05
267.1,227193.49
228.05,199921.45

Montage_700_242.xml
364.12,292427.4
368.63,294968.46
276.84,234178.49
235.95,205398.09

Montage_700_243.xml
352.81,284696.82
354.03,285554.47
272.43,230996.97
232.8,202930.27

Montage_700_244.xml
339.31,275622.26
340.76,276777.77
258.91,222274.09
222.05,196051.65

Montage_700_245.xml
322.15,264005.07
324.84,265964.91
238.98,208161.77
220.43,194630.01

Montage_700_246.xml
340.05,276073.09
341.37,276305.12
263.73,224812.82
227.75,199587.85

Montage_700_247.xml
352.62,284244.98
353.91,285451.04
269.73,229095.12
229.76,200977.05

Montage_700_248.xml
307.09,253637.76
308.58,254485.26
227.29,200230.31
206.14,184932.13

Montage_700_249.xml
338.08,274560.41
334.41,272012.63
258.6,221465.84
226.12,198306.41

Montage_700_250.xml
351.63,284161.15
353.02,284529.92
265.16,226250.26
230.17,201127.75

Montage_700_251.xml
309.23,254699.81
312.02,256297.92
228.68,201159.69
219.11,193757.91

Montage_700_252.xml
318.02,261026.35
321.35,263301.69
237.83,207513.86
213.57,189977.76

Montage_700_253.xml
344.51,278648.33
340.56,276388.57
265.88,226879.07
226.03,198301.55

Montage_700_254.xml
359.09,288611.96
362.16,290803.4
279.7,236636.27
233.63,203357.16

Montage_700_255.xml
345.37,279744.84
346.77,280440.32
262.43,224512.31
233.56,203093.36

Montage_700_256.xml
321.97,263765.96
328.48,267967.5
243.07,210762.58
216.84,191930.95

Montage_700_257.xml
365.22,293378.01
360.93,290005.14
282.87,238192.03
236.7,205893.09

Montage_700_258.xml
345.55,279745.41
345.61,279302.26
267.84,227886.04
225.3,198115.24

Montage_700_259.xml
322.45,263302.31
325.32,265776.52
242.44,210428.29
217.5,192727.17

Montage_700_260.xml
325.02,265765.31
331.16,270006.46
239.51,208801.22
222.95,196205.79

Montage_700_261.xml
328.79,268344.4
335.78,272871.85
243.17,210691.97
218.66,193288.96

Montage_700_262.xml
366.29,293261
367.27,294256.11
283.22,238199.09
240.41,208370.81

Montage_700_263.xml
341.7,277254.84
348.57,281859.66
265.65,226064.14
223.52,196756.07

Montage_700_264.xml
354.33,285251.23
356.48,286815.51
277.66,234830.07
232.56,202875.39

Montage_700_265.xml
303.4,251022.47
309.55,255208.6
230.91,202571.84
213.22,189203.61

Montage_700_266.xml
351.59,283319.84
351.48,283418.19
265.32,226478.28
231.72,202274.8

Montage_700_267.xml
342.83,278011.58
345.16,278502.13
266.49,226892.79
225.82,198204.58

Montage_700_268.xml
372.2,297558.09
374.58,299547.56
280.99,237383.84
240.11,207589.31

Montage_700_269.xml
347.94,281523.96
344.32,279160.88
263.55,224845.77
233.29,203033.66

Montage_700_270.xml
358.62,288805.42
361.81,291064.45
274.14,232260.38
231.76,202337.7

Montage_700_271.xml
361.01,290520.83
364.42,292807.79
275.9,233500.95
233.33,203158.77

Montage_700_272.xml
358.15,288387.2
354.8,285873.84
262.95,224485.1
237.48,205802.4

Montage_700_273.xml
335.83,272814.46
336.81,273821.09
245.89,212840.26
227.25,199310.38

Montage_700_274.xml
350.03,282720.74
345.9,280407.55
269.53,229428.84
235.87,205109.38

Montage_700_275.xml
341.81,277246.65
338.07,274958.58
260.33,222773.26
226.69,198665.56

Montage_700_276.xml
334.79,272409.01
336.27,273331.66
248.94,215138.21
225.73,198033.72

Montage_700_277.xml
340.96,276610.36
347.23,280935.56
259.88,222590.69
226.16,198369.75

Montage_700_278.xml
347.08,280352.98
343.07,278161.6
262.53,224436.54
230.9,201656.97

Montage_700_279.xml
356.15,286625.1
351.82,284337.74
272.28,230927.7
234.15,203818.42

Montage_700_280.xml
377.34,301616.03
379.69,303226.07
288.58,242040.57
239.89,208274.51

Montage_700_281.xml
324.42,265471.62
327.24,266745.02
235.8,206043.68
216.24,191869.05

Montage_700_282.xml
349.95,282926.94
349.99,283061.63
264.92,226153.3
232.6,202820.47

Montage_700_283.xml
374.07,299088.69
377.06,301313.06
286.26,240546.75
240.23,207768.71

Montage_700_284.xml
342.43,277158.53
343.22,277854.89
258.79,221524.83
223.89,197053.13

Montage_700_285.xml
321.3,263186.53
322.14,263702.73
234.45,205152.09
215.51,191517.52

Montage_700_286.xml
315.43,259206.76
311.51,256831.22
251.47,216352.37
209.37,186818.76

Montage_700_287.xml
350.59,283225.83
352.03,284011.42
270.49,229981.2
232.5,202748.31

Montage_700_288.xml
339.62,275714.81
342.43,277193.52
264.7,226154.5
227.75,199729.24

Montage_700_289.xml
357.15,287802.42
359.01,288724.31
278.15,235263.23
236.37,205697.79

Montage_700_290.xml
334.77,272131.68
340.71,275800.88
246.21,213560.72
221.85,195782.23

Montage_700_291.xml
309.02,254405.13
310.27,255462.21
236.18,206110.17
215.89,191397.65

Montage_700_292.xml
350.83,283542.98
348.57,281214.26
264.58,225985.23
227.8,199461.59

Montage_700_293.xml
315.97,259574.42
322.02,263632.09
241.77,210043.98
212.36,189296.61

Montage_700_294.xml
300.87,249371.59
302.7,251007.89
224.16,198533.55
207.56,185841.62

Montage_700_295.xml
374.36,299406.28
376.08,300421.26
281.88,237453.29
245.16,211259.74

Montage_700_296.xml
349.82,282241.55
352.33,283960.03
269.77,229674.73
231.2,202105.52

Montage_700_297.xml
372.86,298151.78
374.54,298979.75
286.32,240479.61
239.33,207530.35

Montage_700_298.xml
338.92,275269.2
335.29,273035.93
247.93,213869
227.37,199281.48

Montage_700_299.xml
329.34,268762.64
332.15,270358.84
238.23,208016.58
217.43,192413.78

Montage_700_300.xml
310.73,255857.98
313.3,257438.2
233.09,203766.81
211.64,188619.29

Montage_700_301.xml
340.68,276487.81
346.47,280152.2
254.24,218712.77
223.01,196652.82

Montage_700_302.xml
353.17,285009.14
356.14,286556.83
271.69,230670.21
233.93,203971.16

Montage_700_303.xml
333.34,271533.25
334.84,272638.79
250.6,216149.39
219.4,193914.73

Montage_700_304.xml
308.99,254912.49
306.22,252773.51
248.41,214204.3
207,185322.03

Montage_700_305.xml
343.09,278130.55
344.81,279039.78
261.27,223433.51
227.65,199477.73

Montage_700_306.xml
341.21,276741.79
344.41,279025.72
268.22,228161.44
223.31,196620.9

Montage_700_307.xml
361.42,290766.52
368.09,295141.34
270.49,229509.99
238.08,206589.86

Montage_700_308.xml
355.97,286801.61
353.7,284930.83
267.32,227685.46
235.67,204865.62

Montage_700_309.xml
314.11,258325.17
310.92,255714.36
240.36,208749.86
211.83,188897.78

Montage_700_310.xml
353.13,285035.52
349.31,282013.47
270.12,228962.71
229.17,200635.03

Montage_700_311.xml
354.46,285827.31
354.16,285755.9
266.5,226832.06
228.83,200296.47

Montage_700_312.xml
344.07,278892.49
344.41,279145.3
266.57,227410.03
226.01,198295.64

Montage_700_313.xml
367.08,294511.8
368.53,294749.18
278.01,235527.85
239.28,207494.41

Montage_700_314.xml
357.93,287754.71
359.21,288778.65
279.76,235571.1
236.67,205786.81

Montage_700_315.xml
368.06,294723.27
369.23,295610.04
283.89,239229.28
238.79,206746.25

Montage_700_316.xml
374.16,299144.47
373.9,298922.25
286.96,241482.65
246.18,212308.83

Montage_700_317.xml
342.11,277494.73
345.04,279064.72
259.88,222583.04
230.09,201015.58

Montage_700_318.xml
349.13,281809.24
344.91,279678.19
258.97,221867.7
235.79,205134.51

Montage_700_319.xml
362.52,291076.2
358.7,288589.13
276.33,233665.05
233.07,203312.56

Montage_700_320.xml
338.76,274915.23
338.27,275059.77
257.43,220816.34
223.11,196563.15

Montage_700_321.xml
348.93,281857.64
351.58,283594.69
267.78,227912.73
226.91,199329.26

Montage_700_322.xml
354.2,285671.5
350.05,283129.98
266.48,226953.86
229.25,200928.1

Montage_700_323.xml
370.02,295980.02
369.45,296249.05
284.95,239433.55
240.73,208370.28

Montage_700_324.xml
373.71,298564.59
376.44,300251.1
282.08,238123.95
245.43,211847.74

Montage_700_325.xml
376.22,300519.34
372.66,298332.54
288.38,242056.82
241.62,209289.62

Montage_700_326.xml
322.64,264142.87
319.24,262220.18
235.09,205396.38
214.26,190435.6

Montage_700_327.xml
312.68,257397.96
308.51,254656.91
246.55,213247.05
210.46,187823.61

Montage_700_328.xml
315.58,259445.48
315.84,259335.83
252.09,216881.08
209.92,187681.59

Montage_700_329.xml
368.56,295673.51
366.25,293619.74
284.62,239512.77
242.48,209202.26

Montage_700_330.xml
361.03,290454.74
364.12,292178.94
275.75,233424.68
240.43,208016.09

Montage_700_331.xml
359.45,289142.66
360.84,289918.58
278.68,234841.62
241.2,208479.37

Montage_700_332.xml
350.93,283564.39
352.32,284138.85
270.98,229874.37
233.64,203685.89

Montage_700_333.xml
313.67,258078.92
315.37,259241.64
235.04,205167.06
211.59,188596.65

Montage_700_334.xml
325.15,265376.55
326.23,266760.28
240.63,209248.13
225.16,197308.61

Montage_700_335.xml
332.03,270482.94
328.5,268102.54
249.97,215646.5
221.21,195061.56

Montage_700_336.xml
363.12,291887.82
364.62,292115.12
276.41,233837.57
233.9,204140.83

Montage_700_337.xml
319.94,262379.3
321.11,263150.57
232.99,204189.22
212.9,189763.42

Montage_700_338.xml
320.69,262680.13
316.69,260320.92
239.1,208095.32
212.64,189392.67

Montage_700_339.xml
352.23,284367.35
359.34,288084.82
269.98,229237.83
233.94,203982.77

Montage_700_340.xml
315.76,259512.3
312.36,257553.11
236.61,206340.13
212.98,189652.81

Montage_700_341.xml
332.57,270475.86
333.77,271810.87
269.72,228931.05
220.64,194937.49

Montage_700_342.xml
360.58,290047.13
357.26,287647.03
270.05,229760.12
238.92,207206.19

Montage_700_343.xml
318.19,260806
315.08,258845.62
239.5,209021.7
213.04,189686.96

Montage_700_344.xml
347.45,281075.81
353.94,285405.54
257.2,220683.4
227.76,199516.78

Montage_700_345.xml
338.63,274944.51
339.66,275611.2
253.57,218155
226.51,198816.73

Montage_700_346.xml
368.12,294389.81
369.09,295194.07
283.65,239347.66
236.66,205655.41

Montage_700_347.xml
315.95,259456.94
318.71,261287.12
241.99,210266.27
213.88,190125.04

Montage_700_348.xml
350.08,282340.99
356.56,287334.04
274.02,232208.03
235.74,204731.29

Montage_700_349.xml
297.33,246734.53
293.5,244340.24
222.18,196896.56
201.2,181710.19

Montage_700_350.xml
340.22,276248.64
336.51,273958.5
265.6,226346.73
229.48,200709.53

Montage_700_351.xml
343.94,278677.83
344.31,278956.2
256.32,220037.24
233.27,203324.64

Montage_700_352.xml
313.9,258466.03
316.73,260394.82
235.67,205751.88
212.97,189743.39

Montage_700_353.xml
352.13,283830.24
349.82,282386.14
265.25,225877.34
229.6,200824.47

Montage_700_354.xml
348.86,281975.42
346.32,280231.27
264.26,225329.22
229.54,200895.73

Montage_700_355.xml
340.32,275834.9
347.73,280588.31
259.12,222118.87
226.52,198825.98

Montage_700_356.xml
330.62,269446.24
326.59,267130.46
248.33,214261.52
221.44,195116.64

Montage_700_357.xml
324.97,265681.3
321.18,263358.27
255.71,219466.68
214.77,191008.1

Montage_700_358.xml
386.79,308122.44
388.04,308408.56
293.38,245324.15
246.17,212540.76

Montage_700_359.xml
322.82,264111.66
325.33,265718.09
251.52,216229.28
215.42,191147.48

Montage_700_360.xml
376.52,300392.72
377.48,301746.98
282.67,238331.83
244.66,210945.26

Montage_700_361.xml
322.82,264348.28
328.62,267925.55
244.58,211942.33
219.15,193720.63

Montage_700_362.xml
317.76,260777.99
324.16,265008.55
249.85,215365.3
219.68,193872.25

Montage_700_363.xml
348.77,281590.35
354.69,286104.91
269.07,228824.74
228.35,200237.89

Montage_700_364.xml
370.7,296984.57
370.59,296484.39
284.46,239547.83
237.87,206411.65

Montage_700_365.xml
376.87,301309.29
379.49,302591.33
289.2,242275.29
249.16,213806.32

Montage_700_366.xml
366.53,293654.98
369.3,295613.25
278.22,235014.63
239.51,207476.32

Montage_700_367.xml
360.54,290128.09
360.63,290274.53
281.1,236573.74
237.77,206488.9

Montage_700_368.xml
344.27,278635.71
347.65,280726.77
266.95,227254.37
232.05,202725.89

Montage_700_369.xml
385.59,306979.96
385.25,306610.86
293.23,245392.92
247.91,213378.53

Montage_700_370.xml
313.21,257704.91
315.08,259099.8
235.22,205415.21
216.82,191852.76

Montage_700_371.xml
303.17,250426.59
304.63,251651.35
248.39,214250.93
207.32,185809.65

Montage_700_372.xml
341.28,276938.22
337.79,274685.29
260,222801.6
223,196653.8

Montage_700_373.xml
350.26,282490.17
352.37,284293.36
270.3,229451.42
231.75,202324.25

Montage_700_374.xml
312.52,257429.05
310.13,255591.25
229.97,201964.17
210.38,187963.26

Montage_700_375.xml
335.59,272701.34
332.78,271206.48
254.65,218732.33
220.64,194661.66

Montage_700_376.xml
310.78,256249.09
317.43,260569.96
248.29,214374.46
213.41,189914.11

Montage_700_377.xml
349.14,281830.46
349.93,282475.23
262.8,224628.86
226.66,198996.67

Montage_700_378.xml
378.81,302764.83
381.68,304486.66
290.18,243282.27
242.93,210264.55

Montage_700_379.xml
354.58,286030.98
355.14,286016.3
266.78,226780.25
231.66,202568.96

Montage_700_380.xml
377.89,301358.52
379.47,302925.28
283.74,239047.79
240.04,208290.5

Montage_700_381.xml
346.48,279932.66
343.11,277925.65
262.61,224671.86
234.15,204101.19

Montage_700_382.xml
336.17,273510.73
336.43,273791.13
251.52,216595.31
219.68,193967.24

Montage_700_383.xml
364.49,292460.41
361.83,290744.38
276.83,233874.15
234.97,204796.49

Montage_700_384.xml
304.93,251865.14
301.37,249723.07
249.81,215385.94
209.61,187239.21

Montage_700_385.xml
345.1,279421.09
344.35,278937.8
256.3,220123.52
228.09,199895.54

Montage_700_386.xml
355.77,286888.66
358.8,288782.98
266.94,227226.08
239.13,206942.07

Montage_700_387.xml
341.57,277180.08
341.74,277084.78
260.44,222836.95
225.13,198032.37

Montage_700_388.xml
329.5,268864.13
330.33,269335.36
243.79,212078.21
225.84,198080.66

Montage_700_389.xml
303.51,251022.65
306.03,252862.12
225.48,199207.11
204.26,183740.83

Montage_700_390.xml
352.92,284518.82
359.68,288759.11
260.28,222406.12
229.67,200971.3

Montage_700_391.xml
316.87,260156.46
314.03,258240.47
232.07,203817.67
212.7,189437.16

Montage_700_392.xml
361.74,290988.19
357.87,288505.48
280.55,236719.4
239.85,208092.54

Montage_700_393.xml
376.9,301353.61
390.8,310138.72
288.37,242304.76
249.94,214560.98

Montage_700_394.xml
317.13,260515.22
313.45,258166.15
234.74,205288.36
222.13,195763.47

Montage_700_395.xml
373.53,298304.34
387.2,307310.29
286.69,240874.01
242.78,210074.13

Montage_700_396.xml
312.43,257220.92
311.36,256575.44
234.96,205002.74
215.68,191043.36

Montage_700_397.xml
325.26,265540.92
326.35,266589.46
256.23,220108.21
218.29,193181.61

Montage_700_398.xml
377.97,301736.71
379.56,302447.64
284.07,238838.47
243.45,210590.07

Montage_700_399.xml
371.83,297631.36
372.41,297892.91
286.23,240745.97
241.89,209007.27

Montage_700_400.xml
312.87,257082.58
309.35,255228.92
250.3,215645.76
215.14,190990.28

Montage_700_401.xml
332.29,270750.55
331.88,270498.1
263.87,225095.48
218.75,193703.94

Montage_700_402.xml
309.28,255051.37
312.05,256497.44
233.38,204329.93
211.04,187939.21

Montage_700_403.xml
378.15,301979.72
374.44,299584.65
288.04,241518.81
242.94,209853.89

Montage_700_404.xml
340.69,276211.68
343.33,278297.07
254.11,218440.38
226.3,198614.02

Montage_700_405.xml
371.77,297283.87
373.52,299038.82
275.51,233388.31
247,212665.47

Montage_700_406.xml
316.44,259678.11
312.74,257361.83
234.49,205013.57
215.93,191494.09

Montage_700_407.xml
312.92,257434.22
310.38,255166.54
238.9,208482.96
210.72,188085.06

Montage_700_408.xml
348.19,281686.63
354.92,286392.01
270.31,229229.35
234.68,204124.8

Montage_700_409.xml
367.02,294156.5
368.71,295313.14
284.26,239042.52
241.76,209354.72

Montage_700_410.xml
325.58,266174.6
321.8,263736.09
243.15,210405.05
215.46,190958.04

Montage_700_411.xml
328.71,267885.33
325.51,266321.01
248.68,214793.65
219.87,194127.76

Montage_700_412.xml
314.92,258326.61
316.45,260014.54
251.38,216412.83
210.06,187605.82

Montage_700_413.xml
327.29,266846.54
325.45,265871.83
242.27,210555.25
218.25,192987.82

Montage_700_414.xml
342.12,277478.69
343.81,278817.32
259.4,221900.04
228.46,200056.41

Montage_700_415.xml
323.02,264015.29
320.12,262307.43
235.18,206335.75
217.66,192792.38

Montage_700_416.xml
336.29,273655
337.97,273943.43
257.7,221225.43
220.55,194951.36

Montage_700_417.xml
333.54,271031.3
335.12,272827.38
249.07,214982.69
223.22,196717.48

Montage_700_418.xml
325.36,266229.73
326.88,266930.31
240.75,209227.98
220.4,194438.69

Montage_700_419.xml
337.37,274331.97
333.07,271570.72
258.99,221610.34
224.98,198062.21

Montage_700_420.xml
326.5,266560.63
322.37,264239.86
241.53,210057
216.46,192018.54

Montage_700_421.xml
359.77,289087.91
373.06,297712.79
279.89,236439.65
238.1,206655.1

Montage_700_422.xml
323.69,264801.7
323.95,265242.31
243.4,211107.43
219.98,194065.86

Montage_700_423.xml
349.17,281699.71
356.13,286467.18
267.83,227894.11
233.62,203460.99

Montage_700_424.xml
336.44,273679.62
337.68,274657.27
256.76,220471.65
222.39,195773.02

Montage_700_425.xml
303.36,250880.18
304.71,251636.52
230.39,202224.95
204.83,184374.33

Montage_700_426.xml
351.17,283508.1
348.01,281143.9
268.66,228489.92
231.6,202152.04

Montage_700_427.xml
335.75,272909.57
331.86,270646.84
248.86,214594.76
220.06,194782.96

Montage_700_428.xml
382.88,304932.05
380.17,303786.76
290.46,243398.64
245.1,211789.08

Montage_700_429.xml
355.43,286204.38
358.25,288180.94
267.1,226871.73
232.87,203174.37

Montage_700_430.xml
357.87,288184.96
355.81,285869.57
268.41,229035.21
231.68,202509.41

Montage_700_431.xml
308.5,254392.5
316.42,259333.88
231.06,202514.44
208.18,186396.36

Montage_700_432.xml
346.93,280783.64
349.88,282740.94
271.75,230132.17
231.28,202133.14

Montage_700_433.xml
361.2,289428.16
361.96,290782.31
268.17,228432.09
237.55,206129.4

Montage_700_434.xml
319.2,261589.04
314.91,258963.75
255.56,219726.17
213.2,189869.38

Montage_700_435.xml
319.92,261968.55
316.51,259678.08
245.04,211905.56
210.8,188210.03

Montage_700_436.xml
362.7,291237.9
363.7,292428.12
270.7,229598.83
236.22,205493.71

Montage_700_437.xml
306.57,253109.32
302.63,250443.3
243.9,211764.96
207.51,185940.28

Montage_700_438.xml
326.86,267067.43
332.85,271103.05
241.42,209713.34
219.45,194052.04

Montage_700_439.xml
363.98,291982.92
370.35,296716.96
282.55,237702.52
239.67,207396.02

Montage_700_440.xml
308.75,254555.58
311.48,256489.35
249.22,215119.98
209.04,186508.12

Montage_700_441.xml
333.91,271962.45
333.89,271911.19
256.67,220282.33
219.14,193687.64

Montage_700_442.xml
357.19,287846.63
353.36,285418.93
262.55,224550.33
234.63,204383.82

Montage_700_443.xml
339.08,275146.42
334.84,272667.21
253.64,218357.83
225.28,198016.6

Montage_700_444.xml
334.02,272155.73
330.84,269464.04
251.27,216766.13
225,197634.52

Montage_700_445.xml
328.8,268085.22
329.71,268708.82
243.12,210889.33
220.48,194433.24

Montage_700_446.xml
355.86,286692.73
352.06,284630.26
271.88,230766.1
240.99,207985.34

Montage_700_447.xml
310.16,255656.99
314.02,258043.29
228.71,201288.05
215.66,191122.83

Montage_700_448.xml
308.5,254403.78
312.33,257078.26
251.59,216400.76
211.71,188811.82

Montage_700_449.xml
321.81,263273.59
319.43,262048.35
237.38,206951.07
216.57,191884.83

Montage_700_450.xml
331.45,270024.48
332.33,270704.91
241.88,210446.56
220.04,194323.44

Montage_700_451.xml
316.13,259495.9
322.53,264095.52
252.09,216861.29
210.75,188250.67

Montage_700_452.xml
307.62,253954.2
309.34,255302.38
230.29,202588.98
205.44,184758.29

Montage_700_453.xml
371.18,297389.29
378.27,301379.79
279.88,236144.73
240.35,208527.17

Montage_700_454.xml
338.88,275026.49
340.46,276100.67
249.93,215542.79
221.9,195837.14

Montage_700_455.xml
321.6,263563.26
326.82,266670.17
245.58,212169.94
213.72,190020.1

Montage_700_456.xml
333.76,271877.38
334.53,271584.26
251.32,215912.61
223.1,195977.21

Montage_700_457.xml
343.79,278163.34
339.86,276196.59
262.12,223882.96
224.23,197275.54

Montage_700_458.xml
335.13,272242.39
341.4,276954.71
267.19,226942.92
220.26,194689.47

Montage_700_459.xml
312.4,256693.11
308.43,254829.87
251.14,216381.13
215.57,191421.87

Montage_700_460.xml
360.84,290133.98
356.73,287481.88
280.66,236959.01
235.22,204295.62

Montage_700_461.xml
336.35,273231.02
336.95,273660.49
251.92,217507.78
225.65,198310.65

Montage_700_462.xml
350,283011.24
346.58,280828.22
268.75,228742.35
229.98,201130.43

Montage_700_463.xml
327.14,267404.26
329.44,268635.89
261.85,223624.36
215.55,191375.83

Montage_700_464.xml
357.62,288144.31
360.16,290072.1
273.12,231673.68
239.94,208119.83

Montage_700_465.xml
373.56,298698.64
380.58,303093.32
282.21,237054.32
245.41,211314.36

Montage_700_466.xml
323.25,264527.03
330.24,269191.98
238.85,208132.64
223.37,196129.52

Montage_700_467.xml
366.75,293752.32
372.61,297616.05
283.53,238760.57
237.34,206292.68

Montage_700_468.xml
347.55,281156.46
343.43,278569.78
263.43,225026.68
226.08,198814.25

Montage_700_469.xml
324.12,265267.02
320.18,262679.91
246.81,213093.19
220.94,194697.97

Montage_700_470.xml
350.4,282652.9
351.41,283530.57
275.02,233374.77
237.3,206118.05

Montage_700_471.xml
361.71,290885.32
363.85,292644.31
280.43,236783.68
236.9,205628.2

Montage_700_472.xml
358.05,288426.6
364.88,293196.68
279.35,236476.75
239.93,207213.74

Montage_700_473.xml
324.48,265497.04
326.06,265950.74
246.45,213410.47
222.06,195470.29

Montage_700_474.xml
329.8,268634.42
332.71,270440.2
243.48,211301.66
217.09,192616.74

Montage_700_475.xml
343.71,278181.59
346.35,280389.84
254.83,219343.82
223.08,196131.59

Montage_700_476.xml
341.82,277183.11
343.02,277770.39
260.35,222614.18
228.43,200234.46

Montage_700_477.xml
368.73,295364.96
364.96,292786.94
279.06,235281.36
237.06,205595.62

Montage_700_478.xml
333.9,271561.4
334.07,272180.38
251.36,216595.5
224.94,197824.84

Montage_700_479.xml
325.23,266089.77
323.23,264527.19
241.5,209419.6
220.86,194900.83

Montage_700_480.xml
362.11,290571.74
363.54,291647.65
281.24,236589.37
234.97,204880.49

Montage_700_481.xml
355.93,286807.23
352.16,284516.17
266.56,226744.37
233.78,203713.43

Montage_700_482.xml
321,262711.74
322.32,263670.25
247.97,213931.09
214.39,190290.51

Montage_700_483.xml
360.83,289742.93
366.89,294501.15
279.78,236263.52
231.82,202505.48

Montage_700_484.xml
317.46,260550.28
318.85,261432.14
232.39,203672.3
210.99,188256.77

Montage_700_485.xml
365.29,293196.09
367.23,294244.77
272.64,231391.14
241.93,209142.26

Montage_700_486.xml
341.33,276485.67
348.73,281827.47
254.97,218855.94
222.99,196703.61

Montage_700_487.xml
330.33,268895.42
331.73,270207.01
248.05,214280.14
217.58,192885.07

Montage_700_488.xml
359.46,288876.58
360.6,290430.05
274.67,232996.45
241.33,208369.26

Montage_700_489.xml
332.85,271053.91
333.47,271385.31
245.11,212075.71
219.1,193870.12

Montage_700_490.xml
362.62,291309.56
368.89,295236.9
276.12,233608.27
237.58,206551.49

Montage_700_491.xml
320.03,261840.17
320.46,262701.08
239.13,208083.89
212.55,189144.83

Montage_700_492.xml
378.2,302343.56
379.31,302112.21
289.55,242309.96
250.04,214907.38

Montage_700_493.xml
350.36,283133.73
348.21,281511.55
259.79,222032.62
226.37,198608.72

Montage_700_494.xml
376.09,299905.52
371.9,297863.55
288.1,241842.1
240.77,208964.26

Montage_700_495.xml
337.01,273687.61
339.22,275266.06
252.4,217522.45
224.88,197217.17

Montage_700_496.xml
381.56,303961.58
388.15,307944.17
290.85,244027.03
246.57,212273.85

Montage_700_497.xml
330.45,269560.97
332.02,270816.31
243.72,211035.45
228.27,199782.17

Montage_700_498.xml
334.86,272046.21
336.85,273498.51
261.66,223757.69
226.38,198542.77

Montage_700_499.xml
357.13,287768.11
353.49,285561.08
271.61,230487.89
232.36,203082

Montage_700_500.xml
332.64,270350.02
333.98,271932
255.32,219326.24
220.15,194651.64

Montage_700_501.xml
349.65,282596.6
350.95,283290.53
258.86,221513.32
230.2,201091.91

Montage_700_502.xml
358.5,288721.09
358.18,288609.2
274.2,232520.45
231.65,202547.96

Montage_700_503.xml
351.54,283570.8
347.41,281226.48
265.46,226266.13
233.46,203403.71

Montage_700_504.xml
343.47,277761.42
343.04,277752.12
265.45,226479.27
228.28,200188.85

Montage_700_505.xml
358.04,288448.76
359.03,288573.27
273.58,232009.42
232.57,202833.15

Montage_700_506.xml
346.86,280880.81
353.48,285371.26
257.34,220728.89
229.36,200970.84

Montage_700_507.xml
347.73,281386.59
348.94,281587.15
258.71,220939.65
227.61,199486.97

Montage_700_508.xml
313.9,258216.65
317.04,260399.4
240.89,209391.19
209.18,187125.55

Montage_700_509.xml
338.77,275117
339.98,276173.2
248.47,214201.45
229.88,200940.82

Montage_700_510.xml
310.09,255275.77
306.39,253252.3
231.86,203190.47
209.02,187062.95

Montage_700_511.xml
350.97,283462.91
347.35,281132.88
259.38,222499.04
233.15,203446.28

Montage_700_512.xml
340.87,276610.66
341.21,276927.97
259.09,222077.09
223.26,196801.7

Montage_700_513.xml
347.82,281375.48
348.84,282154.94
262.66,224864.1
231.15,201505.58

Montage_700_514.xml
338.7,274838.13
344.92,279073.67
253.31,218257.7
226.98,199335.93

Montage_700_515.xml
362.42,291253.81
362.47,291148.67
270.59,229898.82
240.59,208405.79

Montage_700_516.xml
351.94,284207.39
351.2,283659.76
270.72,229730.86
227.7,199567.01

Montage_700_517.xml
367.99,295078.14
364.62,292859.49
277.86,234792.54
236.97,205890.02

Montage_700_518.xml
354.94,285860.66
355.14,286117.63
259.14,222274.73
231.94,202449.82

Montage_700_519.xml
351.21,283747.51
358.05,287893.66
270.69,230094.85
229.57,200768.12

Montage_700_520.xml
353.05,284895.31
362.66,291406.7
265.36,226567.73
229.24,200621.62

Montage_700_521.xml
343.71,278585.88
345.41,279526.15
264.16,225151.19
228.2,199730.99

Montage_700_522.xml
341.75,276782.82
341.96,276493.22
259.02,221959.16
223.47,196371.42

Montage_700_523.xml
360.64,290083.83
361.96,290737.26
275.04,233107.39
243.19,209956.56

Montage_700_524.xml
305.76,252387.7
307.19,253669.05
226.43,199493.43
214.02,190124.79

Montage_700_525.xml
349.38,282009.67
348.21,281169.33
263.8,225104.57
229.9,200968.97

Montage_700_526.xml
358.47,288293.67
359.98,289308.81
278.16,235241.55
237.04,205627.79

Montage_700_527.xml
344.93,279430.89
345.44,279840.07
262.16,224053.16
231.56,201941.75

Montage_700_528.xml
350.19,282952.17
351.95,283749.36
270.12,229646.46
227.72,199963.49

Montage_700_529.xml
355.6,286718.89
357.31,287524.72
273.13,230883.6
232.34,202998.9

Montage_700_530.xml
348.18,281511.17
349.75,282787.99
263.4,224770.09
235.72,204812.32

Montage_700_531.xml
336.34,273194.86
332.62,271173.34
252.14,217601.87
222.39,196345.98

Montage_700_532.xml
346.52,279964.28
345.99,280167.89
262.37,224178.16
234.17,204158.76

Montage_700_533.xml
358.51,288193.78
360.93,290387.57
279.1,235951.38
234.21,203955.55

Montage_700_534.xml
369.37,296074.57
369.37,296070.15
285.25,240100.19
239.06,207371.64

Montage_700_535.xml
316.61,259970.15
313.14,257615.38
236.83,206575.19
217.59,192650.96

Montage_700_536.xml
328.82,268332.97
325.22,265957.68
241.78,209773.56
220.72,194368.49

Montage_700_537.xml
333.77,271601.26
341.72,276913.27
244.83,212448.04
222.98,196560.47

Montage_700_538.xml
339.13,275496.54
336.41,273450.88
266.29,226731.38
228.76,200100.16

Montage_700_539.xml
371.91,297187.85
372.89,298591.52
286.24,240651.36
240.27,208149.9

Montage_700_540.xml
319.81,262303.35
321.22,263359.55
238.73,207823.79
220.86,194833.33

Montage_700_541.xml
373.78,299012.47
374.78,299773.72
287.14,241172.84
244.8,211065.49

Montage_700_542.xml
373.49,298434.81
379.27,302455.63
281.55,237739.92
244.44,210982.17

Montage_700_543.xml
328.2,268060.39
324.5,265652.67
237.98,207453.41
220.74,194386.89

Montage_700_544.xml
317.76,260972.24
314.99,258917.63
243.2,210932.29
224.06,196326.49

Montage_700_545.xml
354.33,285929.96
355.56,286895.67
272.46,230845.27
230.31,201740.91

Montage_700_546.xml
316.52,259757.26
318.74,261360.31
255.47,218817.84
214.41,190515.4

Montage_700_547.xml
349.44,282528.51
356.1,287206.91
264.23,225536.74
228.66,200487.15

Montage_700_548.xml
324.94,265585.86
325.84,266482.1
240.55,209086.07
215.89,191585.82

Montage_700_549.xml
314.76,258597.87
312.52,257200.53
253.28,217736.19
213.85,189743.47

Montage_700_550.xml
327.8,267023.78
323.48,264633.41
253.48,218133.71
215.96,191598.54

Montage_700_551.xml
318.48,261097.8
318.75,261373.19
240.69,209094.78
216.82,192097.62

Montage_700_552.xml
341.94,276760.61
343.47,278350.11
254.31,218267.95
223.83,196779.74

Montage_700_553.xml
381.73,304495.81
377.81,301899.33
291.6,243855.55
249.04,213827.71

Montage_700_554.xml
369.37,295930.54
365.85,293684.59
286.35,240076.66
240.87,208327.31

Montage_700_555.xml
378.57,302226.23
385.49,306180.44
289.65,242892.96
241.71,209394.66

Montage_700_556.xml
303.67,251060.5
304.83,251467.93
245.3,212102.5
205.35,184490.15

Montage_700_557.xml
336.62,273292.8
334.13,271398.65
246.86,213457.94
226.23,198494.39

Montage_700_558.xml
327.03,266877.28
328.46,267768.08
237.69,206929.52
222.4,196142.62

Montage_700_559.xml
326.79,266737.81
330.09,269042.23
247.19,214294
219.5,194133.27

Montage_700_560.xml
323.23,264582.12
329.34,268661.77
240.12,208887.49
218.85,193674.11

Montage_700_561.xml
314.2,257928.41
316.11,259510.49
251.22,216201.65
212.92,189540.66

Montage_700_562.xml
338.9,274942.44
335.32,272662.6
247.96,214456.41
225.34,197920.2

Montage_700_563.xml
329.23,268588.83
329.25,268691.14
242.06,210311.04
222.02,195786.03

Montage_700_564.xml
369.29,295589.41
374.72,299845.66
286.28,240397.57
244.12,210871.06

Montage_700_565.xml
358.31,288328.12
359.56,289643.93
264.93,225708.17
240.18,207986.6

Montage_700_566.xml
354.09,285944.74
356.84,287629.4
267.04,227540.4
230.08,201494.1

Montage_700_567.xml
335.04,272720.46
331.14,270106.68
266.05,226505.78
224.66,197310.85

Montage_700_568.xml
364.79,293125.48
367.02,294541.67
271.08,230586.05
238.06,206497.2

Montage_700_569.xml
352.74,284455.35
348.54,281637.06
264.42,225660.85
227.36,199695.06

Montage_700_570.xml
351.82,284136.47
348.23,281406.47
259.57,222583.71
232.61,202983.13

Montage_700_571.xml
324.23,265007.95
320.8,263004.67
240.65,209221.87
218.31,193208.35

Montage_700_572.xml
369.47,295654.55
370.69,296942.32
280.2,236630.49
243.26,209748.56

Montage_700_573.xml
391.56,310611.15
394.53,312384.87
295.81,247007.11
251.98,216293.46

Montage_700_574.xml
326.15,266211.07
331.86,269881.89
244.44,211413.94
215,191042.28

Montage_700_575.xml
351.89,283192.34
353.92,285705.84
265.17,226571.27
231.31,202012.66

Montage_700_576.xml
352.61,284743.04
350.43,282909.38
271.46,230443.69
234.23,204214.7

Montage_700_577.xml
332.74,271101.16
335.38,272657.43
245.53,212706.06
218.83,193927.86

Montage_700_578.xml
359.46,289329.94
360.57,289776.16
267.15,227225.79
237.21,206344.45

Montage_700_579.xml
349.98,282859.55
346.3,280428.11
264.13,225008.63
228.2,200220.69

Montage_700_580.xml
319.49,262057.7
325.68,266148.28
233.03,204196.54
212.51,189536.21

Montage_700_581.xml
315.28,258921.41
315.99,259727.42
236.26,206262.56
209.73,187419.56

Montage_700_582.xml
351.89,283686.27
358.13,287890.82
264.98,225739.77
233.72,203886.58

Montage_700_583.xml
350.97,282953.71
352.54,283925.61
270.48,229878.25
236.47,205327.86

Montage_700_584.xml
353.57,284769.35
356.28,286609.45
271.61,230183.89
229.22,200972.82

Montage_700_585.xml
307.45,253858.97
308.72,254519.81
227.71,200624.17
204.93,184077.07

Montage_700_586.xml
384.69,306549.56
389.95,310257.43
292.48,244841.95
250.64,214918.08

Montage_700_587.xml
349.72,282295.23
345.66,280132.06
269.34,228807.05
232.23,202603.29

Montage_700_588.xml
342.38,277211.72
343.52,278140.69
260.98,223187.73
228.27,200201.97

Montage_700_589.xml
350.86,283308.26
358.27,287797.21
264.26,225697.22
231.73,202405.61

Montage_700_590.xml
317.76,260944.49
314.6,258759.9
235.57,206139.79
218.78,193287.93

Montage_700_591.xml
312.45,256792.65
315.37,258569.93
249.22,215503.1
211.88,188786.19

Montage_700_592.xml
353.15,284722.72
352.91,284656.09
265.81,226562.93
233.78,203572.57

Montage_700_593.xml
314.73,258746.35
323.19,264533.07
241.19,209626.36
210.24,187540

Montage_700_594.xml
347.94,280952.04
347.44,280436.15
258.39,221116.97
229.64,201103.07

Montage_700_595.xml
324.44,265041.38
327.47,267444.29
246.53,213130.14
214.37,190187.38

Montage_700_596.xml
352.16,283642.64
358.44,288425.38
270.72,229742.04
232.29,202920.18

Montage_700_597.xml
331.85,270255.41
332.1,270617.51
249.14,214933.15
224.64,197634.2

Montage_700_598.xml
344.83,279214.75
340.95,276778.07
266.65,227148.24
226.09,198610.29

Montage_700_599.xml
344.66,279186.72
347.79,280963.88
261.82,223745.21
231.3,201803.85

Montage_700_600.xml
349.83,282541.26
350.66,283033.29
258.92,221586
231.34,202171.06

Montage_700_601.xml
341.55,277153.13
343.12,278392.25
265.37,226406.03
222.96,196672.11

Montage_700_602.xml
311.02,255476.49
307.23,253249.73
248.66,214928.49
211.62,188151.12

Montage_700_603.xml
357.34,287780.04
353.7,285546.33
262.79,224353.07
234.9,204135.34

Montage_700_604.xml
334.28,272117.49
331.45,269659.26
256.56,220702.77
224.73,197238.05

Montage_700_605.xml
343.89,278749.86
346.86,280530.66
261.35,223648.31
228.5,199828.39

Montage_700_606.xml
363.92,292398.59
360.23,290111.71
282.44,238144.55
237.45,205950.2

Montage_700_607.xml
338.5,274529.09
334.96,272441.88
258.36,221526.34
227.02,199394.98

Montage_700_608.xml
337.2,273662.24
338.42,274830.41
257.5,220967.26
224.37,197337.9

Montage_700_609.xml
343.92,278572.88
339.65,275830.37
260.82,222500.71
224.4,197290.53

Montage_700_610.xml
359.97,289164.13
356.04,286621.72
274.48,232113.73
239.09,207237.37

Montage_700_611.xml
311.6,256573.07
312.86,257549.87
232.05,203647.42
211.04,188302.59

Montage_700_612.xml
336.63,273687.6
336.83,273290.79
247.08,213712.31
223.72,196726.61

Montage_700_613.xml
302.4,250363.28
309.6,255247.78
228,201219.83
209.5,187235.88

Montage_700_614.xml
335.18,272718.72
335.17,272629.17
251.45,216910.98
220.69,195061.5

Montage_700_615.xml
339.5,275741.63
342,276562.33
248.63,214823.72
223.8,196900.72

Montage_700_616.xml
345.89,280146.74
351.6,283470.97
256.75,220838.76
234.32,203897.21

Montage_700_617.xml
362.92,291740.94
364.31,292389.91
276.5,233824.35
236.66,205768.44

Montage_700_618.xml
329.14,268738.73
325.88,266697.4
243.56,211197.88
215.77,191864.87

Montage_700_619.xml
377.42,300796.46
373.22,298808.64
283,238324
246.35,212440.02

Montage_700_620.xml
371.23,296631.5
374.62,299491.97
275.01,233119.23
243.51,210539.73

Montage_700_621.xml
346.18,280325
342.56,277260.04
257.39,220492.09
228.59,200281.55

Montage_700_622.xml
364.39,292512.86
361.69,290620.98
276.7,234337.7
239.61,207409.53

Montage_700_623.xml
355.29,286102.22
355.28,286761.28
261.85,223834.75
228.96,200214.33

Montage_700_624.xml
330.07,269358.65
331.53,270238.42
244.19,211368.03
223.59,196812.97

Montage_700_625.xml
337.98,274874.15
340.48,276234.68
248.01,214407.26
223.33,197007.62

Montage_700_626.xml
344.73,279055.59
346.25,280026.95
256.44,220099.62
229.28,200243.37

Montage_700_627.xml
369.7,295686.71
371.91,297325.53
284.93,240108.82
245.23,211615.4

Montage_700_628.xml
353.42,284609.08
354.59,285848.23
275.21,233576.4
231.22,202392.93

Montage_700_629.xml
349.04,282296.27
347.01,280757.03
258.7,221413.19
227.17,199295.44

Montage_700_630.xml
368.19,294893.28
368.04,294713.38
279.27,235801.26
235.49,205324.52

Montage_700_631.xml
326.03,266292.27
327.4,267403.78
239.26,208431.05
214.78,190839.08

Montage_700_632.xml
362.17,290735
363.27,291508.16
274.96,233108.45
235.33,204988.31

Montage_700_633.xml
322.1,263501.34
335.69,272373.83
239.27,208292.49
213.95,190233.64

Montage_700_634.xml
361.67,290038.84
362.78,290965.66
280.73,236669.68
237.13,205727.06

Montage_700_635.xml
325.04,265284.92
327.96,267943.42
246.92,213153.58
222.04,195626.97

Montage_700_636.xml
363.02,291351.28
359.62,289134.79
276.24,233560.69
235.44,205230

Montage_700_637.xml
361.34,290091.94
364.15,292063.71
280.02,236351.26
234.44,204107.67

Montage_700_638.xml
345.15,279410.26
341.96,276447.9
261.75,224190.47
228.01,200050.68

Montage_700_639.xml
341.32,276945.09
337.85,274825.75
265.37,226490.53
223.03,196350.27

Montage_700_640.xml
335.17,272464.45
336.84,273691.73
251.6,216744.06
225.31,197828.04

Montage_700_641.xml
363.93,291663.83
364.55,292183.45
282.45,237580.33
239.69,207434.79

Montage_700_642.xml
336.35,273144.76
333.01,271066.19
251.81,216702.02
224.61,197316.81

Montage_700_643.xml
374.63,299425.99
380.7,303841.35
281.99,237767.64
240.04,207461.54

Montage_700_644.xml
357.43,287883.23
359.19,289294.96
274.06,232186.66
231.19,202006.61

Montage_700_645.xml
346.31,280350.15
343,277783.55
262.83,224434.03
224.42,197807.57

Montage_700_646.xml
355.3,286536.75
357.08,287472.27
267.33,226986.21
233.07,203038.14

Montage_700_647.xml
324.68,265434.9
327.69,267246.8
241.19,209677.14
218.17,192650.87

Montage_700_648.xml
357.9,287621.45
358.9,288104.2
273.72,232000.38
235.4,205000.25

Montage_700_649.xml
373.15,298061.98
369.83,295927.22
281.84,237360.89
240.09,208424.43

Montage_700_650.xml
356.92,287623.9
361.3,290190.64
267.76,227426.17
232.47,203090.63

Montage_700_651.xml
340.09,276195.63
343.88,278613.85
254.39,218486.12
228.38,199930.97

Montage_700_652.xml
332.99,271406.23
329.41,269186.09
244.95,212456.15
223.81,197083.3

Montage_700_653.xml
335.5,273116.18
331.34,270369.71
261.54,222856.95
224.02,196844.77

Montage_700_654.xml
320.95,262671.91
323.18,264315.9
243.92,211822.9
215.03,191076.83

Montage_700_655.xml
339.31,275062.28
335.79,272839.73
253.99,218575.26
222.78,196333.97

Montage_700_656.xml
315.37,259143.6
312.35,256533.44
236.18,206440.41
209.88,187438.94

Montage_700_657.xml
326.69,266643.4
326.57,266887.93
240.52,209123.19
217.56,192628.84

Montage_700_658.xml
320.02,262292.45
322.78,264059.54
236.39,206320.36
219.4,193980.82

Montage_700_659.xml
339.11,275245.03
340.62,276426.39
264.68,225617.51
226.02,197859.32

Montage_700_660.xml
344.54,278779.37
344.2,278620.93
261.3,223713.48
225.11,197574.71

Montage_700_661.xml
316.8,260277.61
313,257887.68
237.82,206624.14
209.97,187795.65

Montage_700_662.xml
304.01,251416.21
303.59,251207.11
228.55,201124.17
208.37,186561.06

Montage_700_663.xml
322.23,263688.04
328.19,267795.09
240.98,209189.79
211.94,189035.88

Montage_700_664.xml
354.47,285476.94
360.3,290030.86
266.4,226815.4
230.16,201150.99

Montage_700_665.xml
310.22,255602.42
312.62,257144.76
228.1,200993.36
212.77,189535.5

Montage_700_666.xml
324.69,265721.66
320.7,263156.82
260.4,222384.05
226.82,198755.78

Montage_700_667.xml
371.17,297326.2
367.49,294857.45
280.3,236691
241.96,209253.32

Montage_700_668.xml
368.79,295024.89
366.4,293003.34
285.99,239841.79
242.95,210086.83

Montage_700_669.xml
320.64,262469.13
322.94,264476.42
241.8,209985.75
212.59,189386.71

Montage_700_670.xml
371.28,297349.71
375.45,300237.6
286.14,241133.78
242.06,209271.51

Montage_700_671.xml
340.95,276079.13
340.46,276412.72
254.32,218459.49
229.23,200430.69

Montage_700_672.xml
318.88,261458.71
319,261301.75
243.22,211188.55
214.84,190678.92

Montage_700_673.xml
380.82,303633.62
378.42,301221.54
290.4,243267.95
245.4,211887.52

Montage_700_674.xml
350.87,283554.84
347.15,281057.52
259.29,221982.92
231.58,202421.05

Montage_700_675.xml
320.93,262477.1
317.46,260615.98
238.37,207759.19
216.58,192054.88

Montage_700_676.xml
332.68,270829.3
328.78,268416.17
250.18,216603.8
219.62,193901.66

Montage_700_677.xml
331.06,269981.35
330.91,270008.86
259.42,221685.19
218.55,193617.91

Montage_700_678.xml
321.86,263660.7
319.29,261749.23
243.77,211221.36
213.4,189762.96

Montage_700_679.xml
319.23,261723.34
326.05,266563.47
243.83,211372.91
217.42,192674.1

Montage_700_680.xml
385.82,306598.92
387.04,307607.82
292.75,244670.05
252.06,215877.05

Montage_700_681.xml
343.74,278231.04
344.73,278952.31
255.72,219578.6
228.35,200245.43

Montage_700_682.xml
334.3,272098.14
336.26,273406.77
250.81,215959.87
223.11,196394.86

Montage_700_683.xml
344.13,278618.96
347.09,280880.33
266.81,227542.34
230.6,200873.54

Montage_700_684.xml
318.97,261797.76
315.34,259463.38
233.05,204402.45
219.42,194008.8

Montage_700_685.xml
359,288874.49
362.68,290645.14
273.92,232119.28
240.76,208291.88

Montage_700_686.xml
326.29,266405.86
327.81,267632.49
246.36,213130.16
215.9,191616.05

Montage_700_687.xml
347.24,280845.95
347.88,280543.23
268.25,228620.82
226.47,198731.81

Montage_700_688.xml
349.33,281992.27
351.61,283843.04
263.33,224721.37
225.67,198565.23

Montage_700_689.xml
338.77,275294.32
340.31,276056.31
253.63,218393.89
226.87,198915.81

Montage_700_690.xml
371.09,297310.49
374.39,299591.58
285.99,240027.16
239.86,208124.35

Montage_700_691.xml
334.2,271901.54
335.68,272837.96
253.41,217863.4
219.99,194470.7

Montage_700_692.xml
353.25,285062.46
353.34,285262.38
260.96,223228.37
236.17,205077.18

Montage_700_693.xml
335.76,273067.46
341.72,276604.95
249.67,215511.71
224.38,196907.01

Montage_700_694.xml
341.77,277030.48
349,281144.87
260.21,223474.29
223.03,196756.37

Montage_700_695.xml
363.16,291327.97
364.1,292634.38
281.03,237123.84
237.63,206539.47

Montage_700_696.xml
376.39,300837.42
378.07,301096.01
288.61,242382.01
240.74,208767.58

Montage_700_697.xml
327.87,267707.55
329.58,268892.69
238.01,207378.57
216.76,191659.95

Montage_700_698.xml
336.75,273324.37
338.24,274040.02
252.21,217178.34
228.28,199990.37

Montage_700_699.xml
352.91,284825.03
349.32,282339.51
271.38,230026.41
233.22,203164.49

Montage_700_700.xml
319.13,262030.01
320.68,263081.22
253.31,217814.93
217.17,192426.87

Montage_700_701.xml
350.72,283278.94
352.71,284098.59
259.25,221948.04
227.22,199300.9

Montage_700_702.xml
345.38,279398.76
344.86,279264.21
250.97,216234.17
225.36,197961.97

Montage_700_703.xml
339.26,275543.72
346.16,280056.5
253.4,217834.92
226.9,198835.15

Montage_700_704.xml
359.56,289011.77
360.9,290460.96
270.07,229187.51
230.96,202248.24

Montage_700_705.xml
366.11,293277.55
367.13,293629.47
282.46,238057.87
241.12,208681.58

Montage_700_706.xml
339.06,275010.73
335.77,272619.29
253.99,218095.87
225.49,198024.61

Montage_700_707.xml
337.71,274418.76
334.14,271861.7
251.72,216722.93
221.33,195305.47

Montage_700_708.xml
343.31,277976.26
347.19,280633.33
266.13,226715.28
225.9,198033.34

Montage_700_709.xml
335.72,272741.89
336.75,273625.04
251.92,216742.14
221.74,195698.34

Montage_700_710.xml
348.67,281613.16
344.79,278905.77
264.47,225038.23
232.1,202804.4

Montage_700_711.xml
366.88,294415.62
368.69,295508.65
276.84,233896.58
237.66,206429.09

Montage_700_712.xml
327.36,267401.3
323.14,264618.65
247.72,214003.06
217.57,193134.58

Montage_700_713.xml
308.97,254677.4
310.5,255784.22
231.1,202604.43
208.91,186933.88

Montage_700_714.xml
336.67,273856.99
338.01,274459.99
264.04,225174.25
220.35,194728

Montage_700_715.xml
342.66,277294.41
338.34,274950.58
251.28,216277.72
226.6,199130.86

Montage_700_716.xml
312.27,256952.37
311.69,256890.43
238.61,208133.02
208.44,186432.52

Montage_700_717.xml
349.38,281973.34
350.22,282836.86
268.62,228691.84
230.9,201805.36

Montage_700_718.xml
326.49,266822.72
327.68,267507.38
241.9,210722.67
217.92,193174.83

Montage_700_719.xml
341.32,276390.35
343.77,278494.45
254.66,219002.86
222.78,196655.75

Montage_700_720.xml
355.95,286937.74
358.85,289055.19
267.19,227166.96
234.13,203942.24

Montage_700_721.xml
344.86,279219.73
344.71,278719.05
261.38,223916.1
223.49,196959.75

Montage_700_722.xml
352.03,283729.4
359.01,288966.28
275.59,233423.49
237.42,205555.34

Montage_700_723.xml
303.13,250711.05
302.78,250431.94
248.42,214153.06
205.18,184032.54

Montage_700_724.xml
343.26,278400.84
343.91,278945.95
257.35,220419.26
229.09,200295.62

Montage_700_725.xml
352.4,284368.27
353.98,285119.45
271.27,230420.59
231.2,202371.64

Montage_700_726.xml
366.78,294197.95
368.26,294652.57
282.87,238364.77
239.36,207212.3

Montage_700_727.xml
341.77,277251.01
343.17,278403.06
249.77,215261.2
231.87,201904.81

Montage_700_728.xml
332.41,270891.28
333.53,271750.95
247.53,213892.85
227.5,198702.59

Montage_700_729.xml
343,278036.61
342.04,277581.72
261.23,223740.26
225.73,198127.42

Montage_700_730.xml
315.48,259333.83
315.62,259831.75
238.18,207444.25
213.8,190182.5

Montage_700_731.xml
338.92,275066.23
334.83,272456.77
251.38,216688.24
223.01,196391.47

Montage_700_732.xml
353.52,285294.16
350.11,283175.47
271.94,231013.06
234.63,204336.51

Montage_700_733.xml
386.28,307399.07
386.27,307262.69
293.52,245685.47
254.05,217212.99

Montage_700_734.xml
373.63,298723.02
377.26,300871.43
281.39,237611.95
243.05,209704.33

Montage_700_735.xml
344.61,279075.07
347.24,280981.23
256.76,220574.61
224.91,197708.12

Montage_700_736.xml
346.39,280110.58
348.03,281400.01
257.42,220761.58
226.31,198952.14

Montage_700_737.xml
348.2,281411.79
343.79,278965.8
263.45,224821.39
231.46,202274.97

Montage_700_738.xml
358.93,289028.3
366.79,293637.5
279.79,236433.33
240.78,208585.69

Montage_700_739.xml
339.3,275080.63
339.04,275550.68
260.67,222661.8
221.51,195733.55

Montage_700_740.xml
374.27,298916.43
375.99,299917.76
287.69,241545.86
242.5,209234.89

Montage_700_741.xml
361.24,290281.7
362.24,290717.32
276.06,232969.98
236.95,206214.31

Montage_700_742.xml
322.49,264068.74
319.02,261308.61
238.32,208041.97
213.43,189982.08

Montage_700_743.xml
333.23,271386.94
329.61,269221.86
260.1,222497.63
218.05,193144.83

Montage_700_744.xml
299.7,248429.82
301.19,249293.57
223.33,197311.39
204.44,183805.38

Montage_700_745.xml
329.13,268784.77
325.84,266401.24
243.76,210970.86
226.19,198359.42

Montage_700_746.xml
325.06,265466
326.33,266598.95
241.3,209573.36
217.32,192245.35

Montage_700_747.xml
367.62,295119.18
373.45,298542.99
284.31,239584.78
236.15,205621.59

Montage_700_748.xml
363.33,291320.53
365.22,292799.54
281.26,237341.58
235.18,204667.75

Montage_700_749.xml
326.04,266173.87
328.84,268000.64
251.87,217104.01
215.22,190764.3

Montage_700_750.xml
352.43,284138.13
349.89,282622.43
264.31,225811.35
230.3,201352.8

Montage_700_751.xml
336.66,273814.27
332.89,271401.49
252.87,217693.77
226.02,198326.87

Montage_700_752.xml
354.17,285606.63
359.68,288950.15
271,230304.7
230.87,202149.02

Montage_700_753.xml
335.62,273114.81
336.9,273301.17
258.49,220994.43
227.2,199197.72

Montage_700_754.xml
349.42,282481.66
352.31,283800.78
264.01,225233.75
230.74,201594.97

Montage_700_755.xml
362.4,291218.2
363.8,292036.26
276.1,233565.13
234.07,204057.86

Montage_700_756.xml
334.94,272293.63
337.72,274260.36
256.02,219188.65
223.03,196695.49

Montage_700_757.xml
353.75,284913.17
352.76,284082.86
261.17,223391.96
230.72,201756.7

Montage_700_758.xml
356.85,287126.98
358.44,288640.23
262.42,224445.09
229.8,201196.77

Montage_700_759.xml
306.97,253354.9
306.69,253420.65
227.07,200209.52
205.49,184592.09

Montage_700_760.xml
363.61,291631.6
363.9,292156.61
276.3,233308.68
235.09,204900.24

Montage_700_761.xml
377.87,300678.29
379.17,302122.29
288.58,242103.55
241.6,209214.47

Montage_700_762.xml
372.57,298289.23
374,298793.36
280.69,237124.13
241.64,208842.1

Montage_700_763.xml
366.88,294268.49
363.25,291955.74
278.35,235744.42
240.81,208461.97

Montage_700_764.xml
357.13,287822.05
358.71,288555.96
272.8,231432.84
233.39,203436.99

Montage_700_765.xml
366.32,293923.55
362.46,291162.15
272.37,230878
236.84,205938.56

Montage_700_766.xml
358.76,288642.17
358.69,288750.79
274.67,232499.07
235.54,205181.13

Montage_700_767.xml
338.96,274798.41
336.05,272937.56
258.71,221859.16
220.11,194765.41

Montage_700_768.xml
342.02,277322.12
338.38,274557.87
265.46,226850.06
231.87,202311.67

Montage_700_769.xml
367.06,294493.25
367.34,294346.32
278.8,235370.2
238.37,207157.7

Montage_700_770.xml
369.25,295975.13
376.59,300921.36
279.56,236015.68
243.8,210412.57

Montage_700_771.xml
324.37,264988.22
331.16,269603.74
255.93,219353.44
222.81,195779.29

Montage_700_772.xml
300.93,249248.1
309.65,255386.73
226.81,199973
210.77,187508.72

Montage_700_773.xml
305.71,252038.4
306.88,253420.41
235.28,205817.87
208.95,186827.45

Montage_700_774.xml
324.94,265587.48
327.92,267582.64
239.27,208248.49
217.59,192921.76

Montage_700_775.xml
327.07,266882.22
326.94,266772.06
261.82,224201.82
216.63,191825.03

Montage_700_776.xml
323.83,264808.43
319.98,262362.15
240.31,209308.63
220.26,194540.92

Montage_700_777.xml
365.84,293428.71
372.37,297321.62
272.31,231148.44
235.25,205001.41

Montage_700_778.xml
337.34,273920.52
337.35,274438.4
251.26,216460.99
226.18,198543.18

Montage_700_779.xml
370.52,296740.27
366.84,294512.72
284.81,239897.43
241.48,208784.11

Montage_700_780.xml
343.31,277927.43
344.32,278776.95
255.57,219869.11
223.96,197083.04

Montage_700_781.xml
333.58,271669.71
329.94,269338.64
245.52,212461.53
224.7,197542.21

Montage_700_782.xml
339.23,275532.94
340.8,276676.35
248.25,214519.12
223.93,196959.42

Montage_700_783.xml
349.84,282182.57
348.91,281769.16
269.67,229342.39
237.75,206188.08

Montage_700_784.xml
320.34,262795.57
321.7,263388.27
238.7,207710.68
213.01,189667.97

Montage_700_785.xml
314.77,258399.92
311.11,256255.3
237.71,207206.93
214.14,190476.31

Montage_700_786.xml
359.55,289058.25
365.34,293182.95
282.92,238129.52
233.75,203368.53

Montage_700_787.xml
309.18,254175.58
310.18,255799.5
227.83,200432.74
213.78,189688.96

Montage_700_788.xml
327.9,267316.75
333.84,271719.81
253.37,218110.72
220.04,194156.4

Montage_700_789.xml
357.49,287818.69
363.71,291546.04
278.17,235114.49
236.97,206101.11

Montage_700_790.xml
354.33,285478.19
357.04,287106.76
276.52,234122.53
229.83,201511.83

Montage_700_791.xml
350.52,283142.8
352.24,284497.74
270.32,229607.45
227.86,199285.86

Montage_700_792.xml
334.9,271966.57
337.16,273398.43
255.66,219909.22
226.23,198782.53

Montage_700_793.xml
354.41,285857.58
350.69,283595.13
271.92,230893.19
235.84,205141.99

Montage_700_794.xml
343.43,278320.66
340.85,276082.17
265.56,226373.58
229.33,200726.16

Montage_700_795.xml
351.41,283581.52
354.29,285776.76
263.14,224677.21
230.07,201099.09

Montage_700_796.xml
359.09,288820.76
362.47,291293.8
267.82,227658.87
235.89,205082.93

Montage_700_797.xml
357.06,287771.63
355.13,286122.01
267.71,228752.36
232.87,203268.53

Montage_700_798.xml
332.43,270462.26
329.12,267991.17
255.64,219513.52
220.79,194982.23

Montage_700_799.xml
332.93,270648.18
328.49,268252.18
250.15,215779.37
220.11,194408.11

Montage_700_800.xml
358.59,288786.78
361.57,289967.65
278.54,235225.71
234.06,203250.39

Montage_700_801.xml
361.52,290157.16
362.83,291258.38
281.2,236634.55
233.21,203685.19

Montage_700_802.xml
325.75,266230.64
322.15,263973.32
236.33,206129.79
215.4,191476.79

Montage_700_803.xml
324.61,265135.99
328.42,267837.84
240.84,209032.4
219.8,194372.71

Montage_700_804.xml
344.81,279391.32
350.41,282975.77
261.57,223754.08
228.76,200453.41

Montage_700_805.xml
348.3,281208.86
348.17,281225.31
263.46,225296.97
232.36,202292.02

Montage_700_806.xml
343.41,278477.25
339.15,275853.12
255.32,219011.78
227.11,199092.48

Montage_700_807.xml
342.26,277148.53
343.81,278235.3
265.92,226647.31
227.96,199752.75

Montage_700_808.xml
324.61,265493.3
331.01,269987.64
241.09,209286.42
218.6,193319.82

Montage_700_809.xml
338.17,274843.19
341.48,276622.76
259.45,221933.22
225.58,198317.54

Montage_700_810.xml
369.44,295548.52
370.42,296462.88
284.7,239876.59
244.07,210973.44

Montage_700_811.xml
357.31,287929.9
358.92,289124.95
268.12,227866.32
231.53,202166.56

Montage_700_812.xml
342.77,277615.23
343.01,277868.48
255.33,219433.87
226.28,198432.86

Montage_700_813.xml
327.16,267288.3
332.99,271145.89
239.9,208755.01
215.67,191430.94

Montage_700_814.xml
326.46,266536.89
334.2,271738.39
240.37,209117.68
218.75,193560.31

Montage_700_815.xml
323.67,264553.15
327.09,266600.06
246.57,213365.39
219.16,193622.22

Montage_700_816.xml
369.01,295074.86
370.07,296758.43
284.74,239808.41
239.67,207989.34

Montage_700_817.xml
350.52,283291.57
353,284075.07
269.7,229086.75
234.67,204090.59

Montage_700_818.xml
369.18,296067.45
365.65,292962.62
285.13,239563.73
244.82,210768.53

Montage_700_819.xml
320.81,262767.3
334.46,272016.65
243.26,210865.13
216.16,191591.32

Montage_700_820.xml
332.26,270255.33
339.96,275235.4
250.14,215796.87
221.02,194993.75

Montage_700_821.xml
351.24,283651.1
348.12,281211.23
270.63,229862.76
231.87,202679.87

Montage_700_822.xml
357.66,288185.67
353.65,285045.01
273.64,231848.52
236.24,205572.54

Montage_700_823.xml
363.1,291295.53
366.01,293778.77
277.12,234329.1
238.45,206724.56

Montage_700_824.xml
345.6,279869.57
348.71,281063.72
262.94,224591.83
229.59,200259.3

Montage_700_825.xml
375.57,299895.47
377.78,301699.11
283.02,237950.71
241.75,209519.76

Montage_700_826.xml
357.06,287237.47
352.92,285164.17
279.05,236039.4
231.4,202095.6

Montage_700_827.xml
300.94,249400.99
301.2,248934.52
226.79,199637.03
210.27,187568.05

Montage_700_828.xml
386.12,307598.24
386.2,307773.16
293.37,245099.91
251.06,215102.34

Montage_700_829.xml
307.09,253251.93
304.52,251725.49
232.9,203879.32
209.32,186917.48

Montage_700_830.xml
341.4,276889.29
341.86,277178.48
254.73,219337.24
231.87,202257.72

Montage_700_831.xml
339.01,275345.15
342.32,277220.74
253.85,218120.03
225.41,197658.23

Montage_700_832.xml
325.06,265924.99
326.49,266692.71
246.58,213213.84
223,196074.28

Montage_700_833.xml
335.53,272468.65
332.16,270395.73
257.39,220806.09
219.85,194142.61

Montage_700_834.xml
324.61,265151.82
330.44,269347.66
255.81,219910.89
221.75,195462.68

Montage_700_835.xml
320,262540.49
316.88,260290.93
233.57,204457.33
213.28,189797.13

Montage_700_836.xml
338.79,274492.63
340.47,276346.45
263.9,225258
229.56,200567.49

Montage_700_837.xml
341.41,277042.73
342.46,277378.31
259.87,222637.01
233.64,203351.91

Montage_700_838.xml
354.73,286195.42
358.05,288516.9
266.91,227692.17
238.11,206389.63

Montage_700_839.xml
361.85,290460.94
364.36,292672.9
275.4,233358.5
237.11,206069.4

Montage_700_840.xml
355.13,285720.89
355.98,286593.2
272.97,230826.69
234.07,203768.3

Montage_700_841.xml
371.29,297244.96
367.43,294465.17
280.19,236635.08
239.96,208210.29

Montage_700_842.xml
362.54,291064.22
362.18,290841.57
274.93,232435.56
233.35,203449.01

Montage_700_843.xml
349.9,282422.71
352.33,284600.99
264.23,225579.2
227.74,199600.67

Montage_700_844.xml
345,279440.61
344.93,279455.87
256.56,220187.77
232.38,202469.47

Montage_700_845.xml
365.43,293522.63
368.23,294944.11
282.77,238850.16
238,206877.28

Montage_700_846.xml
339.18,275040.21
341.09,276107.63
247.7,214014.03
223.77,197166.46

Montage_700_847.xml
339.66,275608.35
339.72,275528.83
248.92,214589.79
227.09,199174.75

Montage_700_848.xml
369.97,295949.49
372.4,297858.15
284.73,239788.61
242.61,209995.85

Montage_700_849.xml
359.6,289357.87
364.31,292117.6
269.61,229230.08
237.59,206499.35

Montage_700_850.xml
321.69,263226.62
319.24,261687.09
255.24,219158.43
220.14,194379.61

Montage_700_851.xml
337.19,273618.64
333.98,271663.4
258.2,221680.96
224.56,197086.07

Montage_700_852.xml
337.2,273413.58
350.36,283104.48
262.75,224456.58
227.95,199434.9

Montage_700_853.xml
343.35,277856.89
349.34,281945.32
260.44,222680.61
231.5,202156.14

Montage_700_854.xml
352.5,284063.52
358.35,287944.57
269.97,229217.6
239.04,207010.08

Montage_700_855.xml
337.52,273956.8
333.52,271730.2
252.66,217371.22
220.51,194730.81

Montage_700_856.xml
350.77,283467.78
353.56,285225.37
259.44,221986.78
232.56,202963.77

Montage_700_857.xml
351.45,283209.74
354.23,285797.26
259.53,222411.88
230.46,201346.95

Montage_700_858.xml
327.43,267262.2
324.55,265127.02
242.53,210586.62
219.77,194381.18

Montage_700_859.xml
292.17,243383
288.5,241093.04
218.97,194412.18
198.45,179856.34

Montage_700_860.xml
353.29,284906.08
356.11,286480.78
260.63,223199.21
229.34,200898.35

Montage_700_861.xml
332.26,270873.58
332.88,271449.45
249.81,215638.14
223.34,196771.07

Montage_700_862.xml
342.82,277805.36
338.96,275546.05
253.51,217931.95
227.45,199297.92

Montage_700_863.xml
351.12,283541.52
347.99,281317.78
264.17,225450.44
231.37,202347.14

Montage_700_864.xml
340.54,275833.84
341.36,276903.03
259.37,222296.42
231.2,201357.95

Montage_700_865.xml
320.29,262285.71
316.45,260084.08
244.21,211384.53
213.08,189862.52

Montage_700_866.xml
364.43,292008.04
366.7,294370.92
282.44,238051.09
236.74,206039.53

Montage_700_867.xml
336.4,273338.57
342.9,276538.9
258.39,221423.24
224.23,197286.61

Montage_700_868.xml
358.95,288807.64
356.37,286935.31
263.36,224969.77
236.76,205638.2

Montage_700_869.xml
337.17,273595.46
335.17,272463.89
252.75,217248.06
225.97,198492.85

Montage_700_870.xml
340.81,276521.24
337.11,274098.74
263.64,225157.23
227.25,199445.42

Montage_700_871.xml
329.79,269220.87
326.16,266386.12
259.68,222207.82
222.47,195865.88

Montage_700_872.xml
356.06,286901.69
359.08,288972.38
267.95,227862.91
230.98,202101.24

Montage_700_873.xml
332.49,270868.25
333.81,271585.14
248.91,214802.41
218.84,193826.92

Montage_700_874.xml
329.05,268593.6
333.82,271519.05
247.82,214084.96
216.93,192216.1

Montage_700_875.xml
319.05,261279.39
320.25,262358.32
242.84,210632.47
217.23,192394.47

Montage_700_876.xml
361.48,290153.39
367.88,294078.98
274.11,232216.45
236.46,205465.07

Montage_700_877.xml
339.75,275556
341.61,277024.67
258.66,221723.13
221.05,195033.21

Montage_700_878.xml
333.12,271168.38
333.36,271069.95
250.74,216262.03
220.11,194354.34

Montage_700_879.xml
376.46,300663.79
373.72,298503.32
288.75,242217.31
245.85,212178.42

Montage_700_880.xml
314.09,258370
310.6,256093.12
230.89,202769.32
209.44,187355.35

Montage_700_881.xml
318.8,261640.76
315.7,259147.36
255.6,219371.65
213.96,190188.35

Montage_700_882.xml
353.15,284944.54
359.63,289312.62
266.64,226683.02
235.69,204942

Montage_700_883.xml
310.08,255321.33
315.02,258739.46
233.69,204372.1
207.67,186224.32

Montage_700_884.xml
341.52,277056.87
341.95,276782.12
259.28,222119.68
228.26,199985.28

Montage_700_885.xml
339.05,275247.91
339.28,275524.22
254.59,218751.04
228.88,200145.13

Montage_700_886.xml
318.08,261095.6
319.68,262218.33
237.31,206863.06
217.35,192080.26

Montage_700_887.xml
334.21,272051.52
337.52,273868.62
256.9,220430.19
225.23,197747.12

Montage_700_888.xml
361.88,290263.32
363.14,290780.97
281.73,236826.71
233.16,203233.91

Montage_700_889.xml
339.02,275368.95
340.47,276405.36
248.6,214893.22
230.43,201295.62

Montage_700_890.xml
366.94,294231.73
367.49,294389.63
278.52,235019.83
239.37,207741.31

Montage_700_891.xml
327.1,267171.41
323.57,264631.62
245.37,212420.37
219.57,194082.74

Montage_700_892.xml
346.49,280456.83
347.21,280621.06
262.7,224832.72
227.09,199390.12

Montage_700_893.xml
334.27,272027.27
337.49,274078.26
246.26,212683.61
224.87,197366.25

Montage_700_894.xml
348.32,281882.48
349.96,282787.24
258.31,221351.17
231.96,202564.25

Montage_700_895.xml
376.69,301195.36
378.37,302402.52
289.06,242667.92
247.85,212915.42

Montage_700_896.xml
318.23,260966.68
321.71,262796.38
237.76,207558.73
210.11,187731.48

Montage_700_897.xml
340.94,276711.08
344.38,278804.81
259.8,222631.21
233.32,203063.34

Montage_700_898.xml
326.59,267070.69
322.71,264078.8
246.88,214287.72
216.6,192020.1

Montage_700_899.xml
362.5,290819.17
362.48,290229.69
270.49,229764.16
239.24,207355.12

Montage_700_900.xml
332.67,270815.46
328.52,268429.67
243.15,211205.27
218.45,193242.62

Montage_700_901.xml
341.43,276912.66
341.5,276720.68
255.01,219080.33
225.55,198005.24

Montage_700_902.xml
316.85,260244.56
323.21,264619.2
232.9,204028.02
218.66,193269.96

Montage_700_903.xml
357.37,287209.21
360.14,289342.76
273.4,231926.35
236.65,205737.01

Montage_700_904.xml
321.7,263332.25
321.4,263502.33
239.85,208512.31
221.48,195074.68

Montage_700_905.xml
320.46,262466
321.59,263301.64
245.56,212934.31
216.22,192025.24

Montage_700_906.xml
315.05,258820.57
315.7,258968.49
241.28,209458.52
218.58,193252.3

Montage_700_907.xml
339.41,275065.89
341.24,276463.5
253.14,217912.82
227.78,199670.64

Montage_700_908.xml
374.87,299404.65
371.41,297217.63
287.06,240989.93
243.45,210127.22

Montage_700_909.xml
322.15,263903.15
323.34,264498.97
259.06,222032.83
212.15,189330.18

Montage_700_910.xml
357.58,287856.59
359.3,288449.26
272.68,231332.85
233.89,203619.84

Montage_700_911.xml
318.66,261531.26
319.18,261511.23
237.07,207031.94
215.54,191159.23

Montage_700_912.xml
344.65,279116.33
346.18,280240.01
251.08,216362.1
229.91,201084.47

Montage_700_913.xml
343.32,278318.54
344.69,279189.99
255.9,219744.35
229.87,200764.63

Montage_700_914.xml
359.56,289503.83
365.4,293394.53
279.75,236834.48
234.19,204266.3

Montage_700_915.xml
361.31,290563.64
362.16,290649.19
275.52,233114.25
233.59,203596.84

Montage_700_916.xml
327.34,267201.92
327.09,267365.7
241.92,210718.69
220,194339.83

Montage_700_917.xml
371.67,297650.6
374.69,298706.36
286.13,240688.07
243.01,209703.53

Montage_700_918.xml
364.88,293088.81
365.57,293537.07
277.08,234164.7
234.99,204392.97

Montage_700_919.xml
330.68,269371.34
333.41,271587.15
243.65,211503.53
217.42,192753.26

Montage_700_920.xml
340.4,275958.27
343.14,277523.06
252.65,217697.22
227.5,199557.25

Montage_700_921.xml
335.5,272996.33
341.93,277308.53
257.23,220609.16
224.07,196926.27

Montage_700_922.xml
306.87,253287.07
302.95,250756.77
243.51,210974.15
212.42,189031.32

Montage_700_923.xml
328.91,268505.93
325.69,266239.47
249.19,215061.78
221.81,195756.53

Montage_700_924.xml
348.67,282066
349.95,282155.83
263.71,225106.45
230,200987.87

Montage_700_925.xml
319.1,261303.33
320.14,262302.21
257.03,220061.12
212.38,188806.58

Montage_700_926.xml
345.58,279878.83
341.63,277422.53
260.83,222981.65
232.45,202588.84

Montage_700_927.xml
364.07,292337.52
365.23,292839.11
271.26,230399.77
236.71,205682.76

Montage_700_928.xml
311.96,256941.62
313.55,257809.04
238.29,207656.41
209.07,186980.74

Montage_700_929.xml
318.44,261188.55
321.71,263345.06
255.13,219056.16
216.41,191872.74

Montage_700_930.xml
340.7,276044.6
341.78,276856.41
258.68,221695.54
222.84,196027.9

Montage_700_931.xml
330.54,269172.18
338.43,274345.95
266.18,226973.55
225.13,197740.53

Montage_700_932.xml
360.05,289590.29
364.09,291774.51
274.12,232197.76
232.61,203343.8

Montage_700_933.xml
359.16,288516.46
365.26,293171.19
280.77,236783.32
237.22,205807.45

Montage_700_934.xml
336.11,273163.48
333.05,270965.27
243.24,210948.3
227.96,199756.02

Montage_700_935.xml
333.47,271673.21
340.31,276229.12
244.41,212488.15
225.73,198203.47

Montage_700_936.xml
375.04,299892.99
378.48,301700.67
282.53,238154.47
244.78,211461.61

Montage_700_937.xml
339.38,275613.37
341.93,277172.83
248.34,214370.89
224.54,197650.29

Montage_700_938.xml
370.87,296931.75
372.49,297338.74
279.13,235766.26
238.17,207072.56

Montage_700_939.xml
323.36,264645.58
323.59,264832.25
237.94,207820.86
219.66,193853.91

Montage_700_940.xml
353.27,284583.07
351.3,283467.03
275.08,232634.29
232.71,202667.27

Montage_700_941.xml
348.99,281453.94
346.85,280006.34
264.83,225581.82
226.67,198944.82

Montage_700_942.xml
341.7,277228.58
342.63,278085.58
255.22,219102.01
224.68,197717.4

Montage_700_943.xml
309.17,255037.56
306.45,253105.58
229.92,201719.33
210.91,188186.4

Montage_700_944.xml
314.36,258702.02
322.6,263549.42
236.86,206347.16
209.38,187103.52

Montage_700_945.xml
326.32,266651.8
327.81,267511.23
240.2,208947.77
219.58,194151.02

Montage_700_946.xml
368.11,294632.73
369.2,295234.24
278.75,235568.97
237.13,205934.38

Montage_700_947.xml
349.31,282127.76
345.63,280153.74
253.46,217826.6
227.26,199368.04

Montage_700_948.xml
360.44,289209.41
362.03,291038.86
279.35,235835.64
236.62,205722.3

Montage_700_949.xml
353.9,285114.32
354.92,285809.01
271.22,230701.01
232.15,202460.14

Montage_700_950.xml
378.71,302514.45
375.14,299950.52
289.94,243439.04
246.81,212535.15

Montage_700_951.xml
328.58,268352.61
331.51,269832.79
260.75,222802.6
221.39,195419.18

Montage_700_952.xml
322.92,264448.51
329.95,269236.03
238.52,207844.72
217.94,192725.62

Montage_700_953.xml
371.99,297808.88
368.04,295116.95
286.26,240710.18
241.53,209230.61

Montage_700_954.xml
328.84,268203.62
329.98,268637.34
240.7,209279.55
221.58,195013.38

Montage_700_955.xml
329.21,268730.11
329.69,268946.32
243.65,211313.7
219.59,193625.94

Montage_700_956.xml
317.28,259984.02
313.51,257753.44
242.51,210594.84
219.1,193758.92

Montage_700_957.xml
327.89,267615.12
333.95,271813.65
242.58,210816.65
218.55,193248.6

Montage_700_958.xml
356.18,286952.36
356.84,287509.97
267.5,227380.74
235.43,204727.25

Montage_700_959.xml
344.49,278975.83
345.07,278437.14
266.68,226980.56
226.11,198587.69

Montage_700_960.xml
357.47,287639.7
363.18,291710.59
267.08,227036.8
230.11,201297.66

Montage_700_961.xml
314.44,258230.46
313.93,258286.99
234.71,205530.46
211.19,188522.93

Montage_700_962.xml
339.11,275275.93
335.68,272792.53
266.72,226640.13
225.75,198417.17

Montage_700_963.xml
374.18,299501.11
370.08,296132.76
286.61,240395.91
239.55,207735.22

Montage_700_964.xml
316.18,259446.1
317.47,260394.8
251.65,217055.2
210.57,187945.77

Montage_700_965.xml
309.26,254792.75
315.31,259111.97
230.64,202962.19
205.46,184601.45

Montage_700_966.xml
345.35,279706.48
341.63,277255.68
255.83,220015.95
229.91,200959.42

Montage_700_967.xml
375.02,299871.18
381.27,304083.96
287.54,241769.59
244.67,211253.19

Montage_700_968.xml
377.2,300523.01
380.47,303368.86
283.25,238576
241.24,208931.61

Montage_700_969.xml
316.6,260097.3
316.76,259807.19
257.2,220556.34
213.48,189882.66

Montage_700_970.xml
345.31,279474.6
341.63,277285.45
262.05,223757.93
225.23,198198

Montage_700_971.xml
339.59,275871.2
341.31,276673.69
259.5,222313.28
224.57,197361.39

Montage_700_972.xml
304.78,251767.72
300.44,249175.69
230.32,202142.44
209.9,187512.64

Montage_700_973.xml
333.89,271544.49
335.03,272490.9
250.86,216266.92
226.55,198811.08

Montage_700_974.xml
341.42,276846.54
337.74,274644.96
260.22,221990.34
227.8,199170.61

Montage_700_975.xml
348.71,281409.43
349.52,282217.95
274.21,232418.94
235.79,205013.01

Montage_700_976.xml
359.31,288795.29
360.64,289860.41
268.86,228815.36
237.56,206581.98

Montage_700_977.xml
324.3,264854.07
324.27,265304.43
240.66,209795.63
216.94,192570.13

Montage_700_978.xml
367.27,294173.12
368.14,294372.3
278.27,234921.67
241,208453.35

Montage_700_979.xml
323.87,264650.06
324.99,265889.2
237.81,207034.9
217.44,192660.39

Montage_700_980.xml
357.3,287318.24
357.38,287544.16
278.5,235610.72
236.75,205252.8

Montage_700_981.xml
314.99,258968.17
312.26,257002.79
253.43,217716.66
213.1,189612.82

Montage_700_982.xml
352.31,284171.08
356.57,286844.65
265.52,227160.86
232.73,203224.44

Montage_700_983.xml
347.97,280944.19
350.63,282995.89
257.69,221244.22
231.3,201910.21

Montage_700_984.xml
353.27,285156.86
353.34,284290.85
275.08,233050.25
236.25,205208.99

Montage_700_985.xml
354.67,285991.56
350.87,283573.45
265.86,226508.07
231.84,202807.89

Montage_700_986.xml
370.14,296356.85
369.56,295808.6
285.35,240202.37
242.82,209450.65

Montage_700_987.xml
328.12,267627.99
329.19,268911.03
247.9,214613.89
218.04,193405.43

Montage_700_988.xml
341.07,276829.83
339.03,275273.76
254.77,218809.12
225.69,198491.95

Montage_700_989.xml
305.24,252253.53
306.74,253457.15
228.7,201494.13
211.85,188555.8

Montage_700_990.xml
338.54,275099
344.48,279122.56
258.94,221837.95
226.73,199028.05

Montage_700_991.xml
310.34,255494.94
310.73,255596.78
228.61,201235.64
210.77,188079.94

Montage_700_992.xml
375.77,299764.99
378.46,301594.41
282.41,237755.54
243.92,210782.05

Montage_700_993.xml
354,284997.3
360.8,289874.96
265.41,226281.6
232.71,203210.63

Montage_700_994.xml
360.25,289216.89
360.18,289778.87
279.27,235963.38
235.61,205261.57

Montage_700_995.xml
348.34,281793.73
349.91,282558.47
263.57,225127.5
229.19,200928.64

Montage_700_996.xml
320.72,262356.56
317.87,260325.73
244.8,212653.41
214.75,190948.43

Montage_700_997.xml
325.48,266221.43
327.05,267274.82
263.72,224800.23
216.3,191805.66

Montage_700_998.xml
335.31,272994.06
336.73,273896.77
257.08,220742.33
224.93,197742.98

Montage_700_999.xml
314.17,258053.5
315.42,259345.86
241.5,209893.56
211.55,188662.86

Montage_700_1000.xml
346.63,280704.17
347.82,281121.78
263.25,225096.35
227.84,199827.67

