Montage_100_1.xml
72.9,54210.77
72.27,53740.23
52.58,40483.09
44.85,34807.89

Montage_100_2.xml
73.5,54538.87
72.86,54167.12
52.78,40728.47
45.55,35243.73

Montage_100_3.xml
79.59,58824.95
79.17,58412.9
55.91,42895.32
48.37,37205.37

Montage_100_4.xml
75.6,56010.92
74.75,55381.14
53.74,41531.25
45.98,35584.12

Montage_100_5.xml
70.17,52372.49
69.56,51902.25
51.03,39493.99
43.52,33882.28

Montage_100_6.xml
73.96,54922.56
73.37,54498.7
53.21,41045.91
45.46,35208.66

Montage_100_7.xml
68.84,51439.37
68.24,51006.06
45.1,35312.97
42.92,33432.01

Montage_100_8.xml
71.61,53331.79
71.01,52920.91
51.92,40102.17
44.42,34500.42

Montage_100_9.xml
70.78,52771.35
70.25,52373.58
51.56,39883.06
44.03,34242.55

Montage_100_10.xml
77.84,57517.06
77.21,57113.64
54.95,42331.85
47.52,36638.64

Montage_100_11.xml
69.83,52110.77
69.1,51590.36
41.73,32842.28
43.41,33828.28

Montage_100_12.xml
73.32,54523.59
72.56,53914.21
52.92,40765.48
45.25,35047.34

Montage_100_13.xml
77.53,57352.81
76.49,56646.08
54.97,42144.81
47.02,36301.89

Montage_100_14.xml
75.15,55690.17
74.5,55235.34
53.53,41197.15
45.95,35561.69

Montage_100_15.xml
74.34,55185.31
73.56,54648.96
53.22,41046.72
45.74,35385.38

Montage_100_16.xml
72.68,54066.01
72.23,53708.64
52.49,40496.53
44.9,34803.63

Montage_100_17.xml
76.51,56614.84
75.37,55873.21
54.22,41672.96
46.47,35911.32

Montage_100_18.xml
78.76,58196.97
77.93,57639.95
55.52,42567.47
47.92,36918.22

Montage_100_19.xml
70.45,52523.62
69.85,52027.55
51.32,39668.34
43.84,34097.81

Montage_100_20.xml
73.68,54755.16
73.08,54300.04
52.78,40740.27
45.21,35058.91

Montage_100_21.xml
70.67,52656.37
70.07,52224.53
46.13,36170.77
43.92,34161.04

Montage_100_22.xml
73.62,54729.19
72.7,54039.88
52.96,40876.31
45.3,35106.51

Montage_100_23.xml
70.1,52318.28
69.41,51761.44
45.85,35889.04
43.54,33898.59

Montage_100_24.xml
74.9,55602.72
74.36,55155.57
53.58,41238.02
46.02,35573.2

Montage_100_25.xml
73.9,54974.16
73.25,54394.31
53.09,40902.64
45.36,35149.52

Montage_100_26.xml
76.75,56831.93
76.06,56333.65
54.51,41922.58
46.91,36149.73

Montage_100_27.xml
72.81,54195.35
72.13,53577.11
52.55,40556.88
44.62,34643.62

Montage_100_28.xml
67.01,50190.14
66.31,49673.31
44.27,34760.11
42.15,32943.87

Montage_100_29.xml
76.77,56880.04
75.74,56040.59
54.43,41793
46.69,36053.4

Montage_100_30.xml
69.18,51700.37
68.68,51223.89
50.88,39404.53
43.08,33587.48

Montage_100_31.xml
70.48,52585.89
69.9,52142.54
51.24,39697.23
43.77,34035.38

Montage_100_32.xml
79.73,58898.61
78.98,58127.46
56.04,42942.11
47.99,36961.81

Montage_100_33.xml
68.97,51509.74
68.52,51143.37
50.51,39152.2
43.12,33590.98

Montage_100_34.xml
72.44,53905.56
71.34,53126.33
52.06,40145.16
44.52,34567.84

Montage_100_35.xml
72.42,53856.93
71.4,53080.4
52.12,40223.5
44.37,34230.33

Montage_100_36.xml
72.11,53654.63
71.18,52941.84
51.78,40026.06
44.46,34514.5

Montage_100_37.xml
70.77,52779.39
70.16,52311.54
51.54,39850.58
43.91,34145.89

Montage_100_38.xml
74.39,55249.81
73.68,54728.55
53.37,41057.67
45.71,35330.3

Montage_100_39.xml
69.5,51885.94
68.78,51399.52
45.57,35693.07
43.27,33718.45

Montage_100_40.xml
74.25,55171.07
73.77,54677.76
53.28,41087.67
45.55,35272.57

Montage_100_41.xml
73.32,54529.28
72.66,53996.19
52.84,40715.39
45.22,35029.54

Montage_100_42.xml
72.86,54206.38
72.06,53600.63
52.41,40554.11
44.7,34699.56

Montage_100_43.xml
72.62,54033.71
72.03,53609.27
52.26,40307.34
44.79,34751.2

Montage_100_44.xml
73.23,54439.81
72.69,54024.95
52.69,40618.53
45.04,34889.21

Montage_100_45.xml
70.46,52530.93
70.07,52220.21
51.32,39741.87
43.77,34051.45

Montage_100_46.xml
73.23,54428.23
72.79,54092.13
52.67,40628.28
45.32,35104.4

Montage_100_47.xml
73.44,54580.72
72.9,54129.52
52.84,40807.27
45.27,35062.56

Montage_100_48.xml
75.42,55893.71
74.44,55150.25
53.72,41383.57
46.15,35667.99

Montage_100_49.xml
67.56,50566.07
66.87,50060.12
44.47,34932.88
42.34,33061.25

Montage_100_50.xml
72.52,53912.57
72.25,53707.01
47.01,36649.25
44.88,34814.69

Montage_100_51.xml
69.3,51707.24
68.55,51144.25
45.24,35491.69
43.11,33625.1

Montage_100_52.xml
71.12,52979.56
70.28,52402.22
51.33,39749.23
43.83,34116.19

Montage_100_53.xml
68.7,51350.39
68.04,50868.79
49.88,38651.68
42.93,33468.96

Montage_100_54.xml
74.07,55042.21
73.41,54503.83
53.25,41053.16
45.37,35154.39

Montage_100_55.xml
74.91,55588.55
74.27,55114.17
53.54,41264.28
46,35562.45

Montage_100_56.xml
69.46,51869.77
68.78,51325.42
50.17,38859.26
43.29,33719.48

Montage_100_57.xml
71.12,52934.74
70.63,52643.96
51.57,39991.71
44.03,34236.81

Montage_100_58.xml
73.49,54543.6
72.56,53950.15
52.69,40547.54
45.16,34955.08

Montage_100_59.xml
71.43,53155.98
70.91,52773.04
46.29,36150.53
44.38,34465.1

Montage_100_60.xml
70.73,52671.91
70.1,52282.47
51.41,39729.35
43.97,34175.94

Montage_100_61.xml
73.53,54645.13
73.01,54187.4
53.04,40866.01
45.25,35083.91

Montage_100_62.xml
70.44,52583.24
69.67,51996.04
51.02,39468.45
43.56,33926.69

Montage_100_63.xml
75.73,56045.81
75.03,55609.56
53.74,41302.97
46.15,35677.79

Montage_100_64.xml
77.33,57260.45
76.75,56749.59
54.78,42117.73
47.01,36254.65

Montage_100_65.xml
67.16,50325.47
66.61,49883.05
44.24,34697.87
42.15,32936.99

Montage_100_66.xml
74.57,55316.2
73.61,54611.25
53.4,41060.14
45.63,35332.66

Montage_100_67.xml
69.76,52102.11
69.41,51705.51
50.93,39314.58
43.5,33871.08

Montage_100_68.xml
73.36,54533.34
72.76,54026.27
52.73,40731.25
45.03,34941.76

Montage_100_69.xml
72.39,53824.56
71.53,53229.04
43.03,33757.21
44.63,34657.82

Montage_100_70.xml
68.7,51396.44
67.9,50764.45
45.06,35326.89
42.59,33231.01

Montage_100_71.xml
72.97,54296.47
72.32,53807.54
52.65,40580.44
45.02,34906.49

Montage_100_72.xml
70.11,52245.58
69.15,51606.23
45.56,35561
43.51,33865.96

Montage_100_73.xml
73.01,54284.16
72.48,53887.74
47.19,36841.57
45.04,34916.74

Montage_100_74.xml
73.06,54274.53
72.53,53928.68
52.77,40634.86
44.91,34856.25

Montage_100_75.xml
72.41,53814.59
71.88,53469.32
52.33,40403.25
44.81,34767.04

Montage_100_76.xml
68.77,51350.88
68.18,50942.73
45.04,35307.51
43.06,33574.35

Montage_100_77.xml
74.12,55061.83
73.49,54562.11
53.32,40954.91
45.46,35214.04

Montage_100_78.xml
69.7,51961.27
68.96,51514.96
45.51,35504.75
43.31,33730.93

Montage_100_79.xml
76.94,57003.89
76.36,56522.4
54.65,42003.36
46.99,36237.99

Montage_100_80.xml
68.38,51081.36
67.62,50565.95
42.53,33215.28
42.48,33203.12

Montage_100_81.xml
73.76,54773.99
72.82,54143.9
47.65,37205.14
45.6,35299.23

Montage_100_82.xml
72.37,53800.84
71.36,53119.18
52.16,40374.37
44.54,34579.07

Montage_100_83.xml
73.72,54713.1
73.37,54494.58
53.09,40792.51
45.25,35058.84

Montage_100_84.xml
75.75,56157.09
75.12,55698.21
53.95,41614.14
46.42,35875.26

Montage_100_85.xml
74.07,54916.34
73.37,54505.75
53.26,40984.22
45.79,35430.43

Montage_100_86.xml
74.72,55518.76
74.12,55009.3
53.59,41310.32
45.63,35365.21

Montage_100_87.xml
76.38,56604.75
75.95,56246.43
54.31,41802.78
46.59,35974.93

Montage_100_88.xml
77.18,57051.22
76.41,56573.98
54.74,42016.71
47.09,36328.34

Montage_100_89.xml
71.07,52891.6
70.46,52518.91
51.6,39847.64
44.19,34350.61

Montage_100_90.xml
77.75,57518.55
77.26,57148.48
55,42253.74
47.57,36636.65

Montage_100_91.xml
77.1,57005.95
76.43,56599.35
54.65,42093.36
47.01,36240.2

Montage_100_92.xml
66.29,49721.63
65.7,49255.82
44.03,34320.82
41.76,32668.1

Montage_100_93.xml
70.7,52714.58
69.92,52148.18
51.52,39818.45
43.63,33978.14

Montage_100_94.xml
72.14,53663.53
71.38,53124.02
51.86,40054.86
44.33,34442.87

Montage_100_95.xml
73.63,54734.6
72.99,54216.97
53.08,40951.55
45.28,35095.91

Montage_100_96.xml
69.78,52087.09
69.15,51609.74
51.18,39614.89
43.51,33867.31

Montage_100_97.xml
75.24,55822.94
74.6,55243.43
55.3,42556.58
44.4,34522.4

Montage_100_98.xml
71.17,53017.2
70.28,52386.34
51.26,39670.19
43.8,34055.49

Montage_100_99.xml
73.62,54714.19
73.17,54292.42
52.76,40642.83
45.27,35077.95

Montage_100_100.xml
70.97,52924.5
70.37,52437.99
46.23,35988.46
44.13,34283.67

Montage_100_101.xml
72.26,53764.18
71.39,53177.12
52.21,40371.93
44.49,34567.97

Montage_100_102.xml
74.1,55065.13
73.5,54582.36
53.14,40974.66
45.45,35182.5

Montage_100_103.xml
74.44,55243.54
73.64,54686.27
53.26,41093.14
45.84,35462.68

Montage_100_104.xml
71.25,53115.69
70.81,52743.33
51.65,40003.65
43.99,34201.86

Montage_100_105.xml
75.33,55886.92
74.69,55407.27
53.8,41279.36
46.2,35714.08

Montage_100_106.xml
68.02,50858.95
67.29,50330.73
44.65,35095.08
42.32,33059.74

Montage_100_107.xml
77.11,57037.21
76.21,56442.49
54.88,42173.28
46.9,36211.05

Montage_100_108.xml
73.48,54622.2
72.72,54060.84
52.89,40720.44
45.32,35113.76

Montage_100_109.xml
69.59,51952.94
68.74,51337.41
45.32,35525.47
43.03,33544.63

Montage_100_110.xml
73.21,54467.35
72.55,53949.88
52.81,40659.64
44.82,34755.61

Montage_100_111.xml
70.03,52241.51
69.45,51824.32
45.79,35764.01
43.51,33871.29

Montage_100_112.xml
71.81,53505.48
71.06,52928.49
46.78,36609.51
44.29,34417.53

Montage_100_113.xml
70.36,52482.55
69.87,52064.21
51.16,39781.98
43.67,33977.39

Montage_100_114.xml
75.13,55707.6
74.38,55156.78
53.75,41358.76
45.98,35570.53

Montage_100_115.xml
76.25,56440.87
75.45,55915.23
54.11,41739.06
46.48,35936.22

Montage_100_116.xml
73.11,54304.77
72.53,53935.27
52.72,40572.67
45.04,34913.45

Montage_100_117.xml
74.17,55106.54
73.57,54642.76
53.24,41029.08
45.55,35275.96

Montage_100_118.xml
70.44,52533.4
70,52210.3
51.33,39750.76
43.72,34032.5

Montage_100_119.xml
70.88,52842.7
70.35,52427.76
51.6,39953.1
43.73,34038.65

Montage_100_120.xml
71.89,53575.28
71.44,53137.34
51.89,40015.56
44.4,34507.22

Montage_100_121.xml
74.32,55146.08
73.4,54456.42
53.17,40973.25
45.59,35308.68

Montage_100_122.xml
75.86,56254.13
75.38,55891.49
54.28,41694.83
46.21,35741.11

Montage_100_123.xml
69.05,51499.82
68.28,51027.91
50.35,38937.45
43.03,33532.23

Montage_100_124.xml
73.91,54911.06
73.2,54386.13
53.06,40875.88
45.55,35261.12

Montage_100_125.xml
76.29,56491.59
75.58,56016.71
54.26,41780.18
46.46,35892.61

Montage_100_126.xml
76.23,56493.83
75.44,55831.16
54.12,41710.34
46.44,35902.53

Montage_100_127.xml
71.7,53360.05
70.8,52737.4
51.92,39980.32
44.13,34292.79

Montage_100_128.xml
74.46,55194.77
73.96,54805.61
53.41,41077.6
45.75,35392.78

Montage_100_129.xml
72.7,54095.06
71.96,53507.36
52.5,40465.78
44.71,34675.45

Montage_100_130.xml
73.06,54287.43
72.37,53820.43
52.49,40538.54
45.01,34902.64

Montage_100_131.xml
67.57,50492.1
66.94,50101.12
44.39,34876.18
42.2,32964.65

Montage_100_132.xml
71.99,53557.57
71.13,52987.51
44.24,34437.7
44.38,34496.05

Montage_100_133.xml
68.89,51496.62
68.19,51011.1
45.22,35256.99
42.92,33471.39

Montage_100_134.xml
71.99,53536.16
71.55,53215.27
46.79,36594.02
44.54,34579.99

Montage_100_135.xml
73.05,54291.02
72.11,53661.23
52.53,40603.58
45.04,34919.04

Montage_100_136.xml
76.57,56726.21
76.21,56358.03
54.45,41899.85
46.91,36146.72

Montage_100_137.xml
71.11,52956
70.27,52425.34
43.74,34093.49
43.9,34155.97

Montage_100_138.xml
73.35,54553.56
73.16,54327.41
43.59,33968.47
45.34,35149.83

Montage_100_139.xml
69.11,51545.58
68.14,50938.82
50.33,38983.49
42.98,33514.51

Montage_100_140.xml
71.02,52896.29
70.43,52492.3
51.57,39899.79
43.88,34151.65

Montage_100_141.xml
76.42,56598.74
75.82,56149.08
54.18,41582.88
46.79,36110.12

Montage_100_142.xml
71.37,53173.05
70.49,52531.95
51.47,39785.71
44.16,34308.32

Montage_100_143.xml
74.14,55100.39
73.47,54564.09
53.3,40997.54
45.34,35131.11

Montage_100_144.xml
71.55,53247.45
71.13,52929.93
46.49,36241.17
44.23,34345.61

Montage_100_145.xml
70.3,52365.98
69.66,51974.02
51.11,39620.98
43.58,33910.16

Montage_100_146.xml
74.42,55122.49
73.57,54559.94
53.31,41068.56
45.65,35362.11

Montage_100_147.xml
68.58,51174.65
67.77,50624.46
44.84,35124.95
42.69,33302

Montage_100_148.xml
73.21,54425.58
72.55,53950.73
52.76,40631.98
45.14,34994.34

Montage_100_149.xml
71.49,53200.94
70.86,52792.25
46.4,36027.49
44.28,34364.93

Montage_100_150.xml
75.68,56165.42
75.21,55673.12
54.12,41650.19
46.18,35688.97

Montage_100_151.xml
72.69,54026.65
71.94,53453.31
52.35,40478.08
44.65,34648.4

Montage_100_152.xml
71.68,53291.29
70.69,52662.74
51.96,40010.65
44.32,34409.35

Montage_100_153.xml
75.87,56163.61
75.1,55667.72
44.8,34834.69
46.56,35963.69

Montage_100_154.xml
75.65,56127.98
75.13,55679.65
54.01,41680.93
46.24,35730.14

Montage_100_155.xml
76.25,56524.34
75.54,55969.93
54.34,41786.19
46.4,35874.29

Montage_100_156.xml
71.01,52889.16
70.23,52354.59
46.02,35840.49
44.04,34235.23

Montage_100_157.xml
67.99,50851.1
67.02,50165.34
49.89,38638.46
42.49,33170.49

Montage_100_158.xml
73.13,54330.22
72.65,53921.9
52.83,40760.56
45.15,34899.56

Montage_100_159.xml
76.11,56402.58
75.37,55886.46
54.31,41724.7
46.69,35993.92

Montage_100_160.xml
73.17,54410.39
72.5,53897.37
52.75,40703.14
45.31,35065.53

Montage_100_161.xml
69.07,51457.03
68.37,51094.8
50.59,39256.47
42.97,33506.68

Montage_100_162.xml
73.24,54454.24
72.63,53999.3
52.72,40738.41
45.31,35064.62

Montage_100_163.xml
70.18,52354.17
69.59,51901.75
45.93,35855.54
43.84,34102.33

Montage_100_164.xml
72.61,53949.75
72.02,53587.12
52.45,40439.9
44.81,34569.92

Montage_100_165.xml
74.03,54960.6
73.3,54443.38
53.29,41054.97
45.58,35308.69

Montage_100_166.xml
70.61,52527.72
69.4,51792.34
51.25,39577.16
43.64,33941.91

Montage_100_167.xml
70.84,52816.39
70.16,52255.55
42.36,33280.51
43.73,34022.72

Montage_100_168.xml
70.9,52781.39
69.94,52163.69
46.1,35899.23
43.7,34014.05

Montage_100_169.xml
76.97,56971.98
76.41,56559.38
54.67,42056.1
46.95,36229.56

Montage_100_170.xml
76.09,56358.79
75.18,55534.04
54.31,41737.01
46.61,35980.15

Montage_100_171.xml
72.11,53663.95
71.5,53219.74
51.9,40049.89
44.3,34434.13

Montage_100_172.xml
75.28,55837.02
74.52,55219.79
53.82,41442.96
46.09,35651.33

Montage_100_173.xml
72.7,54068.23
71.87,53475.95
52.54,40417.89
44.88,34838.16

Montage_100_174.xml
74.01,54988.4
73.05,54289.97
52.96,40773.34
45.51,35232.27

Montage_100_175.xml
77.64,57456.84
76.89,56852.05
54.93,42086.35
47.41,36524.36

Montage_100_176.xml
72.91,54168.55
72.32,53718.33
52.65,40637.65
45.17,34991.9

Montage_100_177.xml
75.02,55686.3
74.53,55297.7
53.7,41467.39
46.14,35693.23

Montage_100_178.xml
70.96,52893.14
70.37,52442.86
51.4,39765.25
44.03,34212.57

Montage_100_179.xml
76,56351.8
75.23,55754.47
54.01,41650.06
46.38,35846

Montage_100_180.xml
72.07,53613.68
71.23,53051.05
51.9,40148.41
44.48,34543.52

Montage_100_181.xml
76.74,56818.6
76.17,56350.1
54.5,41828.54
46.83,36153.62

Montage_100_182.xml
71.5,53296.76
71.02,52823.88
51.7,40009.94
44.3,34428.32

Montage_100_183.xml
68.07,50895.01
67.62,50564.39
42.52,33232.26
42.84,33415.49

Montage_100_184.xml
77.3,57204.61
76.92,56885.94
54.81,42035.72
47.31,36471.02

Montage_100_185.xml
75.37,55785.46
74.32,55158.07
53.77,41371.97
45.68,35373.84

Montage_100_186.xml
72.64,54017.17
72.17,53666.28
43.21,33845.43
44.93,34839.98

Montage_100_187.xml
70.72,52676.44
69.98,52196.24
51.1,39464.94
43.79,34065.86

Montage_100_188.xml
70.39,52483.83
69.53,51883.94
50.72,39235.98
43.56,33913.35

Montage_100_189.xml
71.63,53244.58
70.76,52711.44
51.95,40108.85
44.17,34330.68

Montage_100_190.xml
73.06,54320.34
72.34,53797.14
52.64,40591.16
45.02,34916.23

Montage_100_191.xml
70.6,52632.28
69.64,51954.07
45.84,35844.6
43.68,33978.02

Montage_100_192.xml
71.69,53413.63
70.9,52830.51
52.09,40280.65
44.14,34309.79

Montage_100_193.xml
77.62,57510.98
76.86,56890.47
54.96,42236.04
46.82,36137.55

Montage_100_194.xml
72.94,54235.47
72.26,53765.16
52.6,40489.48
45.06,34879.11

Montage_100_195.xml
69.82,52141.92
69.35,51730.22
45.65,35659.27
43.39,33804.39

Montage_100_196.xml
78.18,57801.78
77.55,57365.33
55.29,42386.84
47.49,36602.42

Montage_100_197.xml
72.19,53757.64
71.49,53208.86
47.74,36790.38
44.4,34483.05

Montage_100_198.xml
73.8,54861.08
73.16,54356.7
47.65,37233.08
45.2,35049.4

Montage_100_199.xml
78.6,58128.6
77.89,57561.48
55.45,42683.89
47.77,36809.69

Montage_100_200.xml
77.01,57009.85
76.28,56483.19
54.44,41920.19
46.99,36244.54

Montage_100_201.xml
69.32,51711.78
68.42,51113.81
41.47,32702.44
43.2,33664.48

Montage_100_202.xml
74.26,55138.78
73.87,54860.09
53.25,40760.77
45.78,35401.27

Montage_100_203.xml
69.15,51644.65
68.53,51178.96
42.98,33578.5
43.05,33429.96

Montage_100_204.xml
72.53,53985.23
72.01,53512.24
52.34,40397.29
44.83,34785.09

Montage_100_205.xml
74.46,55221.84
73.59,54608.84
53.34,41083.92
45.71,35371.59

Montage_100_206.xml
74.97,55652.48
74.32,55083.64
53.56,41281.78
46.09,35634.81

Montage_100_207.xml
75.79,56232
75.19,55733.45
54.31,41656.73
46.35,35821.33

Montage_100_208.xml
69.38,51675.4
68.82,51401.97
45.35,35449.53
43.49,33811.25

Montage_100_209.xml
71.58,53323.54
70.81,52746.26
51.89,40037
44.25,34376.24

Montage_100_210.xml
68.57,51210.89
68.08,50906.95
45.04,35084.9
42.67,33314.32

Montage_100_211.xml
75.27,55818.7
74.8,55488.98
53.7,41373.46
46.25,35741.48

Montage_100_212.xml
71.26,53048.8
70.5,52540.43
51.61,39541.75
44.03,34240.2

Montage_100_213.xml
68.81,51440.89
68.31,51038.68
50,38701.35
43.05,33539.32

Montage_100_214.xml
75.82,56053.57
75.19,55745.79
53.98,41643.2
46.43,35871.81

Montage_100_215.xml
75.02,55627.7
74.3,55109.14
53.63,41254.11
45.77,35382.75

Montage_100_216.xml
73.93,54933.7
73.51,54583.33
53.11,40954.57
45.56,35260.63

Montage_100_217.xml
74.74,55426.04
74.16,55062.39
53.46,41193.57
46.02,35574.97

Montage_100_218.xml
76.41,56488.56
75.85,56100.07
54.31,41670.31
46.74,36079.53

Montage_100_219.xml
70.93,52782.97
70.12,52282.75
51.41,39814.04
43.99,34190.5

Montage_100_220.xml
71.25,53075.23
70.43,52479.78
51.47,39851.05
43.93,34154.57

Montage_100_221.xml
75.41,55955.07
74.99,55526.12
53.97,41587.97
46.16,35641.51

Montage_100_222.xml
76.77,56860.18
76.05,56345.93
54.63,42012.2
46.89,36214.04

Montage_100_223.xml
69.68,51930.24
68.97,51510.62
45.49,35700.9
43.19,33626.16

Montage_100_224.xml
70.02,52187.87
69.48,51721.04
45.62,35536.81
43.63,33924.91

Montage_100_225.xml
70.88,52872
70.3,52374.93
46.16,36072.95
44.04,34238.56

Montage_100_226.xml
73.32,54497.83
72.51,53916.96
52.86,40730.11
44.94,34858.37

Montage_100_227.xml
72.5,53933.31
71.62,53299.32
44.54,34576.29
44.47,34535.95

Montage_100_228.xml
69.42,51851.6
68.77,51345.57
45.44,35269.9
43.37,33786.93

Montage_100_229.xml
68.51,51241.84
67.85,50727.89
49.84,38589.77
42.77,33376.34

Montage_100_230.xml
73.08,54321.02
72.24,53716.19
52.79,40661.07
44.66,34679.54

Montage_100_231.xml
71.46,53270.96
70.63,52619.93
51.87,39992.33
44.05,34271.6

Montage_100_232.xml
71.22,53010.89
70.28,52275.64
42.53,33429.56
43.87,34109.68

Montage_100_233.xml
67.42,50462.71
66.89,50069.45
44.53,34756.72
42.28,33017.68

Montage_100_234.xml
69.58,51914.35
68.99,51464.31
45.67,35744.76
43.37,33771.59

Montage_100_235.xml
74.02,54993.68
73.65,54678.49
53.15,41042.98
45.65,35343.86

Montage_100_236.xml
71.87,53408.54
70.48,52418.36
51.5,39853.39
44.24,34369.46

Montage_100_237.xml
76.06,56296.32
75.46,55941.68
54,41563.21
46.54,35907.14

Montage_100_238.xml
73.82,54774.29
72.9,54161.11
53.11,40920.3
45.21,35049.84

Montage_100_239.xml
72.35,53883.44
71.72,53374.98
52.31,40370.84
44.63,34675.53

Montage_100_240.xml
71.93,53590.9
71.32,53092.36
52.08,40202.51
44.17,34356.23

Montage_100_241.xml
67.11,50247.27
66.61,49895.49
44.23,34675.75
41.98,32833.89

Montage_100_242.xml
73.34,54238.51
72.7,54033.11
52.7,40583.5
45.14,34985.5

Montage_100_243.xml
76.62,56708.37
75.58,56004.3
54.22,41724.43
46.66,36044.45

Montage_100_244.xml
72.25,53797.26
71.47,53199.41
52.33,40378.05
44.52,34523.4

Montage_100_245.xml
74.98,55655.22
74.54,55293.31
53.71,41344.85
45.99,35597.04

Montage_100_246.xml
71.97,53616.44
71.36,53118.9
42.93,33605.74
44.52,34581.46

Montage_100_247.xml
70.35,52460.04
69.79,52063.1
51.04,39451.32
43.64,33945.66

Montage_100_248.xml
72.59,54014.62
72.04,53622.19
52.42,40499.07
44.83,34779.18

Montage_100_249.xml
70.14,52322.29
69.67,51964.78
45.85,35893.95
43.73,34047.88

Montage_100_250.xml
67.45,50482.6
66.87,50097.4
44.45,34844.75
42.26,33014.97

Montage_100_251.xml
69.52,51877.63
68.88,51433.46
50.59,39242.07
43.26,33705.07

Montage_100_252.xml
74.12,55030.48
73.25,54394.65
53.11,40926.28
45.44,35150.24

Montage_100_253.xml
68.12,50984.71
67.57,50507.55
44.7,35057.01
42.69,33320.95

Montage_100_254.xml
73.15,54422.26
72.35,53725.17
52.44,40541.03
44.95,34838.57

Montage_100_255.xml
70.03,52224.43
69.28,51717.23
45.7,35742.94
43.63,33959.67

Montage_100_256.xml
73.75,54794.97
73.1,54329.07
53.07,40870.87
45.28,35100.03

Montage_100_257.xml
71.83,53510.59
71.16,53001.61
52.04,40151.84
44.39,34466.83

Montage_100_258.xml
69.79,52064.36
69.29,51698.74
45.62,35785.05
43.43,33789.1

Montage_100_259.xml
74.43,55238.39
73.6,54654.87
53.26,41028.53
45.66,35317.16

Montage_100_260.xml
68.25,50980.39
67.6,50558.26
45.91,35604.23
42.74,33362.29

Montage_100_261.xml
73.12,54365.96
72.8,54030.87
52.78,40660.42
45.31,35054.52

Montage_100_262.xml
68.51,51140.54
67.63,50578.3
41.03,32269.64
42.58,33225.74

Montage_100_263.xml
73.44,54520.56
72.8,54135.13
52.83,40773.38
45.29,35112.36

Montage_100_264.xml
78.44,58015.87
77.74,57493.23
55.29,42392.02
47.54,36636.02

Montage_100_265.xml
71.56,53317.94
70.73,52692.34
52.03,40050.51
43.92,34170.91

Montage_100_266.xml
77.06,56963.07
76.15,56396.74
54.63,42055.96
47.06,36247.51

Montage_100_267.xml
74.38,55200.46
73.76,54783.61
53.4,41056.38
45.92,35473.46

Montage_100_268.xml
74.21,55077.4
73.18,54374.17
53.21,41020.79
45.42,35184.87

Montage_100_269.xml
69.5,51868.32
68.88,51422.45
50.72,39283.46
43.2,33664.25

Montage_100_270.xml
70.28,52375.87
69.62,51938.01
51.15,39528.49
43.73,34019

Montage_100_271.xml
76.96,56983.2
76.38,56543.46
54.66,41919.36
47.01,36267.63

Montage_100_272.xml
72.69,53981.74
72.07,53589.13
52.4,40567.55
44.92,34835.26

Montage_100_273.xml
69.74,52025.96
68.92,51448.8
51.08,39458.69
43.43,33801.9

Montage_100_274.xml
72.58,53985.39
71.93,53511.5
52.6,40451.56
44.74,34718.18

Montage_100_275.xml
73.22,54442.72
72.81,54064.27
52.95,40788.16
45.23,35037.84

Montage_100_276.xml
72.48,53930.77
71.79,53420.14
46.98,36650.64
44.78,34725.7

Montage_100_277.xml
69.7,52043.67
69.26,51697.65
51.15,39636.09
43.41,33822.33

Montage_100_278.xml
70.99,52923.56
70.22,52339.77
51.66,39876.63
43.87,34109.45

Montage_100_279.xml
70.51,52548.22
69.87,52119.53
51.26,39671.39
43.81,34065.84

Montage_100_280.xml
71.19,53047.42
70.47,52529.08
51.74,40023.46
44.11,34255.22

Montage_100_281.xml
70.73,52669.35
70.22,52332.69
51.58,39914.45
43.97,34177.47

Montage_100_282.xml
71.86,53498.39
71.17,52921.57
46.65,36308.56
44.43,34524.07

Montage_100_283.xml
75.46,55967.39
74.9,55557.47
53.98,41501.4
46.33,35758.78

Montage_100_284.xml
76.91,56821.85
76.12,56363.67
54.37,41850.21
46.6,35983.41

Montage_100_285.xml
72.45,53949.2
71.99,53566.04
52.23,40309.83
44.69,34681.01

Montage_100_286.xml
69.21,51718.88
68.61,51239.06
45.34,35514.3
43.05,33558.22

Montage_100_287.xml
73.48,54617.67
73.05,54270.02
52.88,40770.22
45.34,35075.9

Montage_100_288.xml
73.23,54421.69
72.68,53990.6
52.49,40555.9
45.06,34927.98

Montage_100_289.xml
72.97,54279.26
72.41,53771.91
52.6,40603.54
44.9,34773.1

Montage_100_290.xml
71.59,53152.76
70.65,52631.71
46.35,36045.34
44.18,34318.43

Montage_100_291.xml
73.5,54555.32
72.7,54065.04
52.78,40726.74
45.17,35013.41

Montage_100_292.xml
76.27,56533.36
75.48,55940.91
54.21,41676.42
46.34,35824.85

Montage_100_293.xml
69.39,51850.97
68.51,51152.44
45.54,35721.16
43.13,33582.71

Montage_100_294.xml
73,54228.81
72.34,53818.26
52.33,40485.63
44.96,34845.62

Montage_100_295.xml
69.36,51760.53
68.5,51171.47
45.35,35674.33
42.9,33471.93

Montage_100_296.xml
70.79,52741.46
69.8,52072.19
51.53,39814.97
43.88,34122.77

Montage_100_297.xml
70.55,52587.62
69.7,52006.19
51.23,39649.8
43.57,33939.26

Montage_100_298.xml
76.44,56644.44
75.91,56218.11
54.39,41756.68
46.8,36111.46

Montage_100_299.xml
69.35,51765.67
68.88,51409.48
45.39,35521.8
43.29,33717.02

Montage_100_300.xml
69.8,52008.28
69.07,51537.24
41.75,32836.51
43.19,33662.14

Montage_100_301.xml
72.46,53831.37
71.71,53381.06
52.21,40324.64
44.56,34593.07

Montage_100_302.xml
68.74,51326.17
67.73,50664.46
45.15,35326.9
42.82,33397.24

Montage_100_303.xml
67.96,50837.92
67.27,50337.03
44.8,35091.82
42.52,33190.26

Montage_100_304.xml
75.94,56300.13
75.24,55781.68
54.14,41741.04
46.69,36034.22

Montage_100_305.xml
70.45,52558.88
69.9,52135.35
45.93,35676.88
43.82,34084.1

Montage_100_306.xml
68.18,50895.04
67.52,50499.66
44.83,35086.59
42.67,33313.32

Montage_100_307.xml
68.53,51226.02
68.16,50936.44
49.84,38628.87
42.97,33487.33

Montage_100_308.xml
73.5,54627.35
73.18,54369.64
52.87,40791.5
45.37,35150.74

Montage_100_309.xml
74.12,55002.82
73.54,54595.8
53.17,40971.11
45.52,35261.25

Montage_100_310.xml
73.42,54547.5
72.83,54142.79
52.96,40802.73
45.52,35228.78

Montage_100_311.xml
76.04,56364.02
75.09,55650.4
53.96,41496.37
46.37,35817.71

Montage_100_312.xml
74.98,55618.6
74.65,55384.76
53.58,41324.07
46.35,35803.62

Montage_100_313.xml
69.68,51935.46
68.89,51435.2
50.73,39361.69
43.38,33795.33

Montage_100_314.xml
75.31,55791.98
74.69,55396.89
53.77,41342.56
46.25,35746.18

Montage_100_315.xml
74.93,55486.76
74.53,55207.2
53.51,41267.45
45.97,35554.73

Montage_100_316.xml
70.15,52341.75
69.72,52026.15
45.86,35940.14
43.76,34037.61

Montage_100_317.xml
75.05,55672.94
74.61,55254.94
53.84,41394.22
45.92,35489.1

Montage_100_318.xml
76.08,56242.89
75.3,55746.91
50.33,38960.74
46.3,35793.01

Montage_100_319.xml
72.65,54079.61
71.94,53455.87
52.49,40471.28
44.74,34731.36

Montage_100_320.xml
73.17,54365.48
72.49,53898.39
52.77,40686.85
45.05,34926.99

Montage_100_321.xml
75.01,55643.63
74.37,55183.73
53.55,41300.84
45.76,35450.49

Montage_100_322.xml
68.88,51494.49
67.97,50783.33
50.42,39059.31
42.83,33402.8

Montage_100_323.xml
71.09,52977.26
70.3,52418.07
46.25,36232.42
44.02,34200.76

Montage_100_324.xml
68.6,51298.92
68.34,51076.22
45.02,35243.83
42.66,33324.98

Montage_100_325.xml
74.91,55484.71
74.22,55037.73
53.43,41184.38
46.19,35711.41

Montage_100_326.xml
72.62,54027.25
72.05,53517.02
52.35,40370.12
44.82,34772.52

Montage_100_327.xml
71.03,52827.06
70.02,52194.76
46.08,36035.87
43.75,34044.66

Montage_100_328.xml
67.88,50812.58
67.39,50412.3
44.7,34880.87
42.44,33151.68

Montage_100_329.xml
75.24,55831.66
74.63,55342.2
53.82,41469.05
46.2,35711.8

Montage_100_330.xml
67.72,50666.39
66.98,50131.96
44.62,34975.15
42.37,33102.53

Montage_100_331.xml
74.79,55500.54
74.18,55050.31
53.54,41185.34
45.85,35503.54

Montage_100_332.xml
74.05,54934.76
73.11,54311.02
53.06,40837.17
45.19,35049.08

Montage_100_333.xml
69.58,51954.58
68.82,51404.29
50.95,39423.61
43.28,33714.84

Montage_100_334.xml
70.45,52517.3
69.72,52005.9
45.93,35852.9
43.75,34015.83

Montage_100_335.xml
68.65,51357.59
68.45,51149.83
50.39,39115.29
42.93,33471.25

Montage_100_336.xml
72.01,53629.12
71.4,53110.69
52.11,40218.44
44.53,34570.55

Montage_100_337.xml
73.93,54860.65
73.22,54409.58
53.08,40858.81
45.5,35244.13

Montage_100_338.xml
74.62,55366.55
74,54916.72
53.42,41249.18
45.8,35433.64

Montage_100_339.xml
74.56,55386.86
73.76,54774.55
53.54,41115.41
45.85,35471.53

Montage_100_340.xml
74.41,55206
74.02,54953.72
53.3,41072.72
45.75,35358.41

Montage_100_341.xml
72.36,53878.45
71.71,53383.59
44.53,34674.79
44.55,34596.16

Montage_100_342.xml
70.9,52813.83
70.13,52294.87
42.34,33313.5
43.78,34039.08

Montage_100_343.xml
72.5,53963.13
71.98,53535.79
52.31,40402.68
44.65,34660.73

Montage_100_344.xml
70.21,52324.03
69.19,51624.58
50.97,39508.47
43.64,33951.63

Montage_100_345.xml
69.44,51806.89
68.71,51304.99
50.77,39276.05
43.17,33658.16

Montage_100_346.xml
76.98,56987.77
76.29,56497.26
54.73,41976.46
47.18,36380.54

Montage_100_347.xml
74.05,54927.96
73.17,54373.69
52.93,40888.26
45.39,35154.29

Montage_100_348.xml
72.1,53587.04
71.46,53177.59
46.72,36362.82
44.7,34663.21

Montage_100_349.xml
72.94,54288.01
72.26,53755.12
47.2,36701.26
44.77,34752.83

Montage_100_350.xml
73.41,54559.85
72.71,54031.24
52.92,40773.31
45.31,35113.9

Montage_100_351.xml
69.91,52181.98
69.11,51583.04
50.55,39090.81
43.18,33660.36

Montage_100_352.xml
75.15,55676.89
74.42,55216.93
53.69,41266.61
46.14,35656.75

Montage_100_353.xml
69.27,51711.93
68.31,51059.22
45.26,35451.45
42.76,33359.77

Montage_100_354.xml
74.08,54943.23
73.54,54598.07
53.17,40970.84
45.47,35222.6

Montage_100_355.xml
74.43,55265.34
73.72,54684.61
53.34,41113.52
45.48,35159.6

Montage_100_356.xml
73.33,54544.94
72.69,54038.06
52.82,40741.21
45.09,34959.55

Montage_100_357.xml
73.57,54702.11
72.93,54131.2
52.94,40775.75
45.42,35183.23

Montage_100_358.xml
71.75,53439.59
71.13,52957.27
51.81,39995.45
44.35,34451.62

Montage_100_359.xml
76.61,56779.81
75.69,56010
54.37,41695.29
46.63,36043.54

Montage_100_360.xml
74.49,55303.76
73.71,54726.59
53.38,41142.72
45.63,35318.56

Montage_100_361.xml
72.66,54050.38
72.17,53632.55
52.54,40571.21
45.06,34914.71

Montage_100_362.xml
68.9,51509.34
68.42,51113.57
50.25,39001.01
42.85,33412.95

Montage_100_363.xml
67.35,50400.52
66.55,49849.1
44.4,34753.19
42.21,32979.75

Montage_100_364.xml
69.21,51652.29
68.85,51364.3
55.45,42449.68
43.28,33709.08

Montage_100_365.xml
75.88,56206.09
74.95,55584.96
53.81,41355.66
46.17,35654.25

Montage_100_366.xml
73.01,54273.13
72.39,53802.05
52.45,40543.18
44.71,34718.22

Montage_100_367.xml
75.09,55742.21
74.47,55245.27
53.7,41370.98
46.08,35657.45

Montage_100_368.xml
73.59,54714.86
72.8,54097.76
53.08,40952.41
45.01,34911.01

Montage_100_369.xml
71.21,53069.16
70.32,52428.64
44.08,34309.65
44.1,34277.57

Montage_100_370.xml
76.86,56898.72
76.14,56359.51
54.61,41836.32
46.76,36118.45

Montage_100_371.xml
72.06,53641.09
71.36,53151.54
52.33,40316.66
44.62,34636.84

Montage_100_372.xml
70.99,52858.77
70.54,52566.11
51.62,39965.8
43.99,34204.51

Montage_100_373.xml
69.08,51571.41
68.29,50935.65
41.46,32614.25
43.17,33629.58

Montage_100_374.xml
76.81,56754.35
75.74,56116.99
54.35,41751.49
46.74,36097.27

Montage_100_375.xml
72.38,53867.87
71.78,53408.96
52.28,40342.93
44.78,34751.3

Montage_100_376.xml
73.89,54885.3
73.31,54460.12
53.15,40908.32
45.61,35301.57

Montage_100_377.xml
69.84,52178.11
69.02,51556.47
51.04,39482.56
43.2,33697.47

Montage_100_378.xml
70.28,52464.59
69.7,51956.51
51.24,39613.8
43.43,33854.04

Montage_100_379.xml
76.72,56826.37
76.01,56301.44
54.45,41828.19
46.69,36045.49

Montage_100_380.xml
67.8,50721.32
66.7,49912.9
44.49,34828.64
42.18,32953.7

Montage_100_381.xml
78.44,58058.52
77.86,57544.82
55.54,42559.02
47.47,36595.82

Montage_100_382.xml
66.8,50092.66
66.16,49591.72
44.15,34647.11
42.08,32912.67

Montage_100_383.xml
75.94,56270.42
75,55603.23
53.76,41437.36
46.2,35580.53

Montage_100_384.xml
77.33,57187.24
76.58,56687.22
54.78,42104.47
46.92,36162.54

Montage_100_385.xml
70.98,52938.36
70.48,52496.77
46.17,36003.63
43.93,34169.66

Montage_100_386.xml
71.05,52935.71
70.33,52419.86
51.79,39996.86
44.08,34279.12

Montage_100_387.xml
68.66,51278.76
68.01,50694.52
45.05,35187.95
42.8,33389.06

Montage_100_388.xml
68.43,51195.81
67.92,50771.03
50.22,38927.36
42.62,33267.13

Montage_100_389.xml
71.96,53583.98
71.24,53040.62
46.66,36335.17
44.49,34554.92

Montage_100_390.xml
73,54271.48
72.53,53957.57
52.74,40667.32
45.16,34995.39

Montage_100_391.xml
74.41,55237.35
73.91,54795.16
53.25,41083.72
45.94,35523.89

Montage_100_392.xml
72.21,53737.12
71.69,53346.45
52.2,40393.69
44.82,34744.22

Montage_100_393.xml
73.62,54641.82
73.01,54192.71
52.93,40622.03
45.38,35149.86

Montage_100_394.xml
70.31,52445.39
69.67,51982.47
45.84,35733.31
43.6,33946.21

Montage_100_395.xml
74.91,55533.97
74.58,55331.91
53.69,41375.15
45.93,35545.56

Montage_100_396.xml
74.13,55054.07
73.26,54422.95
53.21,40935.29
45.59,35272.37

Montage_100_397.xml
72.63,53981.52
71.69,53357.62
52.37,40452.54
44.74,34725.36

Montage_100_398.xml
77.32,57197.33
76.72,56767.39
54.77,42122.6
47.38,36508.11

Montage_100_399.xml
73.08,54327.34
72.38,53831.56
52.73,40613.43
45.04,34928.01

Montage_100_400.xml
72.9,54150.7
72.24,53624.54
52.48,40576.58
44.96,34879.44

Montage_100_401.xml
74.58,55369.55
74.01,54951.45
53.58,41278.88
45.98,35555.87

Montage_100_402.xml
70.94,52889.9
70.38,52478.58
51.73,40090.73
44.02,34218.23

Montage_100_403.xml
75.37,55841.23
74.97,55607.53
53.9,41431.13
46.55,35894.33

Montage_100_404.xml
75.86,56265.22
75.31,55769.81
54.17,41670.8
46.55,35895.03

Montage_100_405.xml
71.18,52994.54
70.73,52701.49
51.51,39858.28
44.05,34255.57

Montage_100_406.xml
71.27,53046.35
70.38,52463.67
51.58,39827.41
44.09,34217.66

Montage_100_407.xml
73.86,54786.35
73.42,54534.48
53.22,40970.67
45.54,35252.83

Montage_100_408.xml
73.76,54658.5
72.79,54108.89
57.78,44086.42
45.23,34996.38

Montage_100_409.xml
71.28,53109.59
70.63,52645.31
51.76,40016.54
44.26,34377.72

Montage_100_410.xml
73.5,54604.37
72.76,54082.29
52.69,40589.36
45.05,34934.83

Montage_100_411.xml
70.76,52767.18
70.17,52305.69
51.31,39601.2
44,34214.07

Montage_100_412.xml
71.36,53214.31
70.78,52751.58
44.13,34346.1
44.05,34273.32

Montage_100_413.xml
68.92,51465.12
68.02,50789.76
46.86,36392.24
42.8,33387.42

Montage_100_414.xml
72.41,53919.97
72.04,53601.33
52.28,40298.41
44.67,34665.44

Montage_100_415.xml
73.21,54383.49
72.64,53995.23
52.69,40605.2
45.02,34912.28

Montage_100_416.xml
67.37,50427.82
66.95,50127.53
44.46,34755.64
42.23,33003.92

Montage_100_417.xml
67.71,50722.17
67.27,50288.13
44.63,34933.81
42.23,32990.95

Montage_100_418.xml
75.2,55767.68
74.36,55143.52
53.78,41450.6
45.94,35539.91

Montage_100_419.xml
74.72,55436.47
74.09,54995.25
53.61,41271.13
46,35563.69

Montage_100_420.xml
72.22,53780.72
71.69,53363.94
52.2,40263.58
44.84,34786.25

Montage_100_421.xml
69.14,51665.57
68.71,51264.71
50.85,39377.7
43.07,33592.09

Montage_100_422.xml
73.48,54631.59
72.95,54177.16
52.59,40537.76
45.03,34950.71

Montage_100_423.xml
72.93,54197.04
72.23,53675.66
52.64,40561.22
44.77,34716.7

Montage_100_424.xml
71.41,53246.13
70.92,52821.25
51.87,40047.04
44.23,34367.05

Montage_100_425.xml
75.37,55877.09
74.96,55551.08
53.85,41491.47
46.5,35917.7

Montage_100_426.xml
74.7,55377.74
73.92,54792.05
53.34,40973.43
45.81,35448.16

Montage_100_427.xml
69.41,51860.31
68.88,51415.31
41.71,32765.91
43.16,33646.3

Montage_100_428.xml
75.38,55893.32
74.78,55438.36
53.87,41399.77
46.37,35831.42

Montage_100_429.xml
69.08,51551.7
68.36,51089.85
50.53,39121.89
43.09,33589.07

Montage_100_430.xml
70.65,52678.48
69.73,51994.31
45.92,35846.44
43.64,33969.56

Montage_100_431.xml
70.43,52574.08
69.66,51973.07
51.45,39786.54
43.57,33924.25

Montage_100_432.xml
74.38,55232.04
73.79,54739.44
53.35,41115.8
45.52,35289.48

Montage_100_433.xml
71.13,52931.64
70.09,52271.24
51.58,39911.25
44.04,34238.3

Montage_100_434.xml
72.93,54232.52
72.32,53773.27
52.75,40657.05
44.86,34763.83

Montage_100_435.xml
72.96,54163.9
72.1,53612.23
52.4,40441.97
43.22,33701.29

Montage_100_436.xml
71.36,53189.95
70.85,52773.65
51.78,39998.48
44.1,34289.85

Montage_100_437.xml
69.14,51621.59
68.36,51050.98
50.61,39211.12
43.11,33570.93

Montage_100_438.xml
74.01,54885.99
73.24,54430.7
52.97,40714.37
45.51,35228.05

Montage_100_439.xml
75.08,55638.27
74.59,55256.81
53.76,41452.76
46.15,35685.58

Montage_100_440.xml
72.89,54072.21
72.08,53605.73
52.35,40437.88
44.78,34737.45

Montage_100_441.xml
73.88,54795.54
72.93,54180.72
52.86,40677.84
45.25,35066.13

Montage_100_442.xml
74.07,54945.55
73.01,54187.13
53.09,40877.18
45.39,35154.95

Montage_100_443.xml
73.17,54399.53
72.45,53863.44
45.01,35007
44.92,34868.83

Montage_100_444.xml
75.24,55743.96
74.52,55283.06
53.73,41342.82
46.07,35617.87

Montage_100_445.xml
78.04,57558.3
77.38,57239.3
54.98,42284.31
47.55,36637.49

Montage_100_446.xml
69,51556.52
68.4,51028
45.32,35220.66
42.86,33456.41

Montage_100_447.xml
72.92,54124.41
71.83,53480.64
52.16,40260.74
44.69,34687.87

Montage_100_448.xml
75.1,55709.01
74.53,55311.82
53.68,41323.53
46.06,35615.68

Montage_100_449.xml
75.26,55829.7
74.61,55349.11
53.77,41328.65
46.21,35712.3

Montage_100_450.xml
73.58,54657.57
72.86,54148.91
52.85,40656.82
45.16,34999.09

Montage_100_451.xml
76.2,56494.22
75.64,56027.43
54.4,41693.11
46.59,36011.39

Montage_100_452.xml
74.92,55631.66
74.73,55352.3
53.68,41375.07
46.02,35595.81

Montage_100_453.xml
75.93,56279.52
75.36,55840.56
54.29,41738.18
46.54,35945.53

Montage_100_454.xml
72.14,53675.83
71.49,53225.59
52.3,40405.68
44.74,34711.56

Montage_100_455.xml
75.86,56251.86
75.13,55711.18
54.09,41622.97
46.38,35849.72

Montage_100_456.xml
73.11,54324.64
72.4,53841.41
52.67,40650.98
45.09,34952.83

Montage_100_457.xml
72.66,54070.33
72.1,53595.4
52.39,40466.12
44.74,34701.06

Montage_100_458.xml
74.24,54980.03
73.51,54599.15
53.14,40985.26
45.59,35309.08

Montage_100_459.xml
74.52,55352.74
73.9,54873.74
53.39,41146.51
45.69,35373.89

Montage_100_460.xml
73.33,54538.18
72.62,53965.69
43.58,33958.51
45.19,35019.06

Montage_100_461.xml
70.93,52808.68
70.28,52389.5
51.1,39403.84
44.04,34251.99

Montage_100_462.xml
75.33,55840.93
74.79,55479.23
53.76,41436.77
46.06,35648.17

Montage_100_463.xml
74.73,55484.49
74.15,55045.4
53.55,41235.93
45.88,35446.57

Montage_100_464.xml
70.86,52794.99
69.79,52080.88
50.85,39225.11
43.75,34040.9

Montage_100_465.xml
72.36,53802.12
71.85,53474.16
52.27,40434.73
44.72,34693.11

Montage_100_466.xml
76.61,56729.47
76.27,56451.59
54.4,41952.3
46.81,36116.31

Montage_100_467.xml
70.54,52523.59
69.68,51901.17
51.43,39742.65
43.77,34047.66

Montage_100_468.xml
75.69,56124.58
74.89,55529.75
54.06,41487.74
46.41,35790.84

Montage_100_469.xml
68.65,51252.52
67.89,50711.48
42.61,33314.83
42.73,33338.22

Montage_100_470.xml
73.77,54856.9
73.19,54370.68
45.21,35086.61
45.2,35010.39

Montage_100_471.xml
75.02,55502.82
74.2,55025.04
53.54,41282.75
45.73,35413.68

Montage_100_472.xml
69.66,52011.59
69.01,51522.48
45.57,35721.41
43.2,33691.05

Montage_100_473.xml
72.11,53695.63
70.97,52862.86
52.2,40272.82
44.14,34307.43

Montage_100_474.xml
73.34,54550.36
72.58,53947.34
52.69,40702.03
44.91,34851.86

Montage_100_475.xml
75.49,55947.15
74.59,55225.84
53.92,41483.64
45.85,35471.7

Montage_100_476.xml
71.65,53400.91
71.12,52963.98
51.92,40157.6
44.34,34447.81

Montage_100_477.xml
73.16,54421.22
72.54,53935.21
52.74,40650.54
44.99,34829.18

Montage_100_478.xml
71.95,53519.58
71.38,53096.26
46.64,36370.54
44.51,34574.23

Montage_100_479.xml
71.54,53236.13
70.78,52674.48
42.47,33284.53
44.28,34402.99

Montage_100_480.xml
75.55,56044.56
75.19,55680.25
53.96,41500.33
46.4,35866.73

Montage_100_481.xml
73.88,54865.04
73.23,54406.34
52.86,40801.42
45.5,35255.45

Montage_100_482.xml
71.35,53158.48
70.74,52672.78
51.85,40029.32
44.12,34273.71

Montage_100_483.xml
72.56,53992.04
71.81,53440.28
52.42,40492.79
44.92,34828

Montage_100_484.xml
75.81,56224.1
75.1,55680.94
54.03,41512.8
46.2,35701.97

Montage_100_485.xml
74.27,55059.83
73.55,54619.05
53.42,41023.75
45.72,35337.59

Montage_100_486.xml
70.39,52506.94
69.65,51910.36
51.34,39819
43.86,34094.89

Montage_100_487.xml
72.61,54053.88
71.81,53373.09
52.58,40556.98
44.74,34724.85

Montage_100_488.xml
75.26,55811.67
74.54,55287.81
53.83,41485
45.8,35448.64

Montage_100_489.xml
71.11,53051.76
70.5,52532.74
51.8,40081.18
43.92,34164.42

Montage_100_490.xml
68.3,51036.75
67.79,50699.33
44.86,35061.06
42.7,33326.27

Montage_100_491.xml
72.75,54106.48
72.19,53691.32
52.45,40574.45
44.91,34840.6

Montage_100_492.xml
76.23,56455.98
75.39,55875.67
54.22,41652.54
46.46,35928.87

Montage_100_493.xml
70.18,52277.86
69.31,51718.59
45.81,35830.23
43.52,33858.81

Montage_100_494.xml
72.94,54265.63
72.18,53710.1
52.58,40631.95
44.64,34645.25

Montage_100_495.xml
73.36,54445.06
72.61,53898.32
52.83,40713.02
45.25,35022.79

Montage_100_496.xml
74.78,55498.96
73.94,54884.82
44.04,34329.13
45.79,35435.17

Montage_100_497.xml
74.12,54992.93
73.3,54461.11
53.16,40836.25
45.55,35228.63

Montage_100_498.xml
72.55,53992.92
71.76,53412.55
52.38,40444.58
44.83,34785.28

Montage_100_499.xml
75.16,55766.52
74.44,55201.88
53.64,41279.23
46.04,35602.07

Montage_100_500.xml
71.62,53363.55
71.23,53017.84
46.6,36314.87
44.38,34464.53

Montage_100_501.xml
76.66,56804.12
76.02,56302.05
54.48,41888.66
47.03,36275.03

Montage_100_502.xml
74.55,55313.79
74.06,54973.79
53.3,41063.18
45.9,35464.75

Montage_100_503.xml
69.19,51664.76
68.67,51306.28
41.64,32764.53
43.21,33643.08

Montage_100_504.xml
70.9,52795.01
70.32,52415.99
51.75,39944.23
43.86,34114.42

Montage_100_505.xml
75.23,55809.12
74.51,55253.98
53.82,41297
46.15,35689.14

Montage_100_506.xml
75.26,55846.53
74.39,55200.28
53.71,41311.63
45.91,35533.25

Montage_100_507.xml
75.07,55674.78
74.66,55401.56
53.64,41325.49
46.18,35689.46

Montage_100_508.xml
76.47,56648.18
75.46,55840.45
54.46,41610.44
46.53,35927.5

Montage_100_509.xml
69.95,52257.41
69.17,51636.85
45.59,35502.1
43.26,33736.78

Montage_100_510.xml
76.38,56579.29
75.3,55829.74
54.37,41777.02
46.44,35897.35

Montage_100_511.xml
71.81,53470.05
71.15,52969.33
52,40097.79
44.07,34248.81

Montage_100_512.xml
71.34,53171.39
70.55,52560.99
51.67,40060.25
44,34222.62

Montage_100_513.xml
72.82,54158.4
72.05,53583.39
52.34,40471.83
44.69,34688.59

Montage_100_514.xml
74.89,55483.28
74.12,54938.71
53.49,41152.27
45.9,35515.26

Montage_100_515.xml
74.66,55444.66
74.13,55011.97
53.58,41235.19
45.88,35492.55

Montage_100_516.xml
73.73,54774.32
73.12,54241.27
52.96,40622.97
45.26,35069.08

Montage_100_517.xml
70.75,52719.95
70,52189.05
51.27,39676.39
43.59,33914.56

Montage_100_518.xml
71.5,53239.82
70.72,52690.07
46.41,36365.49
44.4,34477.21

Montage_100_519.xml
72.88,54215.93
72.47,53885.07
44.87,34785.74
44.86,34794.73

Montage_100_520.xml
74.93,55610.71
74.4,55185.18
53.72,41392.03
45.81,35445.72

Montage_100_521.xml
71.78,53333.08
71.13,52947.2
52.13,40172.08
44.25,34380.96

Montage_100_522.xml
71.09,52999.07
70.22,52304.87
51.69,39985.59
44.03,34236.47

Montage_100_523.xml
71.72,53476.83
71.02,52888.03
51.97,40091.69
44.13,34295.75

Montage_100_524.xml
70.75,52719.85
70.18,52222.97
50.89,39302.36
43.87,34136.04

Montage_100_525.xml
75,55641.34
74.35,55173.38
53.76,41310.1
46.02,35595.32

Montage_100_526.xml
74.95,55580.1
74.49,55270.31
53.6,41218.26
46.22,35714.64

Montage_100_527.xml
67.88,50695.96
67.52,50463.16
44.65,35011.46
42.33,33085.56

Montage_100_528.xml
72.98,54138
72.48,53886.01
52.64,40556.11
45.13,34967.53

Montage_100_529.xml
76.29,56577.35
75.51,55947.71
54.25,41705.23
46.49,35900.72

Montage_100_530.xml
68.05,50901.5
67.13,50236.51
44.71,34787.69
42.42,33113.78

Montage_100_531.xml
70.74,52708.07
69.95,52139.93
45.99,35948.41
43.78,34046.86

Montage_100_532.xml
74.4,55276.92
73.66,54678.28
53.33,41053.08
45.54,35276

Montage_100_533.xml
72.03,53637.31
71.54,53251.82
52.19,40229.07
44.48,34555.46

Montage_100_534.xml
70.48,52512.45
69.26,51508.73
42.07,33133.38
43.53,33885.9

Montage_100_535.xml
76.87,56944.19
76.56,56670.16
54.67,42021.91
46.99,36263.19

Montage_100_536.xml
69.99,52253.3
69.49,51840.75
51.08,39539.27
43.59,33925.22

Montage_100_537.xml
76.76,56867.81
76.11,56259.05
54.46,42021.97
46.73,36074.46

Montage_100_538.xml
70.9,52860.5
69.97,52168.25
51.61,39812.42
43.81,34078.84

Montage_100_539.xml
68.63,51272.93
68.05,50871.68
50.4,38941.02
42.96,33487.65

Montage_100_540.xml
71.42,53213.31
70.92,52819.87
44.15,34390.12
44.28,34361.95

Montage_100_541.xml
76.6,56738.03
76.01,56244.35
54.47,41623.73
46.79,36064.21

Montage_100_542.xml
71.33,53175.9
70.94,52779.58
46.42,36202.85
44.06,34269.02

Montage_100_543.xml
71.04,52963.39
70.42,52493.54
51.81,40005.43
44.14,34296.7

Montage_100_544.xml
66.94,50105.11
66.04,49495.58
44.01,34489.74
41.84,32752.36

Montage_100_545.xml
69.02,51541.9
68.1,50833.17
45.09,35215.83
42.69,33243.33

Montage_100_546.xml
70.85,52839.76
70.25,52345.05
46.06,35947.61
43.87,34080.67

Montage_100_547.xml
69.09,51538.31
68.41,51079.31
45.17,35394.46
43.06,33591.5

Montage_100_548.xml
71.67,53389.03
70.87,52780.5
52.05,40223.27
44.33,34433.33

Montage_100_549.xml
70.57,52641.01
69.93,52176.11
51.25,39702.58
43.99,34191.15

Montage_100_550.xml
70.18,52326.55
69.28,51680.21
50.89,39433.78
43.43,33823.77

Montage_100_551.xml
71.69,53363.82
70.63,52581.77
51.85,40110.56
44.44,34502.81

Montage_100_552.xml
67.08,50229.44
66.51,49834.22
44.23,34670.72
42.05,32871.53

Montage_100_553.xml
73.53,54562.78
73.05,54295.99
45.28,35120.33
45.53,35274.42

Montage_100_554.xml
74.58,55281.93
73.48,54580.85
52.94,40731.97
45.72,35387.16

Montage_100_555.xml
71.26,53095.44
70.44,52517.47
42.35,33086.56
44.04,34229.62

Montage_100_556.xml
72.54,54002.93
71.88,53457.6
52.07,40126.88
44.65,34657.27

Montage_100_557.xml
71.73,53413.71
71.28,53023.37
42.86,33586.76
44.65,34649.55

Montage_100_558.xml
71.23,53076.52
70.28,52374.54
50.77,39274.14
43.88,34131.64

Montage_100_559.xml
74.79,55507.33
74.29,55050
53.59,41297.96
45.9,35490.56

Montage_100_560.xml
74.24,55066.84
73.32,54478
53.04,40959.97
45.21,35069.6

Montage_100_561.xml
74.78,55477.8
74.11,55002.69
53.43,41201.34
46.03,35602.61

Montage_100_562.xml
77.02,57056.92
76.45,56571.77
54.68,42038.44
46.98,36265.52

Montage_100_563.xml
71.75,53466.04
71.2,52947.18
51.76,40039.69
44.36,34483.37

Montage_100_564.xml
72.92,54221.9
72.17,53671.99
52.6,40577.33
44.82,34756.51

Montage_100_565.xml
69.3,51673.6
68.59,51198.09
46.29,35860.44
42.97,33510.12

Montage_100_566.xml
75.08,55657.66
74.41,55205.12
53.58,41284.41
46.06,35630.02

Montage_100_567.xml
72.79,54141.88
72.14,53664.41
52.48,40516.9
44.93,34834.36

Montage_100_568.xml
68.57,51296.87
68.13,50917.08
44.98,35294.11
42.55,33241.49

Montage_100_569.xml
71.7,53318.54
71.33,53124.06
51.96,40049.07
44.44,34465.99

Montage_100_570.xml
76.29,56583.69
75.78,56080.79
54.2,41650.63
46.55,35990.25

Montage_100_571.xml
69,51534.18
68.24,50933.61
50.39,39014.65
43,33525.87

Montage_100_572.xml
69.96,52250.49
69.1,51578.56
50.83,39328.7
43.2,33681.82

Montage_100_573.xml
72.28,53710.01
71.6,53310.15
52.24,40377.3
44.59,34564.56

Montage_100_574.xml
73.64,54741.48
72.95,54229.31
52.58,40503.27
45.33,35120.55

Montage_100_575.xml
71.39,53110.88
70.64,52660.24
51.77,40100.23
44.39,34447.52

Montage_100_576.xml
73.56,54704.69
72.69,54034.18
52.92,40842.53
45.25,35027.52

Montage_100_577.xml
69.47,51852.15
68.85,51415.15
45.54,35535.06
43.44,33810.42

Montage_100_578.xml
72.24,53792.93
71.61,53274.66
51.56,39838.98
44.5,34544.64

Montage_100_579.xml
73.48,54632.96
73.06,54212.7
53,40918.63
45.37,35157.71

Montage_100_580.xml
70.69,52711.09
70.2,52246.98
51.25,39600.1
43.83,34088.84

Montage_100_581.xml
75.39,55932.41
74.71,55420.74
53.88,41495.21
46.21,35730.31

Montage_100_582.xml
75.62,56074.05
74.75,55352.44
53.99,41566.77
46.31,35795.57

Montage_100_583.xml
69.72,52069.19
69.09,51571.7
45.65,35640.98
43.38,33791.79

Montage_100_584.xml
74.73,55405.23
74.09,54992.52
44.16,34327.47
45.91,35505.04

Montage_100_585.xml
78.36,57962.23
77.46,57265.2
55.26,42365.22
47.62,36685.01

Montage_100_586.xml
74.26,55141.75
73.6,54670.6
53.1,40951.4
45.85,35453.32

Montage_100_587.xml
70.31,52428.69
69.68,51902.64
45.85,35777.86
43.56,33910.99

Montage_100_588.xml
75.58,56004.94
74.67,55407.07
53.87,41229.94
46.18,35691.07

Montage_100_589.xml
76.01,56359.15
75.31,55819.19
54.16,41697.54
46.27,35775.69

Montage_100_590.xml
67.55,50577.92
66.88,50082.6
44.6,34877.04
42.39,33108.08

Montage_100_591.xml
69.07,51561.02
68.63,51257.46
43.06,33552.38
43.06,33570.59

Montage_100_592.xml
75.03,55675.46
74.57,55333.32
53.78,41481.39
46.14,35712.08

Montage_100_593.xml
71.76,53435.35
71.2,53015.02
52.16,40257.52
44.45,34514.01

Montage_100_594.xml
74.99,55673.77
74.42,55157.19
53.67,41385.48
45.9,35515.7

Montage_100_595.xml
73.67,54694.02
72.94,54194.44
52.91,40766.58
45.35,35125.16

Montage_100_596.xml
74.7,55450.95
73.84,54830.97
53.39,40961.08
45.92,35511.39

Montage_100_597.xml
75.57,56063.76
74.83,55494.51
53.99,41525.74
46.15,35687.25

Montage_100_598.xml
76.58,56783.95
75.99,56212.48
54.46,41900.84
46.74,36103.24

Montage_100_599.xml
70.88,52795.98
70.51,52497.93
46.09,36073.29
44.19,34322.47

Montage_100_600.xml
68.94,51504.31
68.68,51223.13
45.28,35461.4
43.01,33525.95

Montage_100_601.xml
73.66,54624.53
72.83,54142.82
52.87,40780.69
45.34,35124.98

Montage_100_602.xml
71.62,53251.79
71.12,52931.09
51.75,39925.77
44.47,34518.83

Montage_100_603.xml
70.16,52321.71
69.67,51957.14
45.91,35800.35
43.54,33918.73

Montage_100_604.xml
72.07,53649.1
71.32,53104.21
44.34,34559.66
44.4,34493.74

Montage_100_605.xml
69.66,52035.59
68.99,51510.01
43.35,33859.34
43.37,33772.03

Montage_100_606.xml
73.21,54437.23
72.71,54025.25
52.62,40645.22
44.87,34797.28

Montage_100_607.xml
76.33,56544.27
75.67,56068.86
54.42,41799.58
46.67,36041.81

Montage_100_608.xml
76.38,56575.49
75.83,56175.65
54.3,41711.49
46.86,36102.96

Montage_100_609.xml
71.67,53411.01
71.19,53055.77
52.07,40253.84
44.34,34428.55

Montage_100_610.xml
69.88,52153.33
68.96,51461.85
50.46,39036.06
43.28,33707.84

Montage_100_611.xml
68.7,51334.37
67.94,50772.59
44.85,34838.22
42.73,33335.25

Montage_100_612.xml
73.28,54481.09
72.67,54040.94
47.5,37093.7
45.16,34984.61

Montage_100_613.xml
74.57,55346.23
73.68,54705.57
53.57,41285.01
45.49,35199.87

Montage_100_614.xml
75.45,55994.97
74.92,55564.82
53.98,41471.52
46.2,35708.6

Montage_100_615.xml
69.77,52088.88
69.1,51498.16
51.08,39552.35
43.12,33621.8

Montage_100_616.xml
73.46,54625.19
72.87,54147.79
52.96,40812.17
45.3,35041.79

Montage_100_617.xml
74.5,55274.81
73.8,54790
53.31,41134.47
45.6,35305.14

Montage_100_618.xml
74.51,55344.37
73.83,54750.82
53.28,41070.99
45.75,35394.11

Montage_100_619.xml
71.4,53234.64
70.92,52824.72
51.75,40037.15
44.2,34339.19

Montage_100_620.xml
71.8,53430.14
70.97,52880.66
56.8,43468.46
44.1,34314.3

Montage_100_621.xml
75.38,55947.52
74.74,55458.18
53.85,41497.65
46.31,35786.73

Montage_100_622.xml
73.29,54512.79
72.67,53961.3
52.86,40726.94
45.14,34967.4

Montage_100_623.xml
71.99,53549.52
71.52,53077.5
52.11,40276.61
44.78,34734.05

Montage_100_624.xml
77.48,57312.22
76.86,56837.99
54.85,42157.4
47.41,36532.09

Montage_100_625.xml
69.04,51606.91
68.68,51240.39
45.33,35491.8
43.03,33561.9

Montage_100_626.xml
66.17,49552.52
65.44,49071.69
48.6,37559.16
41.6,32563.1

Montage_100_627.xml
72.65,53888.3
71.98,53467.07
52.33,40425.36
44.77,34728.28

Montage_100_628.xml
72.92,54215.81
72.33,53700.38
52.46,40451.42
45.04,34861.32

Montage_100_629.xml
68.32,51073.04
67.6,50548.08
44.87,35075.85
42.65,33293.93

Montage_100_630.xml
65.87,49368.67
65.25,48928.6
43.53,34240.54
41.42,32469.11

Montage_100_631.xml
67.89,50777.15
67.13,50224.14
44.7,35160.64
42.51,33189.99

Montage_100_632.xml
70.43,52474.63
69.91,52070.67
50.99,39432.12
43.8,34045.08

Montage_100_633.xml
67.77,50713.45
67.35,50350.77
40.94,32250.27
42.43,33142.17

Montage_100_634.xml
71.59,53297.26
71,52885.74
51.95,40131.63
44.56,34583.18

Montage_100_635.xml
74.35,55207.89
73.8,54741.24
53.3,41208.13
45.49,35252.94

Montage_100_636.xml
66.37,49759.74
65.61,49132.1
43.82,34354.46
41.63,32584.65

Montage_100_637.xml
77.17,57147.05
76.62,56698.31
54.71,42067.58
47.14,36349.78

Montage_100_638.xml
71.85,53458.15
71.16,52966.5
52.03,40339.47
44.61,34611.66

Montage_100_639.xml
73.88,54880.7
73.5,54598.46
45.36,35197.83
45.57,35273.89

Montage_100_640.xml
77.2,57197.35
76.42,56579.54
54.67,41954.93
46.97,36235.71

Montage_100_641.xml
76.52,56671.16
75.93,56231.74
54.41,41863.38
46.72,36085.36

Montage_100_642.xml
71.25,53034.91
70.57,52522.33
51.47,39813.54
44.07,34243.95

Montage_100_643.xml
67.9,50760.54
67.24,50296.37
44.81,34895.21
42.06,32902.41

Montage_100_644.xml
72.92,54227.43
72.07,53585.21
52.67,40604.21
44.89,34817.03

Montage_100_645.xml
73.65,54760.77
73.16,54343.92
52.89,40778.39
45.34,35131.96

Montage_100_646.xml
72.32,53833.87
71.73,53353.71
52.17,40309.78
44.57,34600.52

Montage_100_647.xml
68.33,51106.35
67.81,50683.77
44.89,35221.99
42.82,33379.12

Montage_100_648.xml
74.47,55313.23
73.63,54686.29
43.95,34195.62
45.68,35357.54

Montage_100_649.xml
74.74,55410.3
74.14,55012.11
53.49,41224.75
45.77,35418.1

Montage_100_650.xml
74.43,55286.08
73.79,54708.69
43.82,34161.99
43.89,34180.18

Montage_100_651.xml
70.2,52325.14
69.68,51983.8
51.17,39532.18
43.58,33935.77

Montage_100_652.xml
70.07,52277.25
69.42,51784.72
51.01,39598.58
43.55,33884.29

Montage_100_653.xml
70.79,52761.22
70.16,52316.73
51.32,39658.38
43.75,34053.35

Montage_100_654.xml
72.51,53953.23
72.07,53614.89
52.35,40351.02
44.97,34853.52

Montage_100_655.xml
74.61,55442.67
73.83,54825.19
53.34,41125.7
45.67,35355.34

Montage_100_656.xml
69.49,51954.32
68.89,51445.07
43.2,33647.06
42.98,33501.22

Montage_100_657.xml
71.74,53414.14
71.21,53023.43
46.69,36097.74
44.5,34534.01

Montage_100_658.xml
68.05,50824.23
67.7,50613.62
50.07,38917.84
42.63,33282.03

Montage_100_659.xml
77.74,57563.79
77.07,57043.73
55.01,42132.96
47.24,36410.71

Montage_100_660.xml
71.48,53189.43
70.83,52780.94
51.77,40010.92
44.29,34441.23

Montage_100_661.xml
75.89,56200.28
75.05,55505.04
53.98,41446.58
46.42,35866.63

Montage_100_662.xml
69.04,51589.56
68.32,50981.91
41.36,32485.02
43.12,33605.04

Montage_100_663.xml
76.94,56963.98
76.6,56724.3
54.64,41974.35
47.14,36364.8

Montage_100_664.xml
70.79,52793.47
70.14,52231.71
51.48,39850.56
43.84,34129.7

Montage_100_665.xml
71.76,53443.98
71.2,52973.58
51.86,40033.28
44.36,34465.24

Montage_100_666.xml
75.14,55680.75
73.98,54891.04
53.55,41270.27
45.79,35427.31

Montage_100_667.xml
69.08,51636.16
68.49,51126.21
45.27,35469.99
42.9,33476.11

Montage_100_668.xml
68.91,51473.78
68.15,50921.7
50.49,39243.15
42.97,33480.4

Montage_100_669.xml
75.19,55657.67
74.32,55166.12
53.71,41334.48
46.06,35632.27

Montage_100_670.xml
73.21,54368.62
72.42,53827.47
52.74,40713.18
44.93,34833.14

Montage_100_671.xml
75.85,56235.79
75.15,55707.3
54.15,41523.12
46.36,35762.19

Montage_100_672.xml
73.63,54746.8
72.96,54248.76
53.04,40934.47
45.5,35255.25

Montage_100_673.xml
69.9,52150.59
69.25,51633.66
45.63,35567.74
43.45,33824.76

Montage_100_674.xml
73.63,54749.38
73.02,54204.1
43.64,34006.27
45.28,35071.77

Montage_100_675.xml
75.46,55937.6
74.8,55411.4
53.84,41494.31
46.26,35768.23

Montage_100_676.xml
73.25,54462.3
72.71,54026.43
52.84,40801.18
44.83,34788.34

Montage_100_677.xml
74.14,55080.71
73.51,54598.28
53.24,41003.78
45.68,35348.95

Montage_100_678.xml
73.93,54915.53
73.21,54389.2
53.01,40788.99
45.28,35099.76

Montage_100_679.xml
74.65,55361.82
74.11,55007.01
53.43,41254.35
45.86,35492.52

Montage_100_680.xml
72.72,54052.05
71.85,53488.97
52.43,40540.24
44.71,34692.47

Montage_100_681.xml
75.51,56000.12
75.01,55644.16
53.99,41469.23
46.49,35921.56

Montage_100_682.xml
74.27,55196.67
73.73,54712.41
53.16,40884.06
45.31,35116.13

Montage_100_683.xml
71.24,53024.39
70.16,52200.23
51.51,39679.89
44,34232.62

Montage_100_684.xml
73.52,54622.26
73.23,54358.75
52.91,40827.62
45.42,35105.99

Montage_100_685.xml
69.77,52020.86
69.08,51567.06
45.53,35687.96
43.35,33744.97

Montage_100_686.xml
72.41,53883.96
71.84,53463.28
52.42,40461.74
44.69,34688

Montage_100_687.xml
70.38,52506.21
69.72,52005.15
45.88,35801.21
43.78,34012.45

Montage_100_688.xml
75.01,55649.72
74.36,55177.77
53.58,41370.95
46.04,35597.21

Montage_100_689.xml
74.38,55236.17
73.94,54827.52
45.66,35436.7
45.79,35451.75

Montage_100_690.xml
75.3,55896.94
74.95,55596.07
53.78,41435.26
46.14,35625.47

Montage_100_691.xml
73.51,54659.2
72.92,54120.2
53.02,40825.3
45.32,35108.97

Montage_100_692.xml
74.29,55173.09
73.77,54795.4
53.29,41141.69
45.76,35354.69

Montage_100_693.xml
70.14,52318.37
69.6,51950.8
45.83,35795.39
43.57,33922.13

Montage_100_694.xml
71.44,53220.3
70.67,52621.05
51.78,40011.64
44.08,34290.34

Montage_100_695.xml
74.12,55012.88
73.25,54414.6
53.12,40935.86
45.47,35195.84

Montage_100_696.xml
76.1,56427.62
75.49,55933.49
54.24,41640.98
46.45,35898.23

Montage_100_697.xml
77.17,57063.32
76.46,56622.42
54.68,42060.33
47.18,36384.92

Montage_100_698.xml
71.7,53374.8
71.12,53003.32
51.93,40148.05
44.53,34573.72

Montage_100_699.xml
73.16,54385.72
72.48,53889.31
52.69,40625.07
45.03,34914.96

Montage_100_700.xml
69.58,51935.91
69.04,51544.02
50.78,39316.06
43.15,33631.09

Montage_100_701.xml
72.2,53684.02
71.71,53289.64
52.03,40219.36
44.52,34572.74

Montage_100_702.xml
77.03,57044.59
76.41,56577.4
54.66,42037
46.99,36239.67

Montage_100_703.xml
71.64,53299.11
70.66,52642.11
51.96,40124.49
44.11,34312.94

Montage_100_704.xml
75.68,56061.01
75.09,55682.41
53.99,41462.26
46.39,35867.42

Montage_100_705.xml
74.78,55468.15
74.09,54927.62
53.49,41269.83
45.96,35525.06

Montage_100_706.xml
74.33,55239.15
73.92,54823.54
53.48,41164.34
45.78,35438.61

Montage_100_707.xml
72.83,54136.9
72.28,53717.22
52.4,40340.25
44.88,34800.42

Montage_100_708.xml
73.57,54694.3
72.85,54155.55
52.88,40842.46
45.16,35029.58

Montage_100_709.xml
68.25,51017.78
67.56,50473.41
44.86,35169.8
42.55,33198.59

Montage_100_710.xml
67.98,50764.33
67.2,50329.91
44.56,34954.07
42.48,33157.21

Montage_100_711.xml
75.48,56002.62
75,55653.24
53.88,41411.09
46.4,35850.19

Montage_100_712.xml
70.67,52705.32
70.09,52233.39
53.2,40912.39
42.15,32985.1

Montage_100_713.xml
73.91,54865.15
73.02,54263.31
43.54,33958.52
45.26,35082.61

Montage_100_714.xml
73.3,54551.13
72.38,53807.76
46.84,36208.62
45.05,34899.58

Montage_100_715.xml
69.66,52013.7
69.01,51506.95
45.6,35453.91
43.32,33734.93

Montage_100_716.xml
66.87,50092.8
66.22,49614.73
41.99,32972.27
42.03,32855.68

Montage_100_717.xml
69.95,52255.24
69.41,51778.98
45.73,35667.97
43.09,33603.96

Montage_100_718.xml
72.27,53752.86
71.75,53302.92
46.9,36632.41
44.5,34547.72

Montage_100_719.xml
70.71,52735.23
70.08,52256.01
51.47,39985.93
43.92,34144.1

Montage_100_720.xml
72.6,53969.66
71.99,53536.38
52.22,40266.33
44.5,34548.47

Montage_100_721.xml
70.07,52243.32
68.92,51474.02
50.66,39196.08
43.24,33678.12

Montage_100_722.xml
72.72,54031.75
71.97,53539.63
52.03,40260.54
44.65,34626.97

Montage_100_723.xml
77.6,57403.29
77.01,56966.53
54.93,42286.02
47.24,36416.17

Montage_100_724.xml
77.13,57049.58
76.3,56518.28
54.79,42066.62
47.04,36309.46

Montage_100_725.xml
66.13,49603.36
65.78,49279.85
43.83,34432.85
41.64,32599.29

Montage_100_726.xml
73.9,54801.86
72.83,54123.88
52.87,40839.09
45.29,35088.16

Montage_100_727.xml
77.59,57447.74
76.83,56875.09
54.87,42109.2
47.34,36449.55

Montage_100_728.xml
69.77,52011.56
68.9,51432.84
51.03,39571.58
43.44,33819.33

Montage_100_729.xml
73.67,54672.65
72.99,54247.69
52.82,40750.87
45.34,35147.36

Montage_100_730.xml
70.87,52823.66
70.19,52316.89
46.15,36034.79
43.93,34148.71

Montage_100_731.xml
67.67,50650.42
67.03,50190.86
44.54,34872.09
42.63,33260.14

Montage_100_732.xml
70.13,52363.75
69.48,51851.8
45.8,35958
43.41,33790.33

Montage_100_733.xml
72.64,54009.41
71.8,53429.94
52.27,40333.2
44.72,34704.64

Montage_100_734.xml
72.09,53659.13
71.28,53089.54
51.89,40110.01
44.44,34515.02

Montage_100_735.xml
75.28,55787.47
74.47,55231.15
53.77,41316.63
46.13,35659.08

Montage_100_736.xml
69.22,51703.28
68.66,51262.42
45.34,35561.56
45.04,35001.79

Montage_100_737.xml
74.08,54890.88
73.35,54423.8
53.24,41032
45.46,35196.14

Montage_100_738.xml
77.35,57249.15
76.63,56738.78
54.86,42197.71
47.17,36392.8

Montage_100_739.xml
77.2,57191.42
76.23,56465.92
54.7,41949.4
46.92,36203.16

Montage_100_740.xml
72.56,53956.37
71.78,53402.81
52.5,40484.54
44.84,34775.33

Montage_100_741.xml
72.76,53963.37
72.09,53630.45
52.4,40473.52
44.8,34757.35

Montage_100_742.xml
67.9,50807.47
67.29,50350.87
44.7,34964.63
42.3,33038.67

Montage_100_743.xml
74.47,55266.98
74.06,54988.16
53.31,41142.03
46.02,35590.2

Montage_100_744.xml
67.81,50727.8
67.01,50155.38
44.52,34899.89
42.46,33135.31

Montage_100_745.xml
70.64,52586.74
69.9,52066.18
51.49,39806.33
43.79,34053.94

Montage_100_746.xml
69.37,51844.6
68.94,51471.51
45.4,35400.75
43.09,33540.33

Montage_100_747.xml
74.09,55008.96
73.57,54643.29
53.05,40958.14
45.47,35205.97

Montage_100_748.xml
69.96,52156.89
69.32,51737.36
50.65,39137.43
43.46,33833.36

Montage_100_749.xml
73.58,54568.02
72.44,53867
52.64,40588.57
44.97,34880.64

Montage_100_750.xml
73.11,54241.48
72.39,53842.34
44.9,34898.67
45.04,34920.35

Montage_100_751.xml
75.85,56185.67
74.98,55598.15
53.99,41486.62
46.23,35688.81

Montage_100_752.xml
72.42,53916.77
71.99,53489.59
52.37,40534.78
44.58,34597

Montage_100_753.xml
71.07,53009.24
70.35,52416.15
51.73,39826
43.73,34091.2

Montage_100_754.xml
73.39,54592.39
72.83,54096.65
52.84,40687.68
45,34886.24

Montage_100_755.xml
70.95,52776.68
70.44,52524.91
51.44,39832.59
44.05,34241.68

Montage_100_756.xml
70,52234.05
69.36,51747.63
51.12,39469.89
43.71,34002.54

Montage_100_757.xml
73.84,54790.57
73.29,54434.7
53.01,40833.71
45.28,35102.81

Montage_100_758.xml
74.99,55588.84
74.21,55067.65
53.59,41294.24
45.91,35529.08

Montage_100_759.xml
75.35,55802.25
74.73,55454.71
53.63,41162.5
46.32,35795.56

Montage_100_760.xml
70.44,52517.33
69.66,51949.78
51.25,39700.53
43.52,33888.76

Montage_100_761.xml
74.68,55423.79
74.15,55004.9
53.5,41261.88
45.81,35467.77

Montage_100_762.xml
68.98,51539.19
68.27,51016.9
45.21,35294.26
42.83,33415.25

Montage_100_763.xml
66.69,49979.73
66.17,49576.49
44.11,34492.16
41.8,32730.65

Montage_100_764.xml
74.62,55426.21
74.03,54956.62
53.5,41219.78
45.8,35375.56

Montage_100_765.xml
70.79,52766.18
70.24,52236.34
51.52,39816.23
43.95,34176.54

Montage_100_766.xml
70.44,52550.38
69.86,52123.11
51.27,39771.56
43.77,34049.39

Montage_100_767.xml
73.94,54926.12
73.28,54436.97
53.09,41061.9
45.61,35326.06

Montage_100_768.xml
68.94,51505.06
68.38,51128.99
45.25,35500.04
42.97,33519.39

Montage_100_769.xml
71.52,53294.13
71,52808.5
52.11,40194.07
44.25,34404.33

Montage_100_770.xml
77.67,57502.38
76.94,56939.41
54.94,42179.12
47.33,36496.05

Montage_100_771.xml
72.65,53960.76
71.89,53493.79
52.37,40487.85
44.69,34717.1

Montage_100_772.xml
73.89,54917.18
73.32,54446.37
53.04,40813.4
45.43,35187.16

Montage_100_773.xml
71.84,53483.12
71.1,52952.87
52.04,40172.11
44.4,34464.58

Montage_100_774.xml
74.58,55299.25
73.84,54761.03
53.41,41261.04
45.67,35369.14

Montage_100_775.xml
69.94,52222.3
69.64,51942.02
50.91,39368.75
43.67,33966.38

Montage_100_776.xml
72.65,54055.41
71.71,53309.42
52.54,40426.46
44.84,34765.8

Montage_100_777.xml
77.24,57090.87
76.4,56568.33
54.68,42024.13
46.91,36206.64

Montage_100_778.xml
74.41,55266.85
74,54929.55
53.45,41210.38
45.76,35418.04

Montage_100_779.xml
75.67,56105.31
75.19,55744.08
54.03,41584.9
46.33,35788.7

Montage_100_780.xml
71.85,53380.3
70.67,52659.23
51.66,39951.65
44.14,34183.57

Montage_100_781.xml
74.03,54913.41
73.51,54530.8
53.02,40892.97
45.67,35330.98

Montage_100_782.xml
72.9,54213.39
72.28,53746.59
52.5,40559.36
44.96,34865.04

Montage_100_783.xml
74.96,55663.87
74.51,55267.25
53.53,41241.27
45.96,35570.09

Montage_100_784.xml
67.76,50716.98
67.02,50145.7
44.64,34949.43
42.27,33036.16

Montage_100_785.xml
69.36,51777.7
68.78,51385.02
43.1,33709.62
43.2,33665.68

Montage_100_786.xml
70.05,52275.98
69.48,51844.09
45.72,35640.53
43.57,33907.7

Montage_100_787.xml
74.49,55280.14
73.85,54866.47
53.45,41242.59
45.82,35455.25

Montage_100_788.xml
73.16,54339.83
72.49,53810
52.56,40488.68
45.17,35006.76

Montage_100_789.xml
75.85,56241.81
75.04,55565.55
54.06,41724.58
46.36,35830.97

Montage_100_790.xml
73.17,54372.05
72.29,53775.71
45.01,35015.37
45.14,34989.65

Montage_100_791.xml
73.68,54654.74
72.64,53979.27
52.96,40865.09
45.23,35043.88

Montage_100_792.xml
71.76,53488.25
71.2,53001.53
42.82,33579.86
44.2,34342.27

Montage_100_793.xml
69.77,52078.42
69.26,51672.88
50.61,39160.11
43.5,33871.77

Montage_100_794.xml
70.29,52414.79
69.76,51979.51
51.38,39791.82
43.51,33869.68

Montage_100_795.xml
72.22,53687.78
71.67,53319.07
44.51,34572.07
44.88,34784.93

Montage_100_796.xml
73.32,54471.46
72.56,53954.7
52.85,40731.43
44.99,34894.26

Montage_100_797.xml
71.45,53231.16
71.19,52998.51
51.84,40140.42
44.22,34362.4

Montage_100_798.xml
69.44,51886.55
68.6,51191.14
50.69,39230.73
43.08,33585.94

Montage_100_799.xml
73,54279.21
72.66,53950.46
44.89,34876.27
45.02,34923.53

Montage_100_800.xml
75.63,56067.39
75,55614.5
53.85,41469.61
46.44,35874.29

Montage_100_801.xml
74.41,55265.21
73.7,54733.99
53.44,41136.72
45.76,35427.56

Montage_100_802.xml
76.68,56774.7
75.94,56258.19
54.39,41885.41
46.98,36249.55

Montage_100_803.xml
69.5,51880.51
68.98,51432.21
41.78,32924.82
43.42,33788.47

Montage_100_804.xml
73.12,54398.71
72.29,53771.13
47.25,36839.1
44.94,34855.27

Montage_100_805.xml
71,52846.48
70.21,52338.58
51.56,39846.86
43.94,34181.12

Montage_100_806.xml
68.17,50975.04
67.55,50506.13
44.85,35050.48
42.72,33325.23

Montage_100_807.xml
70.48,52525.03
69.76,52044.43
45.93,35995.62
43.82,34081.53

Montage_100_808.xml
73.05,54300.71
72.51,53878.77
52.77,40688.75
45.24,35076.31

Montage_100_809.xml
74.94,55604.14
74.22,55075.05
53.49,41232.22
45.93,35527.8

Montage_100_810.xml
74.36,55185.26
73.12,54350.86
53.14,40928.46
45.48,35225.35

Montage_100_811.xml
72.51,53987.32
71.99,53513.44
52.38,40375.09
44.53,34590.96

Montage_100_812.xml
69.14,51553.57
68.29,51028.43
50.41,39017.53
42.97,33493.92

Montage_100_813.xml
77.01,57035.96
76.44,56511.73
54.62,41996.87
47,36259.94

Montage_100_814.xml
71.08,52975.63
70.29,52333.87
46.31,36034.37
43.88,34120.56

Montage_100_815.xml
71.34,53165.35
70.68,52662.82
51.91,40131.34
44.27,34400.5

Montage_100_816.xml
67.89,50797.45
67.38,50424.58
44.75,35167.04
42.33,33076.27

Montage_100_817.xml
69.02,51490.26
68.11,50891.3
42.81,33447.92
42.81,33373.47

Montage_100_818.xml
71.17,53046.07
70.53,52529.01
51.37,39667.15
44.02,34209.41

Montage_100_819.xml
70.52,52516.75
70.06,52236.79
43.81,34125.98
43.86,34095.99

Montage_100_820.xml
69.34,51815.34
68.54,51210.25
50.53,39148.07
43.09,33602.35

Montage_100_821.xml
72.6,54047.09
71.9,53533.35
52.32,40260.9
44.83,34775.82

Montage_100_822.xml
74.6,55377.38
74.07,55008.06
53.36,41095.61
45.84,35476.74

Montage_100_823.xml
69.93,52115.77
69.25,51622.99
50.8,39308.22
43.54,33871.24

Montage_100_824.xml
70.42,52540.05
69.83,52088.93
51.29,39638.52
43.62,33975.93

Montage_100_825.xml
72.58,54002.76
71.8,53442.71
52.52,40447.98
44.72,34594.02

Montage_100_826.xml
73.38,54576.28
72.97,54156.45
52.9,40772.14
45.28,35079.92

Montage_100_827.xml
69.44,51799.96
68.84,51414.26
45.39,35467.39
43.32,33747.51

Montage_100_828.xml
75.16,55787.21
74.59,55338.9
53.82,41474.8
46.22,35681.91

Montage_100_829.xml
69.94,52196.94
69.52,51799.16
45.69,35783.41
43.37,33772.79

Montage_100_830.xml
71.69,53318.26
70.85,52718.41
51.75,39928.43
44.11,34283.16

Montage_100_831.xml
73.02,54314.84
72.42,53839.6
52.61,40606.18
44.89,34818.11

Montage_100_832.xml
72.61,53978.24
71.91,53496.63
52.36,40493.77
44.75,34738.23

Montage_100_833.xml
76.06,56383.23
75.54,55921.03
54.24,41657.55
46.4,35844.78

Montage_100_834.xml
70.43,52530.36
69.82,52078.56
45.87,35903.31
43.63,33967.37

Montage_100_835.xml
77.01,57005.25
76.3,56474.91
54.74,42072.04
47,36254.17

Montage_100_836.xml
72.81,54166.53
72.02,53580.09
52.44,40448.26
44.88,34832.37

Montage_100_837.xml
72.97,54253.21
72.46,53872.48
52.62,40638.41
45.05,34929.49

Montage_100_838.xml
75.17,55755.31
74.26,55116.92
53.68,41459.42
45.78,35447.72

Montage_100_839.xml
72.47,53848.6
71.61,53304.97
52.35,40378.03
44.71,34680.98

Montage_100_840.xml
75.19,55777.19
74.84,55507.89
53.82,41422.45
46.31,35796.95

Montage_100_841.xml
73.69,54744.04
72.98,54197.14
53.03,40883.56
43.7,33988.91

Montage_100_842.xml
76.72,56861.99
76.18,56461.91
54.51,41926.34
46.85,36181.25

Montage_100_843.xml
71.81,53438.23
71.42,53106.67
51.95,40094.84
44.65,34648.01

Montage_100_844.xml
73.51,54589.45
73.01,54267.03
52.97,40864.75
45.49,35227.75

Montage_100_845.xml
73.93,54854.4
73.18,54325.9
53.06,40967.02
45.54,35259.26

Montage_100_846.xml
76.38,56639.36
75.51,55975.85
46.59,36089.07
46.59,35992.92

Montage_100_847.xml
68.18,50938.25
67.31,50356.62
44.7,35047.47
44.55,34721.91

Montage_100_848.xml
76.34,56500.45
75.32,55834.77
54.26,41666.93
46.49,35930.26

Montage_100_849.xml
71.89,53521.19
71.29,53067.28
52.17,40292.98
44.46,34524.63

Montage_100_850.xml
71.96,53538.3
71.2,52954.74
51.9,40089.41
44.51,34576.55

Montage_100_851.xml
73.65,54673.03
72.76,54030.03
45.03,35006.21
45.29,35081.16

Montage_100_852.xml
68.67,51330.43
68.21,50957.2
50.39,38964.59
42.87,33422.49

Montage_100_853.xml
72.58,53995.79
71.97,53475.83
43.08,33650.16
44.91,34778.07

Montage_100_854.xml
76.28,56541.16
75.78,56140.64
56.16,42955.77
46.73,36090.29

Montage_100_855.xml
68.97,51483.92
68.2,50947.16
45.08,35343.27
42.98,33497.06

Montage_100_856.xml
73.21,54420.03
72.31,53750.2
52.56,40560.12
44.88,34826.15

Montage_100_857.xml
71.6,53368.81
71.06,52923.47
44.25,34413.3
44.23,34354.54

Montage_100_858.xml
75.47,55969.08
74.99,55596.13
53.76,41455.08
46.16,35703.37

Montage_100_859.xml
77.42,57289.92
76.53,56663.2
54.99,42133.97
47.2,36401.21

Montage_100_860.xml
70.67,52685.85
70.11,52330.42
51.51,39808.29
44.01,34209.31

Montage_100_861.xml
75.14,55667.6
74.45,55202.73
44.32,34504.37
45.94,35527.42

Montage_100_862.xml
70.88,52834.09
70.26,52346.88
51.32,39640.32
44.02,34228.54

Montage_100_863.xml
75.81,56142.62
74.99,55603.57
53.87,41435.69
46.28,35769.62

Montage_100_864.xml
75.1,55769.8
74.53,55286.06
53.73,41352.07
46.18,35718.82

Montage_100_865.xml
69.27,51674.83
68.44,51155.41
45.29,35209.13
43.13,33613.01

Montage_100_866.xml
74.29,55206.77
73.86,54579.7
53.27,41111.59
45.48,35239.34

Montage_100_867.xml
73.11,54353.95
72.63,53938.55
52.64,40664.11
45.28,35077.4

Montage_100_868.xml
72.65,53906.26
71.99,53573.86
52.37,40463.34
44.8,34761.88

Montage_100_869.xml
73.02,54254.59
72.21,53725.46
44.83,34793.67
44.96,34887.72

Montage_100_870.xml
69.39,51804.87
68.68,51298.59
45.42,35455.72
43.27,33707.56

Montage_100_871.xml
71.88,53525.38
71.08,52948.09
51.67,40019.39
44.49,34529.44

Montage_100_872.xml
68.74,51376.17
68.18,50944.06
45.08,35244.75
43.03,33511.09

Montage_100_873.xml
73.89,54915.78
73.25,54417.39
57.95,44143.8
45.47,35216.48

Montage_100_874.xml
77.63,57459.78
76.85,56580.82
55.23,42391.01
47.15,36386.75

Montage_100_875.xml
75.47,55901.22
74.63,55135.16
53.87,41449.47
46.16,35484.52

Montage_100_876.xml
73.99,54905.38
73.17,54355.39
53.21,40933.75
45.49,35225.8

Montage_100_877.xml
72.93,54152.29
72.46,53775.46
52.58,40608.81
44.81,34758.49

Montage_100_878.xml
74.3,55144.1
73.52,54588.17
53.22,41025.13
45.66,35337.97

Montage_100_879.xml
70.91,52847.86
70.39,52487.95
44.03,34396.81
43.98,34193.91

Montage_100_880.xml
76.36,56582.03
75.97,56238.48
54.36,41711.51
46.86,36147.52

Montage_100_881.xml
75.38,55909.39
74.76,55439.21
44.49,34595.79
46.23,35661.55

Montage_100_882.xml
70.24,52485.05
69.68,51961.33
51.19,39607.24
43.55,33943.29

Montage_100_883.xml
73.92,54920.43
73.44,54546.13
53.22,40963.67
45.59,35280.88

Montage_100_884.xml
77.2,57099.52
76.41,56579.36
54.73,42043.25
47.15,36376.06

Montage_100_885.xml
72.17,53648.81
71.19,53011.68
52.33,40285.03
44.54,34577.46

Montage_100_886.xml
75.2,55810.38
74.75,55447.24
53.8,41460.81
46.22,35715.58

Montage_100_887.xml
73.07,54368.41
72.57,53962.75
52.56,40672.59
45,34904.74

Montage_100_888.xml
70.49,52494.3
69.61,51931.76
45.92,35972.06
43.62,33926.07

Montage_100_889.xml
70.16,52312.64
69.81,52078.02
51.22,39588.04
43.66,33980.99

Montage_100_890.xml
69.82,52064.08
68.67,51144.18
43.34,33945.98
43.24,33644.74

Montage_100_891.xml
73.93,54944.38
73.2,54319.96
53.12,40915.93
45.52,35242.92

Montage_100_892.xml
77.18,57138.43
76.81,56846.27
54.65,42111.18
47.06,36333.12

Montage_100_893.xml
73.76,54823.91
72.93,54163.53
45.19,35111.38
45.2,35035.23

Montage_100_894.xml
69.93,52193.56
69.32,51748.91
43.56,34046.38
43.44,33826.35

Montage_100_895.xml
75.36,55824.47
74.86,55413.85
53.71,41412.92
45.99,35572.36

Montage_100_896.xml
69.68,52018.34
68.81,51316.14
50.26,38845.48
43.18,33613.93

Montage_100_897.xml
68.23,51020.59
67.62,50564.31
50.26,38941.41
42.52,33223.38

Montage_100_898.xml
71.38,53152.53
70.77,52731.42
51.82,40165.54
44.09,34269.03

Montage_100_899.xml
73.94,54956.92
73.26,54386.42
53.05,40903.91
45.49,35232.35

Montage_100_900.xml
74.1,55016.44
73.62,54688.35
53.14,41063.76
45.65,35328.88

Montage_100_901.xml
76.24,56433.82
75.61,56007.69
54.05,41662.9
46.71,36046.93

Montage_100_902.xml
71.11,53004.03
70.39,52472.86
43.94,34202.94
43.86,34089.71

Montage_100_903.xml
73.44,54594.46
72.6,53973.33
52.66,40644.97
45.27,35062.57

Montage_100_904.xml
69.85,52034.47
68.81,51369.55
45.42,35453.55
43.28,33722.53

Montage_100_905.xml
72.31,53780.17
71.93,53444.41
52.34,40481.77
44.78,34754.68

Montage_100_906.xml
77.57,57418.4
77.23,57106.42
54.98,42263.16
47.28,36417.13

Montage_100_907.xml
74.73,55473.19
74.35,55080.52
53.54,41292.38
45.6,35275.5

Montage_100_908.xml
69.32,51758.03
68.6,51176.48
50.91,39443.09
43.19,33645.43

Montage_100_909.xml
72.45,53856.17
71.9,53439.51
44.58,34665.14
44.72,34704.07

Montage_100_910.xml
69.38,51713.14
68.75,51331.73
50.72,39357.57
43.48,33832.3

Montage_100_911.xml
69.73,52080.21
68.83,51380.27
51.09,39464.94
43.22,33676.77

Montage_100_912.xml
73.13,54401.94
72.37,53819.47
52.64,40594.13
45.01,34906.11

Montage_100_913.xml
70.79,52758.02
70.02,52205.22
51.17,39469.96
43.66,33730.23

Montage_100_914.xml
72.7,54071.52
72.03,53566.69
52.44,40412.55
44.83,34770.05

Montage_100_915.xml
73.46,54524.31
72.76,54064.46
52.86,40738.43
45.05,34905.88

Montage_100_916.xml
73.15,54379.52
72.55,53925.68
52.76,40661.21
44.98,34875.58

Montage_100_917.xml
74.22,55149.24
73.84,54817.56
53.44,41137.29
45.58,35271.53

Montage_100_918.xml
76.81,56962.74
76.46,56628.95
56.17,42928.74
46.79,36095.55

Montage_100_919.xml
71.05,53015.45
70.5,52422.86
51.76,39924.24
43.81,34097.14

Montage_100_920.xml
74.14,55034.01
73.39,54522.63
53,40791.6
45.46,35192.45

Montage_100_921.xml
72.29,53758.94
71.44,53206.07
52.09,40204.49
44.42,34515.75

Montage_100_922.xml
72.55,53930.73
71.69,53335.12
44.59,34662.36
44.7,34705.57

Montage_100_923.xml
77.5,57371.49
76.52,56676.29
54.62,41903.88
47.29,36469.27

Montage_100_924.xml
73.47,54578.6
72.7,54031.73
52.71,40659.49
45.22,35058.07

Montage_100_925.xml
71.71,53338.41
70.98,52870.62
51.81,40014.57
44.36,34452.43

Montage_100_926.xml
69.68,52050.16
69.07,51551.01
50.97,39392.88
43.51,33872.31

Montage_100_927.xml
69.47,51897.28
68.9,51337.99
45.6,35536.29
43.31,33735.02

Montage_100_928.xml
74.71,55323.77
73.77,54772.22
43.99,34286.69
45.87,35480.97

Montage_100_929.xml
71.9,53567.3
71.51,53193.15
52.19,40217.03
44.61,34611.08

Montage_100_930.xml
71.43,53216.61
70.74,52708.81
51.91,40134.73
44.2,34331.87

Montage_100_931.xml
75.81,56153.38
75.01,55550.93
53.92,41481.9
46.32,35784.87

Montage_100_932.xml
70.05,52217.41
69.16,51615.89
45.8,35760.4
43.68,33973.05

Montage_100_933.xml
68.22,50946.21
67.73,50657.94
41.03,32275.84
42.71,33316.84

Montage_100_934.xml
65.65,49276.86
64.94,48754.32
43.52,34226.13
41.34,32363.13

Montage_100_935.xml
69.71,52026.39
68.91,51444.37
50.27,38901.32
43.26,33700.6

Montage_100_936.xml
74.62,55431.16
74.04,54971.17
53.35,41104.45
45.89,35500.44

Montage_100_937.xml
77.26,57137.56
76.18,56429.66
54.62,41949.55
47.09,36316.32

Montage_100_938.xml
70.64,52671.32
70.14,52212.71
51.34,39714.94
43.82,34079.48

Montage_100_939.xml
68,50857.28
67.48,50483.83
44.84,35140.03
42.55,33214.51

Montage_100_940.xml
78.45,57986.51
77.91,57582.06
55.41,42605.64
47.81,36769.16

Montage_100_941.xml
70.71,52694.57
69.96,52169.37
51.32,39639.44
43.87,34104.22

Montage_100_942.xml
70.05,52204.15
69.24,51673.2
45.76,35674.97
43.59,33911.9

Montage_100_943.xml
74.53,55330.75
73.95,54898.49
53.42,41037.24
45.96,35529.96

Montage_100_944.xml
74.78,55465.1
73.83,54819.43
53.5,41170.51
45.57,35290.95

Montage_100_945.xml
71.1,52942.29
70.6,52536.28
51.77,40006.6
42.55,33260.77

Montage_100_946.xml
73.42,54593.5
72.71,54053.77
52.91,40849.31
45.31,35104.02

Montage_100_947.xml
67.5,50506.23
67.02,50111.09
44.42,34921.51
42.05,32826.87

Montage_100_948.xml
73.56,54675.47
72.99,54234.79
47.14,36386.95
45.35,35119.39

Montage_100_949.xml
73.43,54391.35
72.36,53789.89
52.83,40856.92
45.17,34990.66

Montage_100_950.xml
76.14,56403.26
75.6,56041.54
54.21,41753.67
46.77,36068.7

Montage_100_951.xml
74.02,55012.36
73.43,54514.99
53.17,41044.16
45.49,35224.09

Montage_100_952.xml
78.53,58023.19
78.01,57637.52
55.4,42536.33
47.77,36796.28

Montage_100_953.xml
77.29,57201.97
76.69,56688.51
54.8,42059.25
47.23,36415.41

Montage_100_954.xml
75.02,55663.65
74.23,55132.48
53.71,41357.78
46.19,35709.7

Montage_100_955.xml
74.81,55441.89
74.16,55068.52
53.54,41254.24
45.81,35455.29

Montage_100_956.xml
74.16,55104.83
73.58,54643.46
53.19,40896.59
45.47,35223.68

Montage_100_957.xml
77.4,57317
76.86,56839.96
54.89,42139.98
46.87,36186.28

Montage_100_958.xml
72.42,53810.52
71.62,53284.66
42.84,33446.98
44.54,34587.88

Montage_100_959.xml
74.52,55329.72
73.87,54825.04
53.31,41106.59
45.8,35440.39

Montage_100_960.xml
71.76,53435.59
70.87,52796.03
51.86,40131.01
44.5,34550.3

Montage_100_961.xml
75.6,56049.57
75.03,55627.93
54.04,41576.7
46.15,35709.32

Montage_100_962.xml
75.19,55808.07
74.86,55523.12
44.48,34469.95
46.19,35669.05

Montage_100_963.xml
77.65,57450.31
76.97,56937.72
55.15,42322.82
47.28,36449.35

Montage_100_964.xml
70.41,52488.31
70.07,52220.35
51.27,39730.68
43.91,34135.93

Montage_100_965.xml
73.27,54516.63
72.48,53917.99
52.62,40510.59
45.04,34906.23

Montage_100_966.xml
76.56,56684.31
76.07,56306.6
54.43,41934.83
46.69,36056.47

Montage_100_967.xml
73.37,54475.92
72.87,54144.25
52.85,40736.45
45.29,35106.66

Montage_100_968.xml
70.7,52711.17
70.03,52231.42
43.72,34102.58
43.76,34069.51

Montage_100_969.xml
71.28,53069.17
70.63,52602.11
46.38,36102.65
44.19,34321.94

Montage_100_970.xml
69.78,52064.29
68.64,51262.62
45.68,35555.32
43.24,33679.62

Montage_100_971.xml
68.76,51317.35
67.95,50818.16
50.18,38880.29
42.87,33438.62

Montage_100_972.xml
70.66,52709.62
69.85,52091.9
46.09,35965.67
43.78,34035.82

Montage_100_973.xml
75.69,56149.44
74.97,55593.62
54.03,41552.65
46.27,35755.66

Montage_100_974.xml
73.3,54538.62
72.76,54072.17
45.05,35010.99
45.09,34933.86

Montage_100_975.xml
72.11,53656.25
71.64,53287.3
52.05,40299.12
44.69,34665.76

Montage_100_976.xml
72.8,54138.6
72.15,53672.91
52.51,40494.65
44.63,34622.45

Montage_100_977.xml
72.07,53636.45
71.31,53086.4
51.81,39987.13
44.54,34555.28

Montage_100_978.xml
75.65,56110.33
75.06,55671.55
54,41531.33
46.53,35939.91

Montage_100_979.xml
72.16,53616.71
71.36,53116.83
52.21,40331.98
44.38,34476.05

Montage_100_980.xml
69.37,51704.54
68.46,51160.5
50.54,39109.38
43.15,33629.97

Montage_100_981.xml
70.58,52630.89
70.08,52181.29
51.17,39597.6
43.78,34039.69

Montage_100_982.xml
66.74,50018.61
66.17,49561.48
44.15,34657.29
41.83,32715.39

Montage_100_983.xml
73.51,54636.5
72.84,54139.06
52.79,40671.61
45.28,35087.78

Montage_100_984.xml
74.82,55531.26
74.05,54962.83
44.16,34365.25
45.84,35493.06

Montage_100_985.xml
70.71,52664.85
69.82,52058.28
51.57,39863.08
43.72,34022.31

Montage_100_986.xml
70.82,52712.91
70.1,52190.4
51.47,39770.26
43.69,33994.38

Montage_100_987.xml
71.87,53423.87
71.18,52972.48
56.8,43477.54
44.44,34501.33

Montage_100_988.xml
76.28,56412.15
75.43,55891.8
54.23,41706.68
46.44,35880.44

Montage_100_989.xml
74.05,55013.93
73.48,54582.15
53.08,40890.38
45.76,35413.64

Montage_100_990.xml
74.12,55013.85
73.28,54434.14
53.21,40967.83
45.41,35143.41

Montage_100_991.xml
67.53,50554.47
66.97,50122.91
44.57,34997.75
42.31,33053.49

Montage_100_992.xml
76.56,56765.62
75.83,56195.88
54.33,41824.86
46.57,35969.16

Montage_100_993.xml
76.59,56698.37
75.69,56089.82
54.44,41811.06
46.56,35969.23

Montage_100_994.xml
71.86,53495.59
71.39,53132.93
52,40160.58
44.61,34606.47

Montage_100_995.xml
71.33,53147.17
70.71,52682.14
51.61,39914.78
44.3,34413.31

Montage_100_996.xml
71.06,52935.87
70.3,52416.23
51.68,40006.96
43.9,34142.33

Montage_100_997.xml
73.47,54518.43
72.63,54001.79
52.98,40880.33
45.21,35042.06

Montage_100_998.xml
70.09,52337.79
69.17,51643.45
50.95,39485.6
43.46,33798.03

Montage_100_999.xml
69.1,51667.64
68.53,51207.76
45.32,35447.6
42.76,33401.95

Montage_100_1000.xml
71.36,53142.38
70.6,52621.75
46.42,36085.52
44.16,34282.94