Montage_300_1.xml
167.52,129363.96
169.7,130944.8
137.14,110317.46
110.16,91024.31

Montage_300_2.xml
163.51,126820.92
163.98,127225.24
129.7,105562.35
107.1,89158.32

Montage_300_3.xml
154.6,120914.52
152.7,119243.51
119.79,98556.63
102.65,85847.09

Montage_300_4.xml
149.22,117288.07
149.55,117179.83
116.97,96823.64
100.16,84153.89

Montage_300_5.xml
146.59,115399.04
147.06,115577.94
114.9,95150.69
98.75,83350.46

Montage_300_6.xml
154.72,120801.78
160.05,124332.31
126.29,103121.55
104.7,87347.87

Montage_300_7.xml
136.48,108476.79
138.9,110063.76
104.38,88328.09
94.88,80591.39

Montage_300_8.xml
154.78,120833.59
156.82,122173.18
127.01,103795.03
103.83,86938.72

Montage_300_9.xml
153.96,120620.87
156.49,121767.8
124.02,101336.92
103.52,86605.57

Montage_300_10.xml
156.6,121980.13
155.21,120890.34
126.52,103434.62
109.17,90320.63

Montage_300_11.xml
138.21,109672.5
138.56,109646.4
112.19,93476.84
95.77,81017.88

Montage_300_12.xml
152.67,119574.56
153.18,119590.67
119.93,98569.59
103.07,86171.14

Montage_300_13.xml
164.89,128030.35
165.2,127648.53
131.38,106487.26
120.53,97454.01

Montage_300_14.xml
153.08,119719.08
156.78,122125.69
125.68,102852.8
102.9,86166.7

Montage_300_15.xml
149.98,117542.92
148.37,116303.89
121.04,99216.57
105.29,87681.86

Montage_300_16.xml
149.46,117497.27
153.01,119538
117.73,97357.78
100.41,84474.28

Montage_300_17.xml
163.93,127243.09
164.23,127467.27
130.58,106309.93
113.49,93252.43

Montage_300_18.xml
147.63,116196.67
149.93,117463.02
117.39,97132.41
105.14,87581.5

Montage_300_19.xml
157.54,122972
161.36,125173.09
131.19,106616.82
110.82,91312.94

Montage_300_20.xml
139.59,110478.29
140.56,111181.94
114.12,94386.72
96.28,81586.98

Montage_300_21.xml
148.09,116155.64
148.64,116549.22
116.37,96621.68
104.42,87069.37

Montage_300_22.xml
153.28,119800.8
156.94,122370.85
120.75,99414.17
103.19,86569.02

Montage_300_23.xml
144.96,114444.24
143.13,112750.63
118.71,97820.37
97.77,82586.92

Montage_300_24.xml
141.89,112265.63
142.09,112184.74
114.08,94462.39
100.68,84406.89

Montage_300_25.xml
151.46,118659.31
151.62,118664.78
117.24,96822.29
101.06,84951.81

Montage_300_26.xml
133.32,106489.33
133.62,106460.31
109.85,91637.33
93.4,79709.93

Montage_300_27.xml
160.45,124630.79
159.86,124022.55
129.34,105164.63
106.23,88588.71

Montage_300_28.xml
157.88,123256.36
158.25,123348.06
122.73,100408.49
110.61,91365.79

Montage_300_29.xml
138.36,109733.52
143.68,113291.12
105.1,88386.56
95.64,81239.89

Montage_300_30.xml
139.78,110728.19
142.19,112254.33
112.04,93055.04
96.52,81908.83

Montage_300_31.xml
154.77,121018.32
155.33,120878.5
120.94,99432.71
103.89,86941.42

Montage_300_32.xml
163.41,126961.75
163.92,126980.83
131,106213.27
108.23,89803.59

Montage_300_33.xml
166.12,128627.62
166.05,128444.58
131.81,106819.66
109.44,90415.79

Montage_300_34.xml
150.05,117760.06
150.25,117877.83
117.47,96873
104.19,86960.17

Montage_300_35.xml
166.39,128882.91
166.53,128788.68
136.11,109981.73
113.36,93160.96

Montage_300_36.xml
150.01,117873.79
150.11,117778.07
117.69,97438.6
108.49,89787.87

Montage_300_37.xml
168.29,130290.42
170.14,131244.56
129.73,105615.57
109.98,90613.46

Montage_300_38.xml
148.08,116427.46
148.53,116539.15
113.31,93790.77
99.5,83869.72

Montage_300_39.xml
141.98,112128.99
144.25,113713.73
109.23,91250.31
97.22,82141.37

Montage_300_40.xml
141.39,111859
141.53,111527.57
112.7,93725.73
101.31,84823.59

Montage_300_41.xml
150.21,118049.39
148.19,116385.27
118.41,97633.08
100.61,84588.13

Montage_300_42.xml
167.97,129898.85
165.31,127761.37
130.78,106139.35
111.13,91554.68

Montage_300_43.xml
165.33,128347.3
165.58,128401.41
130.7,106063.09
109.21,90356.03

Montage_300_44.xml
137.57,109250.1
137.85,109226.7
110.86,92209.2
95.48,80903.01

Montage_300_45.xml
134.98,107665.26
135.24,107697.13
114.39,94677.59
93.78,79922.37

Montage_300_46.xml
146.23,115167.92
146.41,115271.83
114.22,94662.64
102.86,86008.93

Montage_300_47.xml
145.71,114869.31
145.91,114843.33
116.45,96417.86
99.46,83824.94

Montage_300_48.xml
158.45,123501.76
157,122016
121.64,99883.26
104.67,87250.92

Montage_300_49.xml
145.79,114555.85
143.62,113385
114.91,95419.21
98.21,82657.77

Montage_300_50.xml
157.79,123232.45
158.06,123242.79
128.13,104006.18
105.42,87637.92

Montage_300_51.xml
169.9,131462.25
170.42,131400.39
133.74,108447.1
111.13,91420.26

Montage_300_52.xml
146.33,115196.06
146.62,115109.47
114.89,95477.15
98.86,83211.19

Montage_300_53.xml
156.11,121822.85
158.48,123507.9
125.95,102949.1
106.32,88493.41

Montage_300_54.xml
165.72,128329.74
165.94,128220.53
130,105470.92
108.32,89858.32

Montage_300_55.xml
163.92,127150.93
164.23,127193.69
131.1,106429.02
108.34,90062.18

Montage_300_56.xml
171.75,132810.82
172.08,132813.6
134.89,108955.64
112.45,92775.63

Montage_300_57.xml
157.25,122469.34
155.57,121472.89
127.13,103826.74
109.52,90586.66

Montage_300_58.xml
160.65,124670.26
163.99,126962.56
132.25,106929.91
105.84,88056.05

Montage_300_59.xml
150.21,117994.17
152.65,119301.29
118.46,98002.9
106.68,88636.96

Montage_300_60.xml
160.41,124581.34
160.78,124906.01
133.55,108016.47
108.04,89438.56

Montage_300_61.xml
143.98,113331.76
146.17,114749.55
114.33,95126.27
98.51,83244.93

Montage_300_62.xml
147.76,116368
150.05,117424.37
111.67,93110.8
100.35,84448.38

Montage_300_63.xml
169.55,130988.3
169.99,131128.68
130.91,106518.89
115.3,94552.88

Montage_300_64.xml
139.98,110827.53
142.51,112471.75
112.27,93187.75
97.25,82145.4

Montage_300_65.xml
142.07,112458.08
144.47,113833.61
114.4,94875.78
102.88,85841.39

Montage_300_66.xml
159.25,123957.59
159.35,123687.27
122.32,100432.12
105.45,88031.21

Montage_300_67.xml
141.54,111920.64
142.19,112390.31
113.44,94244.87
96.53,81837.97

Montage_300_68.xml
155.32,121346.34
155.75,121394.93
125.51,102826.8
104.34,87183.05

Montage_300_69.xml
143.96,113768.07
144.22,113780
109.77,91540.52
99.15,83694.45

Montage_300_70.xml
144.56,114151.18
142.66,112755.72
113.64,94209.16
97.52,82467.13

Montage_300_71.xml
168.35,130333.01
170.41,131229.69
132.94,107817.69
110.1,90967.43

Montage_300_72.xml
153.53,120259.61
153.95,120012.76
119.74,98734.54
113.36,92817.99

Montage_300_73.xml
140.3,111170.16
140.52,111107.64
108.33,90506.44
96.72,81860.98

Montage_300_74.xml
158.33,123383.48
156.78,121939.6
121.68,99955.84
110.18,90951.99

Montage_300_75.xml
141.29,111734.32
141.69,112061.04
113.15,94325.43
97.09,82153.64

Montage_300_76.xml
155.16,121264.95
160.62,124788.5
121.22,99916.87
103.91,86813.46

Montage_300_77.xml
161.63,125675.44
160.78,124907.17
127.22,103676.75
107.11,89022.87

Montage_300_78.xml
139.43,110453.3
137.87,109244.39
104.66,88275.34
95.12,80615.69

Montage_300_79.xml
159.49,124135.69
158,122957.67
123.09,100857.72
105.28,87881.89

Montage_300_80.xml
149.82,117520.61
150.4,117589.69
121.49,99778.86
99.93,84085.9

Montage_300_81.xml
148.13,116510.85
148.51,116721.69
116.54,96564.73
105.57,87865.1

Montage_300_82.xml
149.3,117103.09
149.51,117299.84
117.23,96767.97
100.2,84187

Montage_300_83.xml
157.31,122464.11
155.73,121651.78
121.2,99455.28
109.52,90440.2

Montage_300_84.xml
172.09,132986.71
174.29,133867.94
139.64,112008.56
118.07,96250.21

Montage_300_85.xml
148.98,117126.1
151.29,118356.35
116.89,96564.86
100.78,84527.58

Montage_300_86.xml
150.38,117966.2
151.99,118920.95
116.66,96534.67
101.38,85146.33

Montage_300_87.xml
152,118865.1
152.5,119170.63
118.73,97614.28
101.52,85134.59

Montage_300_88.xml
151.26,118550.63
149.46,117131.63
117.89,97295.09
101.31,85069.82

Montage_300_89.xml
149.99,117944.89
150.49,117983.78
117.47,96908.6
102.91,86023.87

Montage_300_90.xml
162.61,125981.15
162.97,126564.01
129.42,105061.37
106.72,88860.67

Montage_300_91.xml
142.21,112442.45
142.47,112345.66
114.29,94830.94
96.42,81699.87

Montage_300_92.xml
152.06,119093.71
152.21,119026.58
123.51,101072.37
102.46,85848.48

Montage_300_93.xml
145.99,114996.2
144.39,113761.39
115.46,95427.62
98.95,83522.94

Montage_300_94.xml
157.45,122998.63
158.08,123067.08
127.44,103683.89
104.47,87046.87

Montage_300_95.xml
147.75,116132.17
148.25,116549.99
116.38,96166.23
99.27,83541.02

Montage_300_96.xml
155.48,121450.71
153.7,120123.58
125.85,103029.76
108.05,89348.74

Montage_300_97.xml
156.41,122077.6
155.51,121273.61
120.76,99247.45
104.29,87067.87

Montage_300_98.xml
150.74,118315.78
150.83,118220.32
124.92,102107.58
103.26,86545.18

Montage_300_99.xml
149.17,117249.07
152.47,119293.34
122.34,100146.41
99.85,84132.03

Montage_300_100.xml
143.82,113719.65
144.22,113578.86
120.7,99023.22
99.11,83541.22

Montage_300_101.xml
156.29,121858.15
155.25,121160.43
124.35,101807.13
103.02,86190.56

Montage_300_102.xml
166.38,128856.88
164.77,127638.86
130.79,105999.22
108.33,89868.67

Montage_300_103.xml
144.18,113584.14
142.34,112270.27
108.27,90887.57
102.62,85723.7

Montage_300_104.xml
147.9,116355.67
148.23,116472.7
121.18,99386.84
100.39,84469.58

Montage_300_105.xml
165.68,128648.4
164.02,126918.18
130.53,106298.09
108.42,89911.03

Montage_300_106.xml
157.36,122664
155.74,121251.88
126.72,103259.54
104.19,87094.06

Montage_300_107.xml
146.32,115357.61
146.45,115304.29
111.91,93144.09
106.32,88198.6

Montage_300_108.xml
146.89,115739.28
147.21,115684.47
111.2,92963.67
100.12,84400.15

Montage_300_109.xml
146.1,114822.46
144.66,114024.61
110.18,91945.58
98.56,83147.08

Montage_300_110.xml
155.99,121776.69
156.72,121845.59
125.69,102515.04
104.73,87150.56

Montage_300_111.xml
159.83,124412.29
160.21,124630.47
121.3,99664.39
106.41,88686.69

Montage_300_112.xml
138.73,110219.53
139.67,110595.31
107.44,89922.57
100.42,84338.91

Montage_300_113.xml
161.77,125974.66
164.09,127181.23
130.02,105596.55
107.53,89442.64

Montage_300_114.xml
139.6,110599.73
141.98,112150.72
107.78,90544.12
96.27,81551.14

Montage_300_115.xml
135.67,107764.52
135.7,107827.61
110.33,91932.85
94.16,80126.19

Montage_300_116.xml
158.65,123617.84
158.99,123713.62
126.05,102775.22
104.63,87382.3

Montage_300_117.xml
159.29,123991.99
157.88,122964.81
122.29,100148.7
105.36,87773.11

Montage_300_118.xml
145.98,115030.38
146.04,114914.17
116.45,96192.25
99.29,83530.04

Montage_300_119.xml
166.72,129316.61
167.82,129400.88
129.96,105717.83
110.1,90866.4

Montage_300_120.xml
156.72,122424.41
157.13,122337.77
125.23,102131.14
105,87696.11

Montage_300_121.xml
143.98,113606.46
146.36,114803.42
110.67,92305.02
99.06,83534.84

Montage_300_122.xml
159.34,124063.29
159.63,124130.08
128.97,104697.34
106.07,88130.8

Montage_300_123.xml
160.73,124915.64
161,124819.23
128.24,104678.55
110.64,91132

Montage_300_124.xml
148.11,116263.28
148.07,116316.03
116.65,96462.41
99.47,83524.99

Montage_300_125.xml
162.16,125999.85
162.31,125924.32
128.85,104770.59
106.3,88361.47

Montage_300_126.xml
161.43,125263.33
159.9,124179.09
128.85,104828.33
106.39,88520.14

Montage_300_127.xml
164.82,127603.95
164.87,127610.52
128.8,104949.02
107.47,89357.54

Montage_300_128.xml
144.55,114078.27
146.73,115337.43
115.14,95509.11
98.75,83163.1

Montage_300_129.xml
147.51,116059.35
145.45,114524.62
110.68,92330.33
99.17,83538.22

Montage_300_130.xml
160.8,125023.56
161.05,125209.47
128.41,104218.12
105.79,88164.31

Montage_300_131.xml
169.57,130972.43
168.07,129775.86
132.94,107635.03
110.35,91195.16

Montage_300_132.xml
139.61,110626.2
141.77,111980.63
107.03,89834.71
96.18,81374.08

Montage_300_133.xml
164.18,127354.61
163.1,126668.4
130.84,106449.04
107.98,89790.1

Montage_300_134.xml
156.44,121918.06
154.79,120642.95
123.79,101536.88
103.38,86463.87

Montage_300_135.xml
144.53,114111.23
146.95,115550.89
115.45,95899.62
98.51,83013.87

Montage_300_136.xml
146.66,115163.11
148.28,116395.04
117.61,97201.59
100.37,84376.6

Montage_300_137.xml
155.38,121270.61
155.88,121625.7
120.54,98873
103.96,86980.3

Montage_300_138.xml
153.05,119547.58
153.31,119773.24
124.74,102024.43
102.03,85372.94

Montage_300_139.xml
143.85,113440.77
146.86,115442.35
108.83,91101.62
98.63,83247.52

Montage_300_140.xml
162.14,125986.14
160.39,124815.24
127.9,104261.22
106.59,88729.05

Montage_300_141.xml
145.57,114733.61
145.91,114673.27
115.93,96190.46
105.62,87682.26

Montage_300_142.xml
144.2,113708.58
142.29,112062.16
113.66,94328.37
97.35,82490.47

Montage_300_143.xml
153.63,120227.6
155.88,121520.77
120.4,98898.97
103.32,86433.79

Montage_300_144.xml
161.64,125648.54
163.94,126929.88
130.19,105664.25
107.23,89214.47

Montage_300_145.xml
155.74,121803.24
158.01,122988.88
125.39,102321.24
104.39,87353.37

Montage_300_146.xml
159.56,124124.07
159.85,124257.47
126.05,103028.63
106.05,88081.3

Montage_300_147.xml
160.51,124997.95
160.58,124725.49
122.93,100772.76
106.09,88280.13

Montage_300_148.xml
153.95,120437.67
154.21,120498.64
121.32,99526.85
108.2,89698.44

Montage_300_149.xml
143.95,113502.17
146.02,114866.88
109.98,92019.49
98.31,82973.47

Montage_300_150.xml
150.43,117820.38
150.58,117649.16
121.26,99366.66
100.92,84656.3

Montage_300_151.xml
148.63,116712.98
148.85,116838.39
112.04,93197.09
99.59,83816.95

Montage_300_152.xml
155.31,121202.86
155.65,121530.81
126.7,103371.75
104.73,87284.34

Montage_300_153.xml
145.05,114481.35
147.11,115560.77
115.4,95589.56
103.37,86283.26

Montage_300_154.xml
162.15,125976.51
160.52,124528.74
128.93,104866.08
106.3,88371.19

Montage_300_155.xml
157.2,122803
159.76,124388.47
127.65,103891.08
105.35,87899.8

Montage_300_156.xml
146.19,115048.14
146.43,115214.8
115.2,95484.62
98.48,82936.27

Montage_300_157.xml
152.89,119691.37
153.08,119649.73
120.83,99539.19
102.93,85956.06

Montage_300_158.xml
159.16,123989.11
157.23,122201.82
126.04,102870.74
105.32,87871.56

Montage_300_159.xml
162.18,126029.75
163.99,127006.39
134.31,108243.32
107.57,89250.73

Montage_300_160.xml
149.12,117318.95
149.45,117194.77
117.59,97038.52
101.49,85073.34

Montage_300_161.xml
159.3,124213.27
159.5,124018.57
132.55,107233.6
105.99,88275.02

Montage_300_162.xml
146.81,115633.33
147.9,116154.36
121.21,99359.43
99.77,84009

Montage_300_163.xml
141,111777.11
143.22,113015.86
111.82,93110.59
97.23,82316

Montage_300_164.xml
164.35,127454.23
164.77,127557.44
131.05,106555.85
110.12,91094.37

Montage_300_165.xml
146.57,115297.41
146.96,115374.11
117.06,96707.1
99.59,83960.28

Montage_300_166.xml
155.78,121759.03
156.02,121619.86
121.98,100251.71
104.47,87383.99

Montage_300_167.xml
151.91,119066
147.28,115586.38
116.8,96623.74
99.8,84042.75

Montage_300_168.xml
158.18,123048.16
159.84,124214.26
126,102984.91
104.47,87185.7

Montage_300_169.xml
146.46,115365.56
148.18,116055.06
117.52,97068.33
99.69,83918.53

Montage_300_170.xml
154.97,121073.61
160.44,124610.26
121.65,100075.26
104.03,86877.89

Montage_300_171.xml
151.92,119152.15
152.18,119075.05
118.81,98045.56
102.59,85854.54

Montage_300_172.xml
155,121177.86
158.3,123197.11
120.1,98913.44
102.98,86159.34

Montage_300_173.xml
151.7,118845.76
151.92,118833.99
129.06,104804.78
102.24,85708.39

Montage_300_174.xml
153.79,120257.79
153.92,120264.45
124.76,101962.53
103.53,86711.08

Montage_300_175.xml
143.97,113607.38
142.21,112255.2
114.38,94985.17
97.44,82287.73

Montage_300_176.xml
144.58,114030.17
142.68,112572.34
118.8,97920.04
107.26,88894.08

Montage_300_177.xml
149.47,117563.73
151.68,118728.02
118.9,97957.6
102.8,85886.52

Montage_300_178.xml
141.61,111930.68
139.95,110747.08
107.84,90463.18
95.05,80613.95

Montage_300_179.xml
160.23,124838.02
160.46,124882.78
128.86,104737.49
116.65,95278.19

Montage_300_180.xml
141.48,112109.02
143.71,113323.26
115.68,95852.87
97.35,82285.15

Montage_300_181.xml
164.67,127566.71
167.28,129061.45
131.65,106647.36
108.88,90120.35

Montage_300_182.xml
148.47,116458.66
150.52,117826.23
118.35,97426.22
100.78,84849.57

Montage_300_183.xml
138.63,109834.8
139.01,110117.94
107.48,90048.18
96.38,81644.48

Montage_300_184.xml
163.14,126609.99
165.69,127989.42
133.24,107669.14
107.28,89270.37

Montage_300_185.xml
163.28,126705.21
161.77,125544.73
129.32,105303.37
111.43,91706.34

Montage_300_186.xml
143.47,113301.88
145.9,114829.18
115.27,95702.51
98.22,82916.71

Montage_300_187.xml
153.65,120214.45
154.1,120354.53
125.9,102922.03
103.6,86462.52

Montage_300_188.xml
146.19,115313.17
148,116137.34
116.82,96671.36
104.63,87091.92

Montage_300_189.xml
157.81,122941.66
157.9,123039.77
126.46,103191.75
104.15,86780.12

Montage_300_190.xml
161.74,125476.7
162.26,125815.47
126.76,103729.05
110.32,90986.76

Montage_300_191.xml
157.92,123098.91
157.96,122948.27
127.08,103552.14
104.32,86933.72

Montage_300_192.xml
159.59,124403.86
158.16,123307.38
127.76,104015.97
105.46,87922.35

Montage_300_193.xml
149.55,117517.44
150.11,117514.96
118.29,97671.5
101.71,85392.74

Montage_300_194.xml
153.8,120463.42
154.26,120425.93
125.92,102815.18
104.94,87467.99

Montage_300_195.xml
163.6,127133.48
164.75,127449.4
125.47,102461.08
112.46,92629.19

Montage_300_196.xml
154.94,120900.99
153.45,120095.03
120.5,99121.26
103.36,86384.15

Montage_300_197.xml
160.72,125187.16
160.96,125050.21
127.91,104272.77
107.31,88991.97

Montage_300_198.xml
152.29,119425.48
152.62,119489.16
120.54,99024.42
104.17,87116.83

Montage_300_199.xml
150.04,117373.71
150.2,117624.5
124.07,101496.08
101.3,85013.15

Montage_300_200.xml
145.26,114596.25
147.54,115874.4
110.59,92460.22
104.3,86940.27

Montage_300_201.xml
157.83,123252.66
160.06,124273.73
127.99,104373.09
114.36,93744.31

Montage_300_202.xml
154.17,120738.47
154.58,120462.31
129.91,105546.36
103.86,86822.49

Montage_300_203.xml
143.4,113341.56
145.49,114330.92
115.34,95665.78
98.28,82854.25

Montage_300_204.xml
144.86,114274.59
147,115558.77
110.43,92214.75
98.86,83499.64

Montage_300_205.xml
168.57,130567.3
168.89,130310.15
132.24,107632.62
109.82,90895.16

Montage_300_206.xml
155.08,121012.95
155.22,121026.31
119.22,98316.36
107.91,89429.23

Montage_300_207.xml
160.8,124914.38
160.9,124826.61
130.49,105581.04
111.03,91447.69

Montage_300_208.xml
163.76,126953.42
164.04,127146.33
130.29,105817.14
108.46,90020.76

Montage_300_209.xml
147.08,115609.42
147.48,115831.85
111.37,92851.14
105.13,87489.5

Montage_300_210.xml
162.02,125620.41
162.21,125960.86
128.07,103940.76
106.41,88698.02

Montage_300_211.xml
154.34,120847.69
156.69,122081.45
125.69,102759.44
103.68,86701.33

Montage_300_212.xml
139.75,110866.49
142.22,112285.24
113.52,94393.72
96.38,81843.47

Montage_300_213.xml
149.28,117354.2
149.6,117489.84
123.26,101073.27
106.19,88317.43

Montage_300_214.xml
155.68,121630.81
155.99,121484.75
120.79,99164.43
108.06,89568.92

Montage_300_215.xml
145.19,114452.15
147.71,116144.4
115.93,96072.13
103.71,86472.1

Montage_300_216.xml
141.05,111744.46
143.28,112612.02
113.21,93963.79
96.98,82094.51

Montage_300_217.xml
146.07,115102.88
144.78,113867.3
110.7,92255.7
98.65,83195.65

Montage_300_218.xml
142.44,112282.16
144.5,113502.71
109.94,91869.6
102.42,85707.24

Montage_300_219.xml
174.47,134250.49
177.85,136363.33
139.23,111790.92
112.76,92899.74

Montage_300_220.xml
147.37,116012.56
148.1,116326.75
119.95,98303.79
99.46,83710.43

Montage_300_221.xml
154.54,121039.55
154.99,120979.6
120.53,99181.62
105.23,87499.93

Montage_300_222.xml
144.68,114186.18
147.01,115458.95
119.65,98489.22
103.76,86438.48

Montage_300_223.xml
153.76,120475.86
154.48,120691.47
123.43,101121.85
102.62,85791.84

Montage_300_224.xml
143.45,113071.39
141.47,111892.17
114.23,94823.02
102.22,85605.04

Montage_300_225.xml
167.02,129232.53
165.45,128031.77
131.79,106575.71
109.11,90332.96

Montage_300_226.xml
153.64,120251.91
151.8,118664.56
118.96,97986.98
107.03,88807.78

Montage_300_227.xml
144.99,114434.5
143.23,112815.51
107.6,89999.38
98.05,82929.65

Montage_300_228.xml
163.67,126936.99
161.93,125606.94
129.85,105546.3
111.82,91711.63

Montage_300_229.xml
159.87,124427.3
163.69,126861.35
123.44,101307.66
106.37,88431.34

Montage_300_230.xml
170.32,131524.14
168.58,130195.59
133.22,107973.81
120.18,97663.59

Montage_300_231.xml
161.15,125197.81
161.65,125681.58
129.22,105080.71
106.21,88261.29

Montage_300_232.xml
159,123826.98
162.84,126266.39
129.26,105318.2
105.97,88077.21

Montage_300_233.xml
148.17,116405.03
152.16,119027.85
117.55,96979.28
101.57,85072.36

Montage_300_234.xml
161.63,125595.73
162.24,125689.92
129.3,105116.51
106.66,88843.07

Montage_300_235.xml
158.4,123349.76
156.83,122376.32
126.15,103065.19
104.55,87343.39

Montage_300_236.xml
149.47,117421.29
149.91,117314.74
117.5,96840.37
101.52,85012.48

Montage_300_237.xml
142.79,112702.81
143.12,112896.22
115.43,95892.94
97.98,82797.83

Montage_300_238.xml
140.8,111381.65
139.2,109921.78
113.53,94378.35
96,81357.42

Montage_300_239.xml
151.17,118571.91
151.49,118687.36
119.52,98547.91
102.27,85548.08

Montage_300_240.xml
172.55,132852.82
171.09,131701.68
138.53,111460.77
111.6,92095.79

Montage_300_241.xml
150.04,117549.63
150.43,117842.72
111.97,93103.38
100.43,84616.93

Montage_300_242.xml
141.1,111535.07
142.96,112540.93
114.67,95011.32
97.12,82260.37

Montage_300_243.xml
148.57,116840.56
148.59,116567.82
113.46,93868.53
99.81,84020.38

Montage_300_244.xml
140.48,111353.81
140.67,111366.05
113.47,94141.88
96.8,81965.04

Montage_300_245.xml
156.28,122010.26
157.78,122655.61
124.76,102035.36
113.35,93052.54

Montage_300_246.xml
143.92,113501.05
142.26,112403.4
108.97,91292.26
98.12,82722.21

Montage_300_247.xml
149.74,117605
148.33,116444.64
112.07,93350.13
100.65,84532.52

Montage_300_248.xml
142.2,112296.83
142.67,112519.91
115.41,95493.2
98.72,83115.12

Montage_300_249.xml
149.97,117796.39
150.08,117608.74
121.06,99457.77
100.62,84534.56

Montage_300_250.xml
162.93,126573.84
165.51,128144.43
130.72,106229.17
112.74,92839.64

Montage_300_251.xml
169.29,130545.79
169.63,130805.15
131.52,107213.71
110,91145.01

Montage_300_252.xml
141.4,112042.09
143.69,113299.07
112.77,93771.96
97.07,82037.42

Montage_300_253.xml
140.67,111403.37
138.87,109985.47
112.45,93477.77
95.91,81319.92

Montage_300_254.xml
157.47,122752.5
157.51,122645.72
125.92,102707.28
104.25,87064.64

Montage_300_255.xml
163.78,127273.71
164.26,127271.34
128.84,104935.04
109.25,90453.89

Montage_300_256.xml
154.7,120827.47
154.9,120862.62
120.26,99073.41
102.61,85813.02

Montage_300_257.xml
149.28,117119.01
147.5,115931.59
109.8,91920.67
101.09,84731.96

Montage_300_258.xml
150.16,117854.04
150.32,117786.47
118.38,97612.56
100.68,84700.47

Montage_300_259.xml
157.93,123294.55
160.11,124284.13
127.54,104108.41
105.21,87800.79

Montage_300_260.xml
150.77,118106.94
151.14,118387.23
125.39,102517.63
100.96,84865.63

Montage_300_261.xml
146.58,115574.88
148.8,116720.29
116.63,96363.34
99.69,83855.36

Montage_300_262.xml
156.7,122406.01
156.92,122461.48
121.58,99580.91
104.78,87472.6

Montage_300_263.xml
153.67,120337.62
153.9,120107.05
124.7,102058.66
103.24,86345.45

Montage_300_264.xml
163.92,127415.57
164.23,127241.82
130.72,106387.39
108.57,90101.86

Montage_300_265.xml
147.48,116093.06
149.72,117361
111.7,93248.61
100.07,84090.89

Montage_300_266.xml
165.5,128488.1
163.82,127193.3
130.55,106153.86
113.26,92821.21

Montage_300_267.xml
156.56,122103.5
156.92,122006.32
126.39,103010.42
108.43,89739.86

Montage_300_268.xml
154.15,120747.42
154.47,120777.15
130.5,105909.45
108.41,89737.3

Montage_300_269.xml
141.94,112330.35
144.07,113459.68
116.88,96613.25
97.46,82419.39

Montage_300_270.xml
159.62,124159.28
161.88,125637.04
129.11,104964.56
106.01,88381.75

Montage_300_271.xml
156.92,122642.19
155.39,121304.29
121.09,99541.51
104.34,86924.7

Montage_300_272.xml
151.89,118963.73
152.26,118999.02
118.35,97500.23
107.17,88881.44

Montage_300_273.xml
146.2,115149.5
146.71,115306.8
110.79,92444.75
98.99,83663.75

Montage_300_274.xml
162.8,126587.07
163.03,126336.36
129.11,105115.58
106.63,88754.56

Montage_300_275.xml
143.35,113302.69
143.39,113165.03
117.63,96822.37
101.42,84806.7

Montage_300_276.xml
147.04,115727.71
145.39,114476.49
116.76,96615.29
99.68,83753.56

Montage_300_277.xml
143.61,113370.58
144.04,113508.13
112.95,94197.61
98.39,83084.18

Montage_300_278.xml
137.61,109308.86
138.3,109650.73
106.04,89239.2
94.71,80391.53

Montage_300_279.xml
161.59,125597.68
160.33,124242.47
127.73,104051.14
105.75,88003.06

Montage_300_280.xml
170.08,131335.78
170.51,131740.39
133.11,107699.33
110.78,91413.37

Montage_300_281.xml
143.09,113062.23
143.4,113219.91
112.63,93760.17
97.86,82684.38

Montage_300_282.xml
139.33,110287.72
141.08,111467.1
112.37,93496.97
96.29,81408.45

Montage_300_283.xml
156.5,121993.28
159.66,123999.06
120.77,99515.66
105.42,87800.84

Montage_300_284.xml
169.54,130791.45
167.62,129554.38
132.38,107643.3
110.14,91046.33

Montage_300_285.xml
159.03,123809.86
157.44,122594.01
127.41,103934.23
109.99,90850.98

Montage_300_286.xml
140.08,110883.71
140.29,110974.4
115,95224.6
96.56,81715.01

Montage_300_287.xml
158.27,123361.07
160.42,124854.65
132.5,107423.46
105.45,88058.12

Montage_300_288.xml
140.69,111391.1
139.45,110272.65
110.87,92228.74
95.26,81077.61

Montage_300_289.xml
153.45,120182.02
151.62,118580.98
119.18,98465.38
101.92,85525.23

Montage_300_290.xml
162.39,126092.44
160.77,124672.65
128.42,104367.25
106.97,88856.26

Montage_300_291.xml
145.55,114658.13
145.82,114749.91
120.18,98595.4
99.38,83753.9

Montage_300_292.xml
152.11,118988.03
150.15,117634.65
124.38,101898.82
101.63,85244.89

Montage_300_293.xml
155.84,121830.64
156.16,121537.3
126.73,103414.22
104.62,87235.99

Montage_300_294.xml
156.24,122157.61
158.64,123446.27
121.25,99673.52
105.28,87932.48

Montage_300_295.xml
160.92,125283.21
161.4,125110.38
129.13,104826.43
106.73,88859.46

Montage_300_296.xml
155.72,121552.59
153.92,120298.88
120.38,98686.96
102.06,85467.41

Montage_300_297.xml
147.89,116240.49
148.02,116396.42
126.42,103222.74
100.65,84382.46

Montage_300_298.xml
151.25,118718.43
151.66,118676.6
118.74,97538.88
102.19,85684.34

Montage_300_299.xml
144.14,113868.53
146.46,115155.34
119.18,97980.32
98.36,83025.97

Montage_300_300.xml
142.34,112382.42
142.97,112889.78
109.23,91427.49
97.42,82387.24

Montage_300_301.xml
151.14,118492.53
154.34,120483.32
121.93,100237.2
105.89,88108.02

Montage_300_302.xml
146.17,115121.89
144.47,113652.74
110.69,92037.12
107.82,89049.13

Montage_300_303.xml
144.93,114463.22
145.32,114276.69
116.14,96187.95
98.71,83216.34

Montage_300_304.xml
158.15,123324.74
160.41,124630.46
127.87,104187.09
105.69,88262.07

Montage_300_305.xml
159.29,124002.24
159.52,124060.02
131.87,106634.06
104.97,87663.22

Montage_300_306.xml
164.33,127215.91
163.11,126655.91
129.97,106005.88
107.63,89527.26

Montage_300_307.xml
157.06,122453.99
159.44,124065.48
131.36,106481.26
112.25,92144.03

Montage_300_308.xml
154.57,120808.34
152.66,119236.39
118.77,97989.59
102.43,85833.9

Montage_300_309.xml
173.36,133524.54
174.18,133799.29
132.4,107481.17
117.29,95768.37

Montage_300_310.xml
143.01,113070.04
144.98,113947.46
113.68,94308.38
99.33,83746.32

Montage_300_311.xml
147.59,116139.14
147.5,115990.02
110.86,92507.26
103.66,86461.95

Montage_300_312.xml
149.25,117428.77
154.93,120655.96
116.67,96144.74
100.93,84753.01

Montage_300_313.xml
140.68,111535.24
141.14,111533.06
114.03,94770.37
98.13,82710.13

Montage_300_314.xml
158.16,123191.02
158.68,123210.5
126.98,103608.31
105.94,88156.11

Montage_300_315.xml
149.13,117079.9
149.34,117094.59
118.45,97856.03
101,84809.75

Montage_300_316.xml
149.48,117552.44
151.25,118410.39
115.97,95837.93
100.43,84390.97

Montage_300_317.xml
142.08,112412.6
142.28,112491.91
114.74,95204.38
97.45,82267.37

Montage_300_318.xml
159.46,124213.13
160.07,124267.85
121.66,100086.86
109.38,90390.5

Montage_300_319.xml
136.22,108328.71
136.54,108237.48
106.15,89184.71
94.37,80382.37

Montage_300_320.xml
147.82,116097.36
148.14,116092.53
116.49,96312.36
99.24,83645.62

Montage_300_321.xml
151.03,118475.12
152.94,119565.62
119.18,98120.8
101.91,85422.09

Montage_300_322.xml
141.65,111879.58
139.77,110662.85
108.6,90688.84
96.15,81662.59

Montage_300_323.xml
156.09,121996.48
156.85,122082.91
119.51,98547.85
103.53,86331.95

Montage_300_324.xml
151.76,118984.59
152.24,118888.66
119.57,98584.51
102.4,85971.51

Montage_300_325.xml
142.09,112233.13
142.35,112327.32
120.5,98717.21
98.02,82791.9

Montage_300_326.xml
148.79,117058.22
149.18,117066.02
113.13,93991.25
107.12,88797.56

Montage_300_327.xml
151.8,118906.92
154.06,120144.42
119.51,98590.79
102.18,85658.42

Montage_300_328.xml
153.62,119955.4
152.66,119078.97
117.22,97120.93
102.2,85837.94

Montage_300_329.xml
151.36,118722.35
151.65,118516.69
117.48,97086.57
101,84808.4

Montage_300_330.xml
148.02,116202.21
148.66,116536.75
110.95,92476.46
99.44,83830.08

Montage_300_331.xml
164.14,127142.82
164.45,127485.33
130.91,106192.77
108.43,89986.42

Montage_300_332.xml
157.97,123047.58
158.14,122877.78
127.19,103887.91
105.43,87813.84

Montage_300_333.xml
158.47,123452.95
158.89,123529.23
128.32,104736.2
105.55,87794.15

Montage_300_334.xml
155.12,121224.56
155.34,121407.18
120.78,99405.4
102.93,86328.39

Montage_300_335.xml
156.95,122656.52
157.63,122568.63
121.37,99462.59
104.24,87168.55

Montage_300_336.xml
160.22,124799.88
158.54,123274.56
132.06,106933.92
111.23,91584.44

Montage_300_337.xml
137.5,109175.43
138,109228.13
111.87,93105.03
99.74,83789.28

Montage_300_338.xml
149.86,117555.49
150.18,117430.03
116.03,96145.33
104.76,87141.97

Montage_300_339.xml
142.71,112775.26
142.85,112763.59
113.52,93979.56
101.63,85059.53

Montage_300_340.xml
164.8,127804.11
165.04,127811.45
130.67,106248.07
107.75,89608.6

Montage_300_341.xml
148.93,117043.94
149.41,117147.5
117.43,96818.78
100.88,84651.8

Montage_300_342.xml
149.03,117331.45
149.34,117143.66
118.01,97530.25
105.15,87598.3

Montage_300_343.xml
166.28,128577.89
166.53,128979.9
131.94,107088.75
115,94186.28

Montage_300_344.xml
166.22,128742.93
166.34,128654.57
135.04,108952.63
108.41,89970.26

Montage_300_345.xml
142.53,112714.17
145.04,114204.7
118.25,97365.53
97.86,82793.09

Montage_300_346.xml
167.47,129348.72
167.67,129754.03
131.26,106510.66
109.89,90906.91

Montage_300_347.xml
154.41,120662.38
154.65,120713.34
123.85,101134.45
112.3,92227.04

Montage_300_348.xml
148.12,116642.36
153.75,120133.43
116.35,96130.59
101.48,84911.64

Montage_300_349.xml
145.43,114460.4
147.81,115882.21
110.34,92045.92
100.79,84551.75

Montage_300_350.xml
166.27,128838.65
168.87,130297.57
131.26,107274.42
114.83,94166.3

Montage_300_351.xml
156.75,122514.38
157.42,122625.08
120.81,99209.3
104.09,86930.11

Montage_300_352.xml
144.42,113841.23
142.66,112696.67
114.31,94862.22
97.87,82486.95

Montage_300_353.xml
151.98,119098.52
152.36,119190.27
119.15,98003.29
102.65,86010.53

Montage_300_354.xml
147.55,115939.9
145.58,114469.19
115.56,95645.79
99,83363.65

Montage_300_355.xml
152.51,119290.6
152.51,119274.11
113.37,94135
101.53,85328.21

Montage_300_356.xml
145.59,114623.54
145.78,114746.57
116.51,96371.86
105.05,87511.87

Montage_300_357.xml
145.69,114772.52
146.49,115071.65
110.09,91933.19
98.56,83367.83

Montage_300_358.xml
167.78,129525.5
168.53,129882.5
132.42,107407.73
108.34,89608.77

Montage_300_359.xml
153.62,120195.09
159.28,123836.34
123.94,101369.85
103.62,86661.29

Montage_300_360.xml
158.68,123386.13
158.82,123492.86
122.15,100121.78
104.9,87216.33

Montage_300_361.xml
157.72,123087.12
158.12,122972.04
127.46,104047.75
105.09,87446.62

Montage_300_362.xml
158.98,123583.19
159.16,123795.51
122.82,100977.62
104.83,87249.03

Montage_300_363.xml
161.19,125365.48
161.43,125258.78
128.5,104857.01
111.66,92053.81

Montage_300_364.xml
137.62,109230.7
138,109507.38
110.53,92341.26
100.38,84311.54

Montage_300_365.xml
159.56,124238.91
157.8,123042.71
123.14,101132.87
105.38,87606.91

Montage_300_366.xml
160.72,125168.18
161.07,124934.13
129.14,105354.67
107.01,89025.62

Montage_300_367.xml
160.22,124885.42
162.34,125903.91
129.82,105415.52
106.67,88789.26

Montage_300_368.xml
143.07,113094.32
143.39,113126.5
114.94,95071.02
96.88,81867.89

Montage_300_369.xml
165.82,128459.14
164.16,127398.96
131.26,106428.37
109.96,91052.09

Montage_300_370.xml
150.44,117840
150.73,118244.87
118.82,97660.18
106.68,88419.27

Montage_300_371.xml
161.12,125313.85
161.57,125096.77
129.75,105208.16
107.34,88823.82

Montage_300_372.xml
141.2,111630.89
139.58,110470.42
113.49,94354.41
96.26,81512.61

Montage_300_373.xml
145.37,114579.27
145.39,114347.15
114.05,94433.76
98.9,83228.37

Montage_300_374.xml
142.99,112739.73
143.13,112936.27
114.95,95254.7
97.98,82605.89

Montage_300_375.xml
157.96,123081.32
156.58,121906.17
126.68,103291.9
104.68,87127.37

Montage_300_376.xml
166.59,129199.52
164.74,127795.35
134.51,108472.4
109.1,90410.07

Montage_300_377.xml
146.89,115673.36
148.73,116740.06
111.22,92677.29
99.84,84031.55

Montage_300_378.xml
161.64,125737.25
162.04,125837.65
130.27,105672.17
107.61,89502.21

Montage_300_379.xml
143.38,113297.19
143.72,113408.51
119.92,98429.35
98.91,83482.52

Montage_300_380.xml
166.34,128755.14
166.61,128788.83
132.2,106796.2
111.05,91490.16

Montage_300_381.xml
147.27,115977.65
149.62,117372.01
120.76,99082.07
100.07,84355.06

Montage_300_382.xml
161.01,125350.63
161.21,124982.76
122.16,100439.25
105.61,87912.98

Montage_300_383.xml
142.96,113037.69
143.25,113141.49
109.65,91487.75
101.18,84726.06

Montage_300_384.xml
136.71,108584.74
135.37,107654.03
103.6,87338.73
94.05,80109.47

Montage_300_385.xml
149.19,117132.42
149.45,117041.33
118.2,97329.17
99.73,83781.84

Montage_300_386.xml
143.51,113148.34
145.26,114281.67
113.6,94250.98
97.29,82306.19

Montage_300_387.xml
144.25,113999.3
142.58,112675.23
114.78,95120.41
97.61,82461.92

Montage_300_388.xml
160.54,124913.06
160.95,124994.24
127.09,103220.18
106.79,88793.04

Montage_300_389.xml
153.9,120339.93
157.09,122356.76
121.98,100283.12
102.26,85548.76

Montage_300_390.xml
161.52,125540.41
160.06,124371.11
127.74,104134.38
110.93,91491.95

Montage_300_391.xml
169.27,130788.64
167.44,129476.24
132.36,107183.76
110.16,90978.98

Montage_300_392.xml
165.03,127893.61
163.65,127057.67
134.52,108943.52
112.41,92437.79

Montage_300_393.xml
146.37,115405.35
148.87,116961.6
116.76,96517.57
99.72,83988.68

Montage_300_394.xml
161.21,125092.27
161.55,125625.12
130.53,106032.4
107.24,88976.93

Montage_300_395.xml
159.02,123807.16
159.44,123781.86
129.09,105142.59
106.21,88207.29

Montage_300_396.xml
145.29,114649.41
144.02,113564.74
114.97,95350.82
98.43,82871

Montage_300_397.xml
164.07,127051.04
164.14,127129.72
129.73,105369.3
107.4,89345.64

Montage_300_398.xml
156.63,122167.46
155.31,121084.65
121.02,99407.64
104.12,86787.56

Montage_300_399.xml
159.38,124057.74
161.84,125553.57
128.94,104765.65
106.05,88419.27

Montage_300_400.xml
141.77,112093.21
142.12,112202.61
107.61,90205.64
96.2,81607.12

Montage_300_401.xml
158.44,123591.59
158.47,123473.56
131.81,106762.84
106.08,88345.93

Montage_300_402.xml
168.55,130133.41
168.96,130279.12
132.13,107241.61
110.48,91166.32

Montage_300_403.xml
138.56,109855.38
140.38,111070.09
112.36,93539.02
100.56,84393.64

Montage_300_404.xml
155.16,121205.27
157.66,122398.85
130.61,105904.03
104.6,87155.8

Montage_300_405.xml
146.05,114978.01
144.45,113812.41
115.86,96130.02
102.73,85814.88

Montage_300_406.xml
146.28,115084.98
148.54,116691.65
111.47,92451.77
99.8,84023.58

Montage_300_407.xml
163.47,126986.23
165.14,127649.08
129.97,105828.85
108.14,89697.32

Montage_300_408.xml
159.3,124258.42
159.73,124076.6
128.49,104658.53
106.22,88372.12

Montage_300_409.xml
145.41,114781.93
145.82,114922.04
110.76,92185.72
99.21,83752.67

Montage_300_410.xml
168.66,130417.81
170.35,131157.35
132.92,107559.47
109.82,90992.51

Montage_300_411.xml
162.96,126599.22
161.45,125452.06
129.03,105069.9
111.99,92220.9

Montage_300_412.xml
136.82,108594.23
139.07,110156.62
109.37,91311.92
94.74,80454.66

Montage_300_413.xml
159.41,124076.41
159.57,124148.5
131.51,106561.56
107,89042.21

Montage_300_414.xml
160.15,124732.45
158.42,123441.45
127.99,104403.96
110.63,91331.08

Montage_300_415.xml
165.04,127698.88
165.31,128074.69
131.14,106471.48
109.22,90497.24

Montage_300_416.xml
160.86,124779.47
162.86,126122.18
129.07,104999.88
111.08,91485.47

Montage_300_417.xml
161.89,125677.83
162.18,125793.4
123.31,101091.71
106.2,88430.91

Montage_300_418.xml
160.54,124873.28
160.72,124762.12
128.12,104333.62
112.23,92187.21

Montage_300_419.xml
163.06,126391.99
163.82,126654.81
133.64,108200.94
106.99,89063.57

Montage_300_420.xml
160.16,124811.2
160.59,125008.89
128.99,104965.41
106.68,88788.91

Montage_300_421.xml
165.6,128018.78
167.81,129633.82
131.65,106896.88
109.01,90128.3

Montage_300_422.xml
168.98,130863.86
171.19,132014.18
132.5,107571.28
115.76,94755.38

Montage_300_423.xml
166.1,128803.86
166.31,128450.77
131.87,106951.96
114.03,93693.09

Montage_300_424.xml
157.88,123069.07
156.19,121757.76
130.43,105707.54
104.45,87104.61

Montage_300_425.xml
145.3,114259.64
143.73,113297.14
114.57,94975.45
98.08,82507.96

Montage_300_426.xml
160.9,125173.14
159.1,123947.41
120.99,99559.41
106.12,88400.91

Montage_300_427.xml
146.97,115811.76
147.3,115739.26
116.13,96126.86
99.07,83407.81

Montage_300_428.xml
169.99,131279.54
170.32,131343.98
138.59,112030.81
111.43,91746.95

Montage_300_429.xml
164.48,127413.09
162.85,126139.38
130.24,105730.68
107.82,89454.67

Montage_300_430.xml
148.23,116312.29
150.74,118095.82
121.79,99711.69
100.65,84641.42

Montage_300_431.xml
151.64,118702.02
149.99,117735.54
112.06,93393.24
101.26,85010.78

Montage_300_432.xml
147.71,116268.03
148.11,116150.91
117.89,97472.95
100.31,84527.88

Montage_300_433.xml
152.21,119056.38
154.64,120551.56
122.11,100183
107.79,89039.47

Montage_300_434.xml
166.34,128568.36
165.24,127815.6
135.75,109479.42
113.46,93410.17

Montage_300_435.xml
166.56,129215.34
170.34,131340.5
132.09,107166.47
113.94,93522.73

Montage_300_436.xml
157.51,122567.85
155.99,121665.65
121.65,99871.8
105.01,87502.42

Montage_300_437.xml
159.38,124257.74
160.02,124512.74
127.2,103965.01
105.33,87863.52

Montage_300_438.xml
153.72,120199.88
154.23,120283.03
129.29,104809.29
103.21,86472.24

Montage_300_439.xml
160.62,124908.47
161.27,125163.82
132.8,107541.7
110.88,91558.78

Montage_300_440.xml
156.77,122335.45
156.86,122160.74
120.81,99279.77
104.49,87197.68

Montage_300_441.xml
161.55,125545.95
161.77,125512.64
128.47,104706.35
105.83,88160.48

Montage_300_442.xml
161.52,125365.57
160.14,124427.12
123.55,101103.39
107.15,88973.3

Montage_300_443.xml
141.48,111915.47
145.36,114502.1
117.65,96987.14
97.19,82096.48

Montage_300_444.xml
151.33,118424.66
154.82,120621.19
118.54,97636.3
101.15,84851.02

Montage_300_445.xml
167.83,129969.97
166.03,128386.56
132.05,107038.17
110.37,91264.11

Montage_300_446.xml
159.96,124355.45
162.74,126001.18
123.44,101104.05
111.28,91603.08

Montage_300_447.xml
148.32,116603.71
148.69,116823.52
117.44,96954.41
100.91,84806.47

Montage_300_448.xml
154.37,120723.52
158.16,123134.46
121.19,99309.13
103.23,86275.66

Montage_300_449.xml
164.29,127315.09
164.39,127203.1
130.53,105893.53
107.37,89139.1

Montage_300_450.xml
161.27,125386.03
161.18,124908.36
132.29,107169.04
106.57,88602.6

Montage_300_451.xml
145.89,115036.53
147.57,115859.74
116.39,96359.03
99.36,83815.14

Montage_300_452.xml
164.68,127587.97
165.62,128110.12
131.19,106435.69
108.87,90333.77

Montage_300_453.xml
174.42,134289.29
174.8,134346.7
134.77,108967.88
112.75,92711.23

Montage_300_454.xml
135.35,107667.36
135.22,107420.35
106.53,89470.02
92.92,79282.7

Montage_300_455.xml
154.19,120741.31
154.62,120453.62
125.89,102860.46
103.55,86634.08

Montage_300_456.xml
152.73,119472.57
152.9,119730.17
124.93,101989.68
103.06,86295.32

Montage_300_457.xml
168.04,129934.45
166.45,128704.61
132.27,107148.21
109.67,90849.53

Montage_300_458.xml
149.34,117251.37
151.46,118560.56
117.87,97494.81
105.74,87902.51

Montage_300_459.xml
149.48,117405.57
149.46,117042.16
117.81,97177.59
104.6,87000.82

Montage_300_460.xml
145.64,114715.94
147.97,116015.55
116.03,96127.18
104.49,87028.17

Montage_300_461.xml
142.92,112917.32
145.24,114173.77
114.87,95179.4
102.74,85952.25

Montage_300_462.xml
158.99,123884.88
159.33,124063.77
132.63,107242.95
111.03,91659.47

Montage_300_463.xml
160.07,124579.34
160.39,124648.56
129.12,104860.33
106.47,88592.31

Montage_300_464.xml
165.4,128021.74
164.41,127259.96
130.28,105921.5
112.57,92652.27

Montage_300_465.xml
157.76,122869.27
160.04,124537.13
132.12,106857.21
106.02,88164.1

Montage_300_466.xml
147.89,116265.9
147.51,115742.65
115.71,95877.5
99.25,83493.76

Montage_300_467.xml
150.84,118097.99
150.32,117718.96
118.5,97760.9
105.86,87994.72

Montage_300_468.xml
149.79,117690.59
151.56,118626.1
118.68,98144.23
101.32,84865.1

Montage_300_469.xml
160.98,124908.45
159.36,124087.16
128.85,104679.44
105.84,87936.13

Montage_300_470.xml
140.66,111343.34
141.07,111643.12
113.07,93818.49
101.68,85114.48

Montage_300_471.xml
169.14,130895.94
169.57,130719.06
132.2,107102.02
109.85,90989.76

Montage_300_472.xml
162.5,126406.97
163.07,126424.66
130.57,106061.23
106.54,88559.08

Montage_300_473.xml
160.53,124824.83
160.7,124824.88
129.18,104896.95
106.73,88907.4

Montage_300_474.xml
158.26,123593.38
160.12,124394.07
128.01,104185.4
105.71,87925.06

Montage_300_475.xml
139.4,110665.43
139.94,110794.55
114.94,95064.48
99.41,83641.78

Montage_300_476.xml
159.37,123997.14
159.43,123785.05
127.07,103539.7
104.98,87451.16

Montage_300_477.xml
146.76,115634.54
147.75,116082.27
117.79,96971.89
99.73,84035.63

Montage_300_478.xml
166.11,128872.29
168.19,129835.42
132.63,107641.59
112.65,92715.84

Montage_300_479.xml
137.67,109388.45
141.46,111432.58
107.48,90280.87
95.17,80969.69

Montage_300_480.xml
143.19,112852.9
143.49,113213.94
108.56,90813.72
98.51,83055.79

Montage_300_481.xml
149.09,117069.65
149.17,116825.52
117.1,96783.26
100.3,84284.49

Montage_300_482.xml
144.92,114440.1
147.04,115314.17
120.2,98774.84
99.04,83654.21

Montage_300_483.xml
148.64,117021.02
150.38,117650.24
117.4,96787.39
100.85,84575.15

Montage_300_484.xml
174.59,134473.45
176.84,136049.37
136.11,110070.68
124.01,100236.46

Montage_300_485.xml
134.03,106929.32
136.07,108169.97
110.27,91834.23
98.07,82657.4

Montage_300_486.xml
164.45,127579.02
166.62,128728.61
130.79,106027.66
113.59,93322.99

Montage_300_487.xml
154.94,121242.59
157.15,122615.85
126.68,103337.83
104.13,86893.16

Montage_300_488.xml
169.78,131145.71
172.1,132582.06
138.08,111300.37
111.46,91945.46

Montage_300_489.xml
151.53,118795.26
151.98,119070.07
117.98,97171.73
105.41,87671.6

Montage_300_490.xml
149.8,117446.95
148,116223.12
112.02,93073.45
101.44,85146.9

Montage_300_491.xml
161.16,125298.13
159.26,123840.65
122.95,100885.42
106.51,88553.87

Montage_300_492.xml
143.5,113438.29
143.98,113394.87
113.91,94438.92
102.85,85907.52

Montage_300_493.xml
141.52,112005.75
146.94,115468.48
118.01,97282.2
97.26,82296.41

Montage_300_494.xml
151.63,118845.05
152.1,118896.95
114.89,95068.66
102.32,85588.78

Montage_300_495.xml
143.84,113609.25
144.15,113682.71
115.22,95619.63
103.33,86259.88

Montage_300_496.xml
163.41,126778.08
163.85,127119.04
131.05,106604.15
108.04,89770.59

Montage_300_497.xml
144.4,113983.21
146.85,115145.76
110.31,92164.03
105.37,87826.28

Montage_300_498.xml
151.59,118679.71
152.02,118918.22
117.38,96953.04
102.26,85604.23

Montage_300_499.xml
174.03,133714.98
173.84,133682.7
134.98,109024.99
116.77,95506.5

Montage_300_500.xml
145.27,114732.56
145.55,114605.37
114.63,94812.79
99.17,83636.59

Montage_300_501.xml
167.55,129686.52
171.02,131535.6
132.3,107089.08
113.94,93450.17

Montage_300_502.xml
154.81,120909.29
155.07,121164.19
126.3,103272.94
104.02,86624.77

Montage_300_503.xml
166.6,128778.61
169.11,130200.02
136.24,110162.96
114.74,94202.87

Montage_300_504.xml
155.49,121255.76
156.42,121881.85
125.87,102765.3
109,89962.69

Montage_300_505.xml
151.84,118958.83
152.08,118828.53
122.31,100333.45
101.38,85075.49

Montage_300_506.xml
152.1,119313.27
157.58,122520.72
120.54,98917.48
102.52,85736.3

Montage_300_507.xml
148.8,117112.44
151.36,118464.09
121.24,99669.21
100.63,84582.95

Montage_300_508.xml
151.19,118515.47
153.34,119960.05
119.22,98019.94
103.78,86513.2

Montage_300_509.xml
150,117731.74
152.47,119446.19
123.26,100951.64
102.28,85687.06

Montage_300_510.xml
146.49,115146.75
146.99,115517.71
120.88,99307.64
99.57,83857.93

Montage_300_511.xml
141.66,111841.82
139.72,110535.86
116.81,96381.38
96.11,81379.45

Montage_300_512.xml
148.56,116916.22
148.88,116840.68
113.08,93855.7
102.54,85783.01

Montage_300_513.xml
150.67,118194.49
150.9,118137.72
121.85,99877.25
99.77,84017.58

Montage_300_514.xml
156.27,122184.06
158.52,123279.02
130.49,106030.7
105.46,87901.82

Montage_300_515.xml
160.19,124587
160.08,124353.85
127.68,103956.31
110.47,91169.02

Montage_300_516.xml
156.25,122116.87
156.14,121675.9
125.72,102638.96
103.32,86241.06

Montage_300_517.xml
148.85,116727.1
150.87,118080.1
123.05,100721.82
105.52,87413.83

Montage_300_518.xml
165.74,128445.05
168.08,129845.69
135.69,109206.17
114.87,94199.76

Montage_300_519.xml
143.27,113215.88
141.46,111702.05
113.43,94009.83
97.16,82224.83

Montage_300_520.xml
154.49,120740.88
156.73,122090.61
125.98,102797.39
103.69,86749.37

Montage_300_521.xml
149.02,117092.31
149.21,116912.83
118.18,97585.82
101.1,84994.16

Montage_300_522.xml
161.59,125512.7
163.46,126733.17
124.3,101779.53
107.11,89065.8

Montage_300_523.xml
159.43,124206.44
159.78,124122.22
128.99,104996.67
106.12,88475.16

Montage_300_524.xml
152.48,119445.22
154.26,120465.71
118.74,98224.57
102.69,85877.91

Montage_300_525.xml
158.53,123719.47
158.88,123378.26
132.04,107127.5
107.35,88925.4

Montage_300_526.xml
168.08,129777.89
166.39,128502.48
132.23,107066.87
109.43,90552.19

Montage_300_527.xml
151.73,118653.94
151.94,118975.68
122.56,100698.97
101.31,85175.66

Montage_300_528.xml
154.04,120560.11
154.38,120343.81
120.23,98948.2
103.62,86546.1

Montage_300_529.xml
148.38,116580.15
148.39,116421.52
121.29,99573.45
104.77,87230.49

Montage_300_530.xml
146.26,115258
144.61,113943.29
119.61,98518.61
103.72,86577.63

Montage_300_531.xml
161.55,125398.78
161.44,125099.59
129.47,105202.59
106.19,88101.12

Montage_300_532.xml
149.35,117101.91
151.55,118495.27
117.55,96903.47
101.21,84789.28

Montage_300_533.xml
160.33,124583.78
160.6,124622.49
128.41,104293.59
106.61,88641.3

Montage_300_534.xml
152.5,119527.71
152.67,119513.41
119.33,98214.94
107.56,89144.36

Montage_300_535.xml
143.32,113239.48
143.94,113311.98
108.66,90900.79
96.58,81738.24

Montage_300_536.xml
150.84,118090.8
150.93,118300.19
118.34,97441.91
100.77,84562.25

Montage_300_537.xml
144.86,114143.18
142.95,112831.74
109.73,91500.64
97.77,82411.14

Montage_300_538.xml
150.48,118114.7
150.73,118024.61
117.16,96763.84
101.68,85154.14

Montage_300_539.xml
154.89,121080.92
153.6,120057.18
120.13,98928.57
104.02,86981.69

Montage_300_540.xml
156.11,122064.24
156.42,121985.46
121.99,99992.47
104.51,87165.94

Montage_300_541.xml
150.36,117758.68
150.43,117627.27
121.58,100010.35
100.6,84476.54

Montage_300_542.xml
136.69,108497.98
138.9,109876.99
111.43,92683.13
94.57,80556.28

Montage_300_543.xml
146.34,115206.01
148.8,116520.2
117.33,97314.56
100.44,84598.04

Montage_300_544.xml
157.07,122526.05
155.33,121149.54
120.89,99711.75
103.63,86544.51

Montage_300_545.xml
174.63,134236.87
173.14,133089.11
135.57,109414.56
114.72,93961.11

Montage_300_546.xml
155.27,121357.5
157.05,122363.62
121.19,99559.57
104.28,86804.7

Montage_300_547.xml
148.39,116813.88
146.64,115375.01
116.43,96256.41
99.64,83890.07

Montage_300_548.xml
168.54,130268.39
168.84,130595.04
132.84,107616.92
113.37,93180.45

Montage_300_549.xml
146.6,115149.47
146.87,115446.74
110.41,92036.14
98.76,83405.34

Montage_300_550.xml
152,119081.18
152.4,119003.57
119.23,98223.5
101.7,85386.28

Montage_300_551.xml
154.4,120924.44
154.89,120581.05
124.29,101585.63
102.77,86192.4

Montage_300_552.xml
145.31,114704.81
145.54,114589.97
116.21,96529.82
99.41,83799.4

Montage_300_553.xml
165.85,128648.16
166.13,128422.37
135.87,109537.53
109.31,90492.3

Montage_300_554.xml
154.78,121098.29
157.07,122344.81
129.89,105452.35
108.67,89853.02

Montage_300_555.xml
148.09,116372.02
148.66,116535.07
116.37,96409.69
100.22,84153.97

Montage_300_556.xml
144.73,114038.26
146.58,114986.03
119.79,98270.14
103.76,86567

Montage_300_557.xml
167.39,129531.74
172.82,132832.6
131.07,106321.97
114.58,93918.79

Montage_300_558.xml
160.62,125136.34
160.94,124926.8
132.13,107053.83
107.06,89103.92

Montage_300_559.xml
158.12,123209.1
160.42,124806.28
128.04,104536.77
105.46,87922.2

Montage_300_560.xml
161.72,125291.24
161.82,125489.04
128.17,104596.39
106.22,88534.78

Montage_300_561.xml
171.05,131808.97
173.09,133221.73
138.24,111253.49
110.97,91603.43

Montage_300_562.xml
143.48,113370.75
143.67,113358.44
118.8,97742.42
98.4,83199.53

Montage_300_563.xml
160.76,125063.21
159.07,123511.74
122.96,100824.01
109.99,90869.42

Montage_300_564.xml
150.95,118226.87
149.12,116750.2
118.07,97260.26
100.94,84742.6

Montage_300_565.xml
147.02,115712.23
148.72,116676.82
117.35,96915.65
100.08,84185.44

Montage_300_566.xml
165.46,127991.4
165.65,127956.17
128.34,104518.49
108.16,89780.45

Montage_300_567.xml
158.37,123585.48
158.87,123574.35
125.87,102629.29
105.63,87939.32

Montage_300_568.xml
144.34,113791.39
142.97,112838.15
114.56,95081.83
102.43,85791.51

Montage_300_569.xml
138.41,109962.28
138.62,109919.16
107.49,90185.48
95.71,81300.36

Montage_300_570.xml
168.59,130234.49
169.04,130544.09
133.14,107665.25
115.03,94289.74

Montage_300_571.xml
148.96,116923.8
151.33,118611.38
122.54,100188.31
100.93,84682.77

Montage_300_572.xml
152.69,119521.33
152.96,119781.2
120.49,99060.49
102.84,86163.56

Montage_300_573.xml
158.13,123477.65
158.43,123325.77
126.85,103407.86
105.4,87872.4

Montage_300_574.xml
153.04,119793.37
153.25,119790.25
124.11,101483.79
106.39,88226.51

Montage_300_575.xml
165.08,127923.46
165.5,128000.36
135.06,109124.77
114.84,93890.56

Montage_300_576.xml
153.17,119842.64
155.5,121112.99
119.92,98888.1
102.97,86200.43

Montage_300_577.xml
155.85,121601.9
153.96,120207.68
125.9,102738.66
108.55,89798.01

Montage_300_578.xml
159.67,124256.71
160.2,124373.52
128.5,104564.62
111.5,91919.63

Montage_300_579.xml
154.56,121022.61
154.67,120754.17
120.29,98986.31
107.22,88894.31

Montage_300_580.xml
165.17,127800.15
165.51,128113.34
130.78,106134.05
113.68,92933.73

Montage_300_581.xml
138.5,109878.23
139.21,110281.63
107.24,90115.29
94.85,80589.37

Montage_300_582.xml
149.25,117292.06
154.72,120734.62
118.22,97714.16
110.63,90822.24

Montage_300_583.xml
147.42,116102.56
149.59,117322.63
117.09,96727.04
100.2,84237.79

Montage_300_584.xml
144.29,113794.33
144.63,113855.74
112.71,93841.38
97.53,82549.32

Montage_300_585.xml
146.54,115532.15
146.74,115115.94
115.74,95681.94
100.17,84178.39

Montage_300_586.xml
163.26,126380.36
163.61,126572.41
134.48,108530.56
112.47,92745.88

Montage_300_587.xml
162.79,126547.64
165.24,127563.74
129.84,105777.36
108.72,89981.84

Montage_300_588.xml
153.28,119833.83
153.3,119789.66
119.44,98107.92
101.95,85576.78

Montage_300_589.xml
150.39,118047.14
150.7,118193.41
112.28,93773.42
100.4,84218.14

Montage_300_590.xml
165.75,128439.14
163.79,127177.46
130.49,105881.3
108.04,89632.91

Montage_300_591.xml
152.28,119138.48
154.15,120346.55
124.99,102086.87
102.6,85809.79

Montage_300_592.xml
134.31,107033.64
134.62,107254.21
110.51,92118.45
97.99,82425.03

Montage_300_593.xml
148.63,116783.15
146.81,115473.64
111.88,93176.56
99.74,84089.97

Montage_300_594.xml
156.56,122199.29
154.9,120924.46
124.83,102167.13
104.33,87165.89

Montage_300_595.xml
157.63,122944.17
159.47,123800.9
125.59,102739.93
110.26,91061.32

Montage_300_596.xml
169.99,131241.01
170.43,131000.72
132.04,106894.5
110.53,91448.67

Montage_300_597.xml
142.8,112613.77
141.47,111709.9
114.01,94582.34
98.42,83147.52

Montage_300_598.xml
144.09,113467.39
146.28,115057.72
110.75,92406.3
99.24,83716.07

Montage_300_599.xml
154.04,120424.65
154.47,120472.48
120.82,99157.34
107.76,89349.49

Montage_300_600.xml
155.31,121067.69
153.09,119509.6
119.22,98233.6
102.87,85897.01

Montage_300_601.xml
144.6,114086.96
142.56,112347.53
114.8,95081.23
100.86,84562.41

Montage_300_602.xml
173.13,133492.04
171.55,132466.66
134.54,108778.4
113.08,93097.93

Montage_300_603.xml
157.67,123166.25
157.91,123160.36
127.25,103626.06
109.6,90639.58

Montage_300_604.xml
149.68,117479.02
149.13,116970.22
121.52,99667.65
100.89,84886.04

Montage_300_605.xml
162.13,125843.7
162.4,125865.11
129.17,105010.56
107.56,89208.13

Montage_300_606.xml
157.64,122700.88
157.46,122678.94
121.21,99573.05
103.87,86805.3

Montage_300_607.xml
147.71,116299.88
149.94,117513.57
121.53,99827.14
105.98,88100.47

Montage_300_608.xml
145.13,114412.08
145.45,114203.06
119.29,98115.28
98.3,83026.71

Montage_300_609.xml
150.78,118121.96
151.23,118065.23
118.74,98130.32
108.62,89822.87

Montage_300_610.xml
156.56,122062.84
154.67,120661.05
124.67,101978.21
104.18,86963.26

Montage_300_611.xml
140.88,111560.04
141.16,111558.54
114.39,94723.31
100.56,84408.34

Montage_300_612.xml
155.41,121332.77
156.03,121784.02
125.53,102490.87
112.47,92343.18

Montage_300_613.xml
137.16,109152.16
139.55,110587.22
116.16,95894.34
95.89,81450.47

Montage_300_614.xml
142.11,112472.71
142.47,112600.45
114.4,94892.69
97.43,82475.79

Montage_300_615.xml
141.68,112207.3
139.99,110791.08
111.59,92771.79
96.5,81686.88

Montage_300_616.xml
147.29,115839.37
149.28,116919.18
117.27,96990.68
100.32,84288.62

Montage_300_617.xml
156.53,122337.83
157.18,122660.97
121.98,100329.52
109.64,90614.23

Montage_300_618.xml
143.7,113544.87
143.67,113405.19
109.11,91033.46
97.51,82240.9

Montage_300_619.xml
152.43,119339.16
150.39,117814.95
123.16,100799.29
101.85,85472.02

Montage_300_620.xml
145.26,114545.65
145.7,114505.47
108.86,91360.58
98.43,82960.87

Montage_300_621.xml
152.52,119601.49
152.72,119386.07
125.93,103002.55
102.89,85967.05

Montage_300_622.xml
164.49,127501.8
164.62,127538.6
135.16,109080.78
114.33,93726.92

Montage_300_623.xml
158.51,123765.15
160.56,124790.76
122.96,100698.97
106.47,88586.64

Montage_300_624.xml
173.43,133392.63
176.95,135621.32
134.94,109030.62
111.99,92382.01

Montage_300_625.xml
138.79,110280.56
142.53,112523.64
114.23,94558.09
100.79,84469.26

Montage_300_626.xml
151.06,118261.44
153.35,119628.88
124.4,101768.57
102.01,85500.55

Montage_300_627.xml
158.97,123796.8
161.03,125045.45
125.3,102268.92
105.91,88252.79

Montage_300_628.xml
147.96,116455.8
150.52,117850.54
117.59,96905.49
100.43,84168.95

Montage_300_629.xml
165.26,127891.4
167.3,129032.98
131.94,106889.94
108.84,90348.87

Montage_300_630.xml
147.37,115861.41
147.87,116149.43
117.11,96742.84
100.35,84249.91

Montage_300_631.xml
155.64,121451.12
156,121577.24
125.56,102480.21
107.89,89469.25

Montage_300_632.xml
140.2,111196.47
144.01,113491.1
114.32,95018.27
96.61,81899.54

Montage_300_633.xml
147.92,116215.9
146.12,115020.65
115.59,95732.82
99.64,83889.78

Montage_300_634.xml
147.56,116052.54
147.32,115635.78
114.14,94997.77
101.08,84793.53

Montage_300_635.xml
157.8,123256.34
159.78,124032.38
122.75,100685.65
105.29,87730.36

Montage_300_636.xml
140.14,111049.87
142.37,112272.12
113.68,94400.23
97.1,82300.52

Montage_300_637.xml
152.05,119037.26
152.2,119248.53
119.45,98390.73
107.42,89043.86

Montage_300_638.xml
160.12,124749.19
160.17,124434.47
128.07,104181.31
106.9,88876.91

Montage_300_639.xml
151.34,118803.19
153,119519.88
119.42,98358.57
103.46,86446.67

Montage_300_640.xml
161.64,125630.26
161.77,125593.42
128.14,104333.97
106.37,88636.3

Montage_300_641.xml
158.17,122927.67
160.61,124459.49
128.72,104686.69
105.66,88029.33

Montage_300_642.xml
150.66,118268.22
151.35,118295.82
118.42,97642.98
100.81,84480.7

Montage_300_643.xml
147.04,115917.45
147.59,115992.22
117.46,96943.94
105.02,87461.25

Montage_300_644.xml
140.76,111256.76
142.93,112684.12
117.41,96767.63
101.71,85139.65

Montage_300_645.xml
160.4,124715.48
160.78,124876.13
128.56,104830.58
106.41,88361.15

Montage_300_646.xml
151.44,118648.17
151.89,118870.19
119.28,98218.14
102.13,85663.17

Montage_300_647.xml
169.56,131029.72
167.96,129526.96
130.35,106024.71
110.17,91096.76

Montage_300_648.xml
143.14,113084.14
143.31,113082.03
108.42,90755.87
101.37,84962.28

Montage_300_649.xml
171.69,132463.46
170.02,130926.93
137.92,110901.53
111.47,92212.67

Montage_300_650.xml
159.57,124254.96
159.94,123996.57
127.92,104069.09
106.54,88575.32

Montage_300_651.xml
156.91,122122.39
157.36,122298.36
125.83,102697.85
104.18,87179.01

Montage_300_652.xml
141.38,111769.03
143.53,113213.73
108.98,91289.76
98.93,83367.09

Montage_300_653.xml
162.76,126279.13
160.85,125044.33
133.47,107738.69
108.22,89502.21

Montage_300_654.xml
163.58,127260.03
166.02,128662.89
131,106630.83
108.92,90166.49

Montage_300_655.xml
155.63,121577.93
155.91,121542.29
126.58,103164.66
110.13,90789.31

Montage_300_656.xml
157.07,122750.91
157.32,122787.94
127.75,103896.86
106.62,88620.23

Montage_300_657.xml
155.48,121553.52
155.57,121162.27
120.37,99014.57
104.27,87191.92

Montage_300_658.xml
159.82,124423.52
160.68,124829.91
128.58,104755.77
106.69,88872.54

Montage_300_659.xml
157.25,122653.27
157.89,122913.4
122.27,100358.97
104.91,87381.22

Montage_300_660.xml
161.87,125919.29
162.35,125832.95
130.58,106260.56
112.21,92425.59

Montage_300_661.xml
137.3,109172.2
137.52,109149.91
111.83,93050.74
95.13,80950.12

Montage_300_662.xml
160.58,124905.06
158.83,123720.15
127.87,104146.32
110.51,91270.72

Montage_300_663.xml
160.57,124776.33
162.74,126121.82
129.44,105203.85
107.51,89135.24

Montage_300_664.xml
151.98,119142.72
154.31,120352.89
119.32,98299.89
102.64,85768.43

Montage_300_665.xml
162.35,126355.64
162.61,126154.29
121.69,100030.43
106.79,88691.6

Montage_300_666.xml
142.54,112694.02
140.78,111238.96
107.74,90294.76
96.98,82138.28

Montage_300_667.xml
136.22,108419.36
136.2,108166.93
116.21,95749.38
93.54,79634.13

Montage_300_668.xml
146.18,115151.38
145.1,114241.66
116.22,95991.55
98.74,83248.66

Montage_300_669.xml
151.87,119065.96
153.56,119731.56
118.24,97600.49
101.13,84768.47

Montage_300_670.xml
151.32,118571.15
153.52,119891.83
123.18,100787.65
102.29,85693.95

Montage_300_671.xml
144.02,113676.48
144.46,113657.14
112.43,93539.98
98.49,83231.77

Montage_300_672.xml
159.87,124442.45
160.47,124904.03
127.31,103870.72
105.88,87903.92

Montage_300_673.xml
170.3,131490.39
170.7,131445.18
134.56,108630.64
116.51,95312.9

Montage_300_674.xml
152.75,119592.11
151.28,118617.62
127.99,104276.03
102.01,85416.22

Montage_300_675.xml
144.46,113969.4
144.63,114054.69
116.08,96136.32
99.16,83497.99

Montage_300_676.xml
138.09,109666.5
138.21,109556.51
106.21,89279.07
94.85,80609.11

Montage_300_677.xml
153.54,120043.06
154.25,120364.55
119.57,98510.59
102.15,85605.74

Montage_300_678.xml
150.52,118219.01
156.01,121584.78
119.01,97995.02
106.38,88331.64

Montage_300_679.xml
139.41,110455.17
141.79,111881.01
106.73,89744.18
96.22,81604.55

Montage_300_680.xml
151.12,118622.32
151.5,118394.44
116.03,96110.46
101.16,85038.65

Montage_300_681.xml
146.71,115432.05
147.32,115788.54
115.31,95328.79
99.1,83636.6

Montage_300_682.xml
159.7,124274.5
160.19,124450.88
127.47,104036.27
105.25,87806.19

Montage_300_683.xml
151.37,118507.92
151.42,118421.7
122.62,100426.85
101.06,84767.58

Montage_300_684.xml
153.8,120410.33
153.67,120191.73
119.12,97907.96
102.37,85786.68

Montage_300_685.xml
160.57,124547.16
163.24,126327.88
133.51,108200.06
106.76,88617.37

Montage_300_686.xml
168.37,130445.49
168.86,130222.94
132.21,107042.98
118.7,96730.57

Montage_300_687.xml
138.28,109693.69
140.36,111037.74
107.24,89838.76
95.52,81015.1

Montage_300_688.xml
159.11,123930.48
159.48,123972.67
128.59,104397.01
105.9,87839.15

Montage_300_689.xml
139.51,110769.62
141.69,111882.55
116.74,96437.25
96.07,81500.24

Montage_300_690.xml
151.4,118646.72
151.79,118789.66
118.07,97748.54
102.13,85840.01

Montage_300_691.xml
147.89,116130.84
145.98,115019.29
114.41,95068.56
99.33,83853.64

Montage_300_692.xml
140.52,111433.1
138.93,110078.59
111.32,92775.88
95.78,80978.13

Montage_300_693.xml
170.21,131211.95
169.07,130466.54
133.64,108064.97
111.07,91574.24

Montage_300_694.xml
172.02,132517.65
169.92,131143.34
138.32,111107.68
111.26,91905.34

Montage_300_695.xml
148.82,117143.44
149.2,116861.77
117.69,97509.61
100.68,84590.87

Montage_300_696.xml
134.43,107248.89
134.81,107316.99
112.86,93648.03
93.61,79947.15

Montage_300_697.xml
166.72,129276.95
166.66,128860.46
131.41,106738.67
109.11,90388.64

Montage_300_698.xml
144.48,114082.8
146.78,115499.52
109.42,91753.2
98.72,83336.36

Montage_300_699.xml
149.45,117246.04
149.78,117418.98
118.24,97547.66
105.97,88045.77

Montage_300_700.xml
149.38,117438.1
153.32,119635.1
117.76,97227.52
101.36,85009.94

Montage_300_701.xml
144.29,113743.62
144.59,113883.71
121.24,99274.37
103.69,86612.99

Montage_300_702.xml
144.64,114059.26
145.11,114108.21
115.73,95526.44
98.97,83484.85

Montage_300_703.xml
143.07,113012.04
143.46,113202.75
112.46,93595.5
98.37,83006.95

Montage_300_704.xml
151.24,118721.41
153.54,120161.1
118.93,98161.79
102.75,85881.68

Montage_300_705.xml
162.22,126055.48
164.58,127699.65
128.82,104867.28
107.53,89256.79

Montage_300_706.xml
157.31,122667.74
158.98,123650.21
127.07,103899.63
110.16,90980.2

Montage_300_707.xml
154.79,121078.68
156.56,121858.66
119.69,98562.09
107.41,88958.65

Montage_300_708.xml
135.68,107836.51
136.57,108407.58
106.28,89198.09
100.03,84037.02

Montage_300_709.xml
149.19,117346.49
149.36,117133.59
117.93,97221.98
101.4,85048.73

Montage_300_710.xml
149.26,116952.48
147.61,115883.17
116.65,96435.42
100.94,84894.29

Montage_300_711.xml
148.55,116541.35
150.25,117702.22
121.83,99788.71
100.84,84572.02

Montage_300_712.xml
158.72,123394.98
161.03,124826.75
127.88,104537.4
105.66,88096.74

Montage_300_713.xml
155.37,121356.36
155.75,121435.85
120.29,99102.42
103.42,86621.71

Montage_300_714.xml
153.37,120104.19
153.82,119933.48
124.19,101536.26
102.49,85727.21

Montage_300_715.xml
156.6,122306.01
157.14,122424.59
126.91,103678.26
104.66,87401.44

Montage_300_716.xml
147.33,115889.95
147.6,115888.43
117.35,96938.19
100,84162.22

Montage_300_717.xml
159.19,123907.54
160.44,124580.33
122.44,100660.18
106.43,88700.57

Montage_300_718.xml
152.5,119612.4
154.95,120937.5
119.69,98650.01
102.31,85659.85

Montage_300_719.xml
144.73,113959.92
146.27,115115.74
110.09,92049.96
98.54,83264.26

Montage_300_720.xml
144.3,113934.1
144.5,113788.65
112.25,93405.55
99.45,83633.36

Montage_300_721.xml
150.08,117792.94
148.13,116106.96
117.32,97173.8
100.67,84466.66

Montage_300_722.xml
143.41,113226.7
143.49,112923.74
114.57,94858.19
107.41,88897.36

Montage_300_723.xml
153.15,119611.5
151.42,118634.79
124.26,101774.4
102.1,85626.49

Montage_300_724.xml
141.83,112319.89
141.9,112089.03
114.31,94575.92
97.6,82431.96

Montage_300_725.xml
153.89,120123.42
154.77,120888.15
114.28,94728.45
107.12,88989.81

Montage_300_726.xml
148.37,116526.87
146.51,115146.85
112.04,93328.95
100.44,84440.11

Montage_300_727.xml
138.65,110121.48
140.93,111409.34
107.65,90124.65
95.82,81225.6

Montage_300_728.xml
154.05,120454.91
154.04,120312.59
118.45,97464.46
103.77,86707.47

Montage_300_729.xml
162.44,126378.6
162.73,126213.29
134.23,108625.56
107.76,89299.53

Montage_300_730.xml
170.62,131606.31
170.85,131677.92
137.55,110751.01
110.64,91509.7

Montage_300_731.xml
162.66,126295.61
164.85,127594.15
128.39,104542.57
108.08,89534.07

Montage_300_732.xml
159.01,123794.48
161.56,125457.88
123.03,100884.62
106.23,88680.49

Montage_300_733.xml
160.67,124829.08
160.64,124781.41
128.27,104313.1
105.74,87994.5

Montage_300_734.xml
144.35,113785.09
142.69,112473.43
115.72,95843.35
99.06,83321.29

Montage_300_735.xml
155.49,121431.29
157.84,122848.95
121.33,99620.89
104.46,87153.64

Montage_300_736.xml
140.29,111314.19
140.8,111338.99
108.4,90571.01
96.6,81676.45

Montage_300_737.xml
159.72,124149.71
159.84,124461.2
128.58,104595.55
107.24,89200.93

Montage_300_738.xml
160.54,125101.68
158.85,123596.56
132.7,107310.28
105.69,88096.83

Montage_300_739.xml
154.74,121003.55
156.91,122444.89
123.4,101138.78
103.71,86785.21

Montage_300_740.xml
147.02,115728.71
147.38,115840.08
111.21,92730.36
103.93,86676.9

Montage_300_741.xml
158.86,123895.78
159.22,123921.52
132.72,107453.46
105.93,88263.17

Montage_300_742.xml
142.57,112612.2
143.12,112972.84
118.4,97411.57
97.68,82255.1

Montage_300_743.xml
159.07,123819.1
161.53,125321.8
123.24,101096.55
110.62,91254.38

Montage_300_744.xml
159.78,124389.02
162.12,125809.49
123.72,101263.38
107.01,88875.74

Montage_300_745.xml
150.32,118151.77
150.83,118055.26
119,98173.99
106.43,88306.12

Montage_300_746.xml
149.6,117561.7
149.95,117605.93
122.18,100131.21
106.32,88291.65

Montage_300_747.xml
151.47,118732.37
151.66,118844.37
119.11,98216.01
102.44,85599.76

Montage_300_748.xml
172.97,133071.91
171.46,132176.16
132.93,107732.75
112.24,92290.15

Montage_300_749.xml
155.91,121758.15
155.7,121462.21
120.28,98981.06
104.92,87535.17

Montage_300_750.xml
150.41,118181.09
150.7,118080.04
118.7,97803.08
101.7,85410.61

Montage_300_751.xml
156.5,121903.56
156.62,122177.92
131.08,106225.91
109.65,90484.03

Montage_300_752.xml
149.76,117688.47
153.8,120045.76
118.96,97973.24
101.18,85069.15

Montage_300_753.xml
166.95,129223.04
167.31,129478.82
129.14,105075.8
108.77,90147.86

Montage_300_754.xml
150.23,118071.5
150.65,117997.51
111.19,92910.48
101.72,85207.28

Montage_300_755.xml
148.93,116717.2
151.25,118350.15
123.52,101178
100.94,85018.43

Montage_300_756.xml
159.64,124403.61
162.89,126059.81
127.55,104187.44
105.12,87607.49

Montage_300_757.xml
148.34,116540.16
148.68,116744.96
114.82,95066.14
104.44,86959.52

Montage_300_758.xml
148.53,116824.72
151.06,118082.26
117.72,97235.16
100.85,84845.1

Montage_300_759.xml
163.93,127341.58
163.94,126970.37
130.07,105676.56
107.48,89375.02

Montage_300_760.xml
167.06,129082.37
167.32,129266.56
132.59,107342.97
115.59,94651.79

Montage_300_761.xml
158.24,123222.93
160.75,124673.23
128.26,104544.22
105.73,87910.03

Montage_300_762.xml
148.95,116945.94
148.75,116746.26
115.77,95974.33
99.55,83974.95

Montage_300_763.xml
152.37,119521.19
154.57,120675
119.73,98692.85
106.71,88742.36

Montage_300_764.xml
161.43,125632.37
159.83,124426.95
127.56,103914.15
107.72,89530.8

Montage_300_765.xml
149.39,117356.95
148.25,116348.52
112.59,93525.95
104.41,86954.73

Montage_300_766.xml
166.04,128776.43
168.55,130147.16
132.04,107076.66
114.5,93814.23

Montage_300_767.xml
149.76,117694.67
151.73,118645.95
119.29,98411.45
101.7,85195.52

Montage_300_768.xml
154.78,120849.14
155.08,121063.72
120.85,99323.87
104.03,86870.33

Montage_300_769.xml
163.25,126529.29
165.63,127973.54
134.29,108388.36
113.2,93008.71

Montage_300_770.xml
156.23,122161.44
158.73,123488.82
126.76,103625.85
104.6,87378.37

Montage_300_771.xml
144.42,114105.39
142.6,112478.24
114.51,95181.14
97.65,82479.46

Montage_300_772.xml
139.63,110537.22
139.58,110487.55
114.64,94909.59
95.46,80986.64

Montage_300_773.xml
149.11,117149.71
147.29,115586.99
114.87,95408.2
99.81,84020.28

Montage_300_774.xml
165.31,128024.95
167.15,129202.17
132.13,106861.95
108.9,90259

Montage_300_775.xml
151.3,118603.43
151.72,118687.66
121.73,100026.47
101.38,84956.09

Montage_300_776.xml
152.93,119687.74
155.25,121200.2
117.96,97509.48
102.83,86050.56

Montage_300_777.xml
156.38,122019.77
154.83,121052.22
130.27,105688.37
108.65,89883.25

Montage_300_778.xml
150.3,117954.05
150.61,117970.65
118.87,98063.31
101.19,84818.18

Montage_300_779.xml
147.78,116193.88
146.33,115144.85
116.58,96364.94
99.36,83785.34

Montage_300_780.xml
150.38,117907.4
149.22,117030.26
123.15,100878.02
100.98,84639.15

Montage_300_781.xml
170,131034.79
173.39,133244.12
132.8,107617.33
110.68,91279.72

Montage_300_782.xml
154.24,120765.41
156.67,122145.56
120.62,99259.84
105.37,87520.64

Montage_300_783.xml
143.04,113033.96
143.28,113119.38
108.61,90979.12
98.63,83403.56

Montage_300_784.xml
156.64,122366.29
156.66,122069.09
126.11,103036.76
104.52,87185.79

Montage_300_785.xml
148.99,117199.67
149.25,117050.7
121.93,99884.53
102.67,85826.5

Montage_300_786.xml
152.54,119337.69
150.97,118235.66
123.98,101447.59
102.06,85674.48

Montage_300_787.xml
155.25,121269.33
155.72,121428.51
131.31,106347.85
108.65,89633.92

Montage_300_788.xml
140.26,111198.78
140.56,111247.04
113.7,94606
106.3,88111.49

Montage_300_789.xml
169.38,130886.76
169.83,130944.79
137.4,110418.62
111.14,91802.71

Montage_300_790.xml
152.99,119924.71
153.38,119872.2
124.23,101726.9
102.95,86254.88

Montage_300_791.xml
158.16,122968.89
156.4,121741.76
127.03,103540.89
104.58,87317.91

Montage_300_792.xml
138.77,110117.42
141.11,111615.7
112.92,94000.58
95.79,81322.06

Montage_300_793.xml
162.32,126210.92
162.63,126213.85
129.97,105731.01
112.5,92281.24

Montage_300_794.xml
158.23,123160.39
160.41,124685.91
122.6,100778.2
106.22,88217.98

Montage_300_795.xml
160.92,125009.73
159.61,124043.89
127.81,104039.36
106.03,88010

Montage_300_796.xml
152.79,119546.29
153.04,119741.04
119.38,98193.86
102.98,86410.91

Montage_300_797.xml
168.65,130645
169.11,130592.94
133.53,107784.5
110.74,91368.42

Montage_300_798.xml
161.74,125788.27
162.09,125731.69
127.68,104046.6
107.61,89116.08

Montage_300_799.xml
148.09,116425.24
148.41,116539.22
111.2,92554.32
99.37,83858.61

Montage_300_800.xml
163.57,126854.78
163.69,126842.06
129.9,105507.81
108.35,89933.33

Montage_300_801.xml
162.66,126297.78
161.16,125383.76
129.63,105584.95
106.63,88777.05

Montage_300_802.xml
150.68,118182.69
150.8,118241.57
118.76,97848.14
115.85,94540.69

Montage_300_803.xml
149.6,117611.57
149.9,117490.08
118.84,98021.04
101.36,85074.16

Montage_300_804.xml
140.96,111386.12
141.4,111662.71
117.05,96522.15
105.25,87676.72

Montage_300_805.xml
152.79,119773.95
152.71,119482.42
118.26,97456.51
103.19,86133.76

Montage_300_806.xml
150.16,117847.52
148.51,116598.84
117.26,96801.2
100.35,84457.3

Montage_300_807.xml
165.58,128592.91
165.73,128258.06
130.56,106097.89
108.4,90043.67

Montage_300_808.xml
169.27,130973.06
167.86,129829.16
136.96,110625.35
110,91123.22

Montage_300_809.xml
158.01,123101.04
161.8,125524.65
128.21,104263.75
108.64,89974.3

Montage_300_810.xml
154,120533.02
154.29,120555.08
120.42,98923.13
103.61,86606.49

Montage_300_811.xml
157.31,122708.96
157.76,123018.74
126.56,103339.4
104.28,87141.53

Montage_300_812.xml
157.49,122881.88
157.64,122873.72
126.56,103217.99
104.36,86924.78

Montage_300_813.xml
142.26,112476.01
142.5,112268.52
108.33,90762.96
96.61,81918.16

Montage_300_814.xml
163.83,126932.31
162.01,125549.06
128.23,104484.46
107.3,89083.99

Montage_300_815.xml
150.31,118119.12
152.64,119383.58
118.48,97778.53
101.69,85259.89

Montage_300_816.xml
165.53,128052.05
165.79,128061.84
128.65,104775.72
108.51,89866.89

Montage_300_817.xml
151.1,118234.77
151.53,118383.19
122.96,100586.76
100.86,84816.9

Montage_300_818.xml
149.98,117522.47
153.95,120014.77
126.9,103424.23
106.41,88461.27

Montage_300_819.xml
152.81,119647.5
152.68,119532.78
120.78,99179.88
102.73,86082.75

Montage_300_820.xml
162.18,125671.4
162.55,125898.72
132.45,107072.01
112.03,92081.53

Montage_300_821.xml
146.11,115128.71
148.46,116437.84
116.65,96581.06
100.96,84832.62

Montage_300_822.xml
159.52,124096.51
159.79,124228.82
128.69,104789.56
106.14,88185.68

Montage_300_823.xml
157.49,122624.51
156,121655.46
121.03,99508.02
109.07,90228.42

Montage_300_824.xml
144.44,113924.2
144.91,113976.6
114.43,94755.44
98.89,83460.63

Montage_300_825.xml
149.69,117692.61
147.87,116002.99
122.69,100418.53
99.95,84173.9

Montage_300_826.xml
157.69,122941.61
158.19,123002.02
126.89,103395.48
105.5,88011.19

Montage_300_827.xml
171.38,132186.35
171.81,132294.75
134.08,108329.06
112.74,92846.25

Montage_300_828.xml
157.42,122728.04
156.59,122041.31
121.31,99606
105.27,87797.32

Montage_300_829.xml
155.99,121574.13
156.38,121842.04
125.62,102586.8
105,87424.8

Montage_300_830.xml
146.18,115213.82
146.6,115387.77
115.34,95539.44
103.01,86025.18

Montage_300_831.xml
157.22,122877.35
157.4,122561.61
127.66,104056.43
105.07,87716.4

Montage_300_832.xml
142.61,112402.54
141.11,111278.2
113.45,94468.83
96.72,82021.98

Montage_300_833.xml
160.27,124575.12
162.72,126073.75
129,104802.13
106.81,88754.3

Montage_300_834.xml
157.25,122680.18
159.75,124193.29
128.04,104625.42
111,91466.97

Montage_300_835.xml
144.88,114207.92
144.87,114090.62
114.83,95400.66
98.02,82906.5

Montage_300_836.xml
166.14,128702.25
166.46,128785.64
130.44,106173.75
108.7,90099.59

Montage_300_837.xml
146.68,115482.34
146.92,115392.01
110.45,91990.78
98.82,83195.97

Montage_300_838.xml
151.7,119014.11
152.1,118810.83
118.53,97691.7
101.19,84983.74

Montage_300_839.xml
144.4,113752.79
142.62,112511.28
113.41,94011.64
97.81,82726.38

Montage_300_840.xml
158.03,123376.98
160.35,124473.25
128,104241.22
106.69,88527.53

Montage_300_841.xml
156.72,122458.47
158.5,123101.14
128.08,104503.5
105.52,87859.51

Montage_300_842.xml
145.47,114697.34
146.06,114933.71
121.26,99498.49
103.27,86203.18

Montage_300_843.xml
153.04,119678.01
150.1,117575.85
122.71,100706.73
101.55,84992.78

Montage_300_844.xml
158.6,123261.35
155.96,121749.59
124.18,101485.72
103.27,86213.03

Montage_300_845.xml
144.21,113528.5
144.2,113777.05
110.74,92333.68
98.42,82969.51

Montage_300_846.xml
150.49,117996.73
154.54,120745.96
113.39,94175.42
101.7,85296.87

Montage_300_847.xml
151.22,118393.17
151.72,118686.58
119.17,98210.86
102,85484.14

Montage_300_848.xml
161.33,125324.99
160.22,124461.03
127.88,104126.96
105.53,88024.63

Montage_300_849.xml
144.83,114140.1
144.78,114043.44
114.42,94991.47
99.86,83950.76

Montage_300_850.xml
150.33,117944.54
150.76,118066.47
122.42,100503.39
100.55,84583.16

Montage_300_851.xml
164.58,127609.74
165.3,127950.49
129.9,105742.66
108.29,89815.02

Montage_300_852.xml
156.71,122278.73
155.19,120835.84
126.44,103016.92
103.79,86783.48

Montage_300_853.xml
155.74,121307.61
156.27,121753.32
126.49,103356.87
104.75,87455.85

Montage_300_854.xml
150.08,117816.8
153.66,120044.35
122.49,100465.83
105.94,88083.41

Montage_300_855.xml
144.02,113458.86
145.02,114172.81
115.78,95899.04
98.46,83231.17

Montage_300_856.xml
149.93,117718.63
148.26,116276.72
112.51,93526.89
101.16,84907.45

Montage_300_857.xml
158.76,123916.74
157.19,122468.83
126.91,103621.15
105.17,87645.23

Montage_300_858.xml
158.78,123680.5
160.59,124618.99
122.66,100637.66
104.74,87483.5

Montage_300_859.xml
155.37,121305.52
153.71,120127.98
125.75,102445.15
103.54,86500.8

Montage_300_860.xml
161.04,125223.56
161.16,125184.28
124.7,101885.65
112.74,92474.64

Montage_300_861.xml
160.23,124674.35
160.49,124795.84
123.23,101020.74
110.98,91527.5

Montage_300_862.xml
176.79,136099.67
174.87,134440.83
137.04,110515.61
113.88,93691.81

Montage_300_863.xml
149.38,117481.98
149.43,117161.96
118.58,97698.38
102.84,85886.09

Montage_300_864.xml
151.72,118962.94
149.97,117589.67
118.09,97411.59
102.34,85759.94

Montage_300_865.xml
148.14,116677.43
148.43,116534.8
117.55,97087.83
102.05,85681.24

Montage_300_866.xml
154.04,120436.9
154.49,120402.96
120.8,99649.57
103.54,86622.74

Montage_300_867.xml
150.91,118263.68
152.76,119494.8
113.56,94306.97
101.91,85312.49

Montage_300_868.xml
144.8,113983.71
142.85,112649.8
119.22,98234.84
108.02,89304.6

Montage_300_869.xml
150.42,117988.11
148.63,116641.57
117.58,97014.83
105.55,87812.77

Montage_300_870.xml
155.88,121921.23
161.23,124961.32
120.5,98982.94
109.33,90376.67

Montage_300_871.xml
155.64,121577.78
158.22,122954.34
121.89,100108.05
105.74,88034.98

Montage_300_872.xml
148.45,116490.58
145.4,114474.12
114.11,94952.27
106,87814.06

Montage_300_873.xml
147.39,115983.66
147.84,116045.05
121.3,99512.47
100.4,84410.44

Montage_300_874.xml
143.41,113101.85
143.8,113375.76
114.63,95116.04
97.26,82200.41

Montage_300_875.xml
154.13,120252.68
156.24,121933.16
120.26,98856.82
103.34,86557.76

Montage_300_876.xml
149.12,117045.53
149.52,117254.32
112.11,93463.02
100.2,84394.34

Montage_300_877.xml
139.05,110252.86
139.28,110212.17
107.7,90037.32
95.51,81011.31

Montage_300_878.xml
155.68,121688.14
155.84,121347.48
120.29,98890.39
105.19,87471.71

Montage_300_879.xml
150.42,118214.33
152.89,119723.69
118.72,98004.17
101.8,85434.92

Montage_300_880.xml
166.01,128813.25
168.4,129884.89
131,106669.77
109.6,90797.8

Montage_300_881.xml
147.71,116039.87
147.88,115990.5
110.71,92296.26
103.87,86825.43

Montage_300_882.xml
160.87,125194.91
160.82,124767.08
124.78,102010.98
115.97,94745.62

Montage_300_883.xml
160.83,124960.29
161.12,124872.18
128.37,104581.34
106.49,88663.42

Montage_300_884.xml
165.49,128153.83
165.7,128110
130.33,105746.55
108.09,89759.21

Montage_300_885.xml
164.7,127528.84
164.81,127567.06
129.02,104805.3
107.85,89641.98

Montage_300_886.xml
142.68,112910.5
142.96,112828.14
108.56,90819.94
98.08,82925.81

Montage_300_887.xml
160.28,124452.87
160.6,124636.07
127.33,103908.02
105.63,88114.74

Montage_300_888.xml
147.32,116081.57
147.62,116136.2
111.99,93590.57
100.23,84330.67

Montage_300_889.xml
160.25,124821.82
162.48,125872.03
129.49,105225.72
106.72,88747.74

Montage_300_890.xml
154.21,120803.54
159.67,123961.96
127.64,103757.12
108.46,89560.56

Montage_300_891.xml
171.09,132096.69
171.29,132268.41
134.52,108679.42
112.04,92545.42

Montage_300_892.xml
174.03,134055.95
173.99,133681.45
135.03,108907.65
112.36,92564.61

Montage_300_893.xml
156.53,122027.25
156.57,121880.3
125.96,103038.62
103.82,86841.42

Montage_300_894.xml
162.61,126487.43
162.92,126459.23
130.1,105646.03
112.97,92753.27

Montage_300_895.xml
163.8,127235.52
163.87,127093.96
131.05,106314.93
117.77,96107.4

Montage_300_896.xml
162.71,126243.8
163.22,126624.44
129.23,105041.89
107.04,89124.53

Montage_300_897.xml
156.19,121912.46
158.4,123416.46
124.89,102484.02
104.39,87238.55

Montage_300_898.xml
152.49,119572.93
157.78,122491.61
119.7,98693.7
103.01,86041.92

Montage_300_899.xml
146.79,115681.31
148.98,116988.27
116.69,96545.76
101.11,84919.46

Montage_300_900.xml
142.46,112716.3
142.65,112713.05
108.38,90553.46
97.19,82331.83

Montage_300_901.xml
165.16,128000.57
165.55,128075.72
134.94,108884.13
108.18,89627.08

Montage_300_902.xml
158.53,123496.99
158.76,123517.45
132.48,107122.95
107.16,89062.56

Montage_300_903.xml
157.18,122506.48
159.32,123921.4
122.49,100526.28
104.99,87408

Montage_300_904.xml
151.94,119053.47
150.1,117696.47
124.25,101765.72
106.04,88101.28

Montage_300_905.xml
164.27,127389.83
162.59,126040.1
130.11,105869.94
107.41,89264.72

Montage_300_906.xml
143.56,113351.65
143.9,113435.38
114.4,94879.94
98.3,83018

Montage_300_907.xml
149.17,116987.61
147.5,115584.49
116.92,96676.77
99.91,84229.48

Montage_300_908.xml
147.5,115874.61
147.94,116272.17
110.73,92251.9
108.33,89570.95

Montage_300_909.xml
153.24,119818.44
153.2,119752.87
118.42,97655.1
106.91,88872.63

Montage_300_910.xml
135.42,107811.79
133.71,106563.77
109.71,91832.48
93.44,79632.44

Montage_300_911.xml
147.35,116068.17
147.75,116083.03
121.27,99512.72
105.17,87440.57

Montage_300_912.xml
139.93,110788.72
142.41,112195.11
109.04,91176.27
96.92,82062.89

Montage_300_913.xml
151.56,118788.75
151.86,119019.51
125.15,102106.75
102.19,85740.13

Montage_300_914.xml
163.06,126446.33
163.38,126745.11
128.26,104488.81
106.94,88786.31

Montage_300_915.xml
160.53,124645.13
160.67,124620.51
128.29,104313.96
111.15,91467.52

Montage_300_916.xml
162.06,126111.83
164.33,127121.79
124.31,101636.46
111.99,92369.41

Montage_300_917.xml
145.46,114596.17
143.63,113266.55
114.91,95443.02
98.88,83370.62

Montage_300_918.xml
159.36,123917.64
157.94,123170.09
126.07,103012.74
105.3,87892.03

Montage_300_919.xml
143.1,112798.06
144.72,114075.07
113.96,94645.42
97.79,82579.23

Montage_300_920.xml
151.82,119071.28
152.2,119079.39
116.97,96699.37
102.49,85866.19

Montage_300_921.xml
148.76,116658.05
148.88,116712.93
115.6,95714.74
104.55,87173.78

Montage_300_922.xml
158.46,123666.18
158.78,123345.48
129.14,104925.08
110.68,91432.12

Montage_300_923.xml
163.62,126780.71
163.65,126842.48
128.19,104410.79
108.02,89643.4

Montage_300_924.xml
162.34,125803.81
162.57,126112.15
132.91,107687.64
107.09,88855.78

Montage_300_925.xml
164.93,127852.75
167.51,129466.42
135.91,109608.35
109.03,90314.23

Montage_300_926.xml
150.79,118242.6
153.34,120010.78
123.12,101009.77
101.95,85510.89

Montage_300_927.xml
139.04,110409.91
144.64,113682.43
110.74,92364.13
95.95,81450.86

Montage_300_928.xml
154.97,121059.9
160.31,124518.4
121.18,99513.7
104.03,87063.04

Montage_300_929.xml
159.49,124153.68
161.82,125818.41
129.27,105138.9
106.13,88287.69

Montage_300_930.xml
150.5,117960.99
150.82,118030.73
121.94,99996.78
102.65,85660.49

Montage_300_931.xml
145.9,115096.65
146.32,115240.05
116.26,96477.17
99.66,83958.36

Montage_300_932.xml
160.72,124796.66
160.87,124995.36
124.06,101635.01
110.05,90852.19

Montage_300_933.xml
147.53,116187.86
149.98,117467.66
117.64,97258.28
100.12,84328.33

Montage_300_934.xml
160.43,124957.57
164.29,127029.14
123.7,101055.94
111.48,91950.26

Montage_300_935.xml
155.46,121444.72
157.81,122864.23
121.61,100174.59
108.53,89495.73

Montage_300_936.xml
163.61,126714.88
162.25,125821.23
133.96,108492.7
112.36,92470.46

Montage_300_937.xml
144.92,114302.14
145.21,114248.77
114.78,94883.62
100.54,84598.06

Montage_300_938.xml
147.09,115838.38
149.26,116886
116.48,96096.97
100.31,84435.45

Montage_300_939.xml
158.57,123289.75
159.12,123633.92
122.59,100321.89
105.52,87904.86

Montage_300_940.xml
160.35,124929.71
160.83,124914.19
123.71,101564.19
106.68,88636.15

Montage_300_941.xml
149.27,117320.6
151.56,118591.61
116.14,95940.75
101.29,85169.25

Montage_300_942.xml
136.72,108828.35
137.23,108928.17
113.62,94402.95
94.91,80680.28

Montage_300_943.xml
156.59,121985.23
156.76,122284.09
125.94,102786.65
103.38,86534.08

Montage_300_944.xml
168.8,130697.4
167.05,129124.97
133,107766.2
114.44,93921.41

Montage_300_945.xml
157.65,122635.66
157.77,122874.56
121.86,100146.77
105.27,87660.88

Montage_300_946.xml
155.03,120904.41
155.21,121022.96
120.5,99246.87
103.64,86895.12

Montage_300_947.xml
153.01,119636.08
151.19,118523.46
122.96,101087.41
101.8,85437.41

Montage_300_948.xml
171.6,132428.47
169.7,131195.71
133.76,107941.34
111.54,91927.21

Montage_300_949.xml
156.24,121853.3
156.45,121889.26
127.64,104017.05
104.87,87539.28

Montage_300_950.xml
152.52,119291.92
154.76,120817.47
119.75,98247.07
102.9,86006.1

Montage_300_951.xml
143.04,113107.33
145.17,114076.31
114.87,95286.74
97.76,82632.98

Montage_300_952.xml
155.26,121502.83
155.65,121428.72
121.17,99600.72
105.56,87861.38

Montage_300_953.xml
167.39,129503.38
165.96,128378.95
136.2,109971.94
109.14,90522.71

Montage_300_954.xml
155.88,121674.91
157.96,122979.78
122.11,100413.67
105.01,87812.67

Montage_300_955.xml
167.12,129239.6
165.27,128125.24
135.54,109316.35
109.02,90470.27

Montage_300_956.xml
160.26,124651.99
160.38,124556.16
128.84,105088.21
110.46,91145.93

Montage_300_957.xml
149.75,117524.49
150.35,118000.89
117.7,97357.28
101.52,85070.36

Montage_300_958.xml
146.78,115330.36
146.94,115501.44
111.42,92871.54
99.78,84112.36

Montage_300_959.xml
169.81,131204.83
172.15,132628.63
133.78,108218.07
111.58,92145.24

Montage_300_960.xml
149.95,117811.99
150.33,117760.38
117.95,97277.03
103.36,86412.76

Montage_300_961.xml
149.6,117163.89
147.6,115914.8
117.16,96859.51
101.35,84982.62

Montage_300_962.xml
167.12,129144.16
169.16,130381.58
132.66,107462.28
110.1,91186.65

Montage_300_963.xml
145.26,114185.24
147.27,115475.81
115.87,95992.79
98.84,83181.28

Montage_300_964.xml
145.03,114168.51
145.27,114409.01
115.72,95724.93
98.84,83512.98

Montage_300_965.xml
146.36,115083.52
149.96,117316.08
116.2,95932.34
98.88,83541.26

Montage_300_966.xml
154.27,120407.12
152.51,119310.32
124.66,101597.16
107.01,88891.41

Montage_300_967.xml
153.57,120050.57
155.84,121456.92
124.51,101759.66
103.18,86118.95

Montage_300_968.xml
144.62,113947.47
143.05,112795.54
114.82,95249.69
97.77,82717.29

Montage_300_969.xml
154.97,121012.79
157.17,122457.63
126.77,103460.09
103.84,86844.68

Montage_300_970.xml
156.66,122048.24
155.9,121585.66
120.77,99487.19
103.99,86779.7

Montage_300_971.xml
158.17,123501.7
158.41,123446.66
127.1,103456.25
105.5,87894.49

Montage_300_972.xml
167.76,129989.74
168.06,129839.93
132.49,107242.28
109.28,90498.72

Montage_300_973.xml
148.33,116508.65
148.45,116535.93
120.1,98366.71
99.87,83974.07

Montage_300_974.xml
142.37,112448.24
142.92,112694.09
116.06,95973.98
96.9,82043.12

Montage_300_975.xml
156.75,122267.5
155.1,121005.23
120.83,99580.61
104.84,87633.61

Montage_300_976.xml
142.05,111996.62
142.26,112474.66
112.66,93753.39
97.36,82421.69

Montage_300_977.xml
144.47,113765.17
146.65,115320.44
115.33,95546.54
98.42,83168.3

Montage_300_978.xml
145.04,114487.43
145.22,114521.13
113.47,94298.35
97.83,82788.62

Montage_300_979.xml
164.66,127501.77
164.82,127334.84
131.12,106313.15
109.01,90294.3

Montage_300_980.xml
165.63,128550.52
169.48,130725.94
132.1,106775.04
109.44,90713.5

Montage_300_981.xml
157.98,123223.55
159.69,124226.44
123.5,100990.52
110.05,90781.1

Montage_300_982.xml
146.47,115432.46
146.64,115397.55
113.46,94287.27
98.63,83103.28

Montage_300_983.xml
148.2,116338.99
146.29,115088.21
115.38,95617.62
99.5,83996.43

Montage_300_984.xml
147.32,115849.47
149.46,117182.54
115.06,95398.74
100.22,84481.17

Montage_300_985.xml
160.31,124910.71
162.67,126115.25
128.7,104512.43
106.68,88699.9

Montage_300_986.xml
151.84,119078.91
154.18,120525.48
119.15,98311.28
106.66,88593.16

Montage_300_987.xml
148.56,116846.52
150.25,117690.59
117.65,97172.73
100.64,84475.53

Montage_300_988.xml
147.75,116324.45
149.12,116979.71
117.24,96749.87
100.4,84352.84

Montage_300_989.xml
159.01,123759.02
159.43,123896.68
128.41,104617.53
111.04,91478.18

Montage_300_990.xml
137.03,109006.93
137.32,109094.53
113.59,94302.32
99.88,83863.21

Montage_300_991.xml
147.13,115954.18
149.53,117113.33
111.51,92851.3
100.13,84331.28

Montage_300_992.xml
153.88,120317.68
154.08,120531.82
118.55,97552.25
104.13,86829.04

Montage_300_993.xml
152.03,119084.32
154.2,120578.99
119.29,98391.6
111.94,92121.18

Montage_300_994.xml
155.94,121374.29
156.36,121623.26
126,102791.58
108.29,89575.39

Montage_300_995.xml
148.64,116816.66
149.01,116892.06
117.88,97343.69
100.71,84866.54

Montage_300_996.xml
146.97,115822.74
149.57,117191.63
111.78,93290.75
99.9,83964.68

Montage_300_997.xml
151.88,119038.44
154.45,120597.41
119.52,98465.31
102.44,85823.22

Montage_300_998.xml
135.73,108150.5
138.08,109618.07
106.68,89444.74
94.55,80505.14

Montage_300_999.xml
141.89,112245.27
144.33,113850.91
113.3,94193.2
102.1,85366.74

Montage_300_1000.xml
152.32,119393.69
154.62,120690.67
119.67,98569.98
102.62,86069.77

