SIPHT_300_1.xml
5221.85,3886648.58
4065.41,3080731.81
2611.04,2127703.34
2615.93,2084836.94

SIPHT_300_2.xml
4737.92,3520856.87
3392.43,2587635.32
2369.08,1917747.64
2377.12,1887607.14

SIPHT_300_3.xml
5121.67,3859450.49
3994.77,3061236.77
2731.66,2249836.21
2560.9,2081791.26

SIPHT_300_4.xml
5010.36,3733390.51
3916.96,2969118.16
2505.3,2045569.17
2505.24,2004178.02

SIPHT_300_5.xml
5101.56,3785003.59
4027.59,3030381.23
2550.9,2060581.59
2550.84,2025051.88

SIPHT_300_6.xml
5017.63,3743865.01
3866.92,2936004.45
2508.93,2045609.72
2508.88,2006973.79

SIPHT_300_7.xml
4339.85,3255098.29
3356.37,2556720.06
2170.04,1792984.04
2187.39,1763050.66

SIPHT_300_8.xml
4989.08,3720117.55
3869.03,2931265.36
2494.66,2035481.72
2494.6,1997959

SIPHT_300_9.xml
5490.99,4042448.78
4329.54,3228395.05
2745.61,2191198.44
2745.55,2153221.64

SIPHT_300_10.xml
5250.3,3878082.65
4128.08,3095090.46
2625.27,2108181.93
2625.21,2063751.25

SIPHT_300_11.xml
5175.29,3855125.79
3627.97,2794049.73
2587.76,2109123.44
2587.7,2066474.6

SIPHT_300_12.xml
4932.05,3674885.66
3452.61,2643477.51
2466.14,1996159.62
2466.08,1970155.54

SIPHT_300_13.xml
5024.52,3736035.5
3954.26,2985046.05
2512.38,2041778.13
2512.32,2003135.06

SIPHT_300_14.xml
5217.86,3871803.56
4173.14,3141187.54
2609.05,2115445.41
2608.99,2067944.69

SIPHT_300_15.xml
5128.78,3795626.6
4006.6,3014446.12
2564.51,2073306.29
2581.48,2042021.06

SIPHT_300_16.xml
5194.47,3855822.08
3434.4,2631809.11
2597.35,2098785.74
2597.3,2061671.07

SIPHT_300_17.xml
5225.5,3853595.63
4066.94,3046869.88
2612.87,2093513.38
2612.81,2058236.48

SIPHT_300_18.xml
5199.49,3874910.38
3765.11,2879718.87
2599.86,2119450.69
2599.81,2079946.54

SIPHT_300_19.xml
5145.18,3822858.96
3984.22,3019798.62
2572.71,2090722.54
2572.65,2047410.96

SIPHT_300_20.xml
5050.76,3768105.27
3827.21,2912524.03
2525.5,2066327.47
2525.44,2025032.86

SIPHT_300_21.xml
5006.21,3720415.61
3966.65,3000600.35
2503.22,2036885.2
2506.95,2001654.02

SIPHT_300_22.xml
5052.07,3777520.16
3544.9,2723001.26
2526.15,2067332.51
2526.09,2025935.47

SIPHT_300_23.xml
4962.8,3681130.04
3970.35,2991042.11
2481.52,2012409.91
2483.22,1971071.61

SIPHT_300_24.xml
5019.72,3723475.18
3786.38,2861981.34
2509.98,2024514.89
2509.92,1988498.27

SIPHT_300_25.xml
5086.02,3782753.7
3698.62,2816442.52
2543.13,2061700.1
2543.07,2023728.74

SIPHT_300_26.xml
5169.55,3826603.11
3519.25,2694089.09
2584.89,2088136.51
2594.94,2056371.11

SIPHT_300_27.xml
4875.72,3630066.56
3785.02,2865090.11
2625.03,2111409.36
2437.92,1947323.29

SIPHT_300_28.xml
5097.36,3784419.83
4032.29,3034838.49
2548.8,2067058.27
2552.01,2025792.07

SIPHT_300_29.xml
5313.72,3957418.11
4161.96,3150514.89
2656.98,2165324.83
2656.92,2119895.31

SIPHT_300_30.xml
4899.86,3648255.67
3799.83,2880605.42
2450.05,1990738.85
2452.91,1958028.17

SIPHT_300_31.xml
5075.28,3787886.65
4003.13,3033009.34
2537.76,2072927.53
2555.11,2044117.41

SIPHT_300_32.xml
5142.23,3841245.55
3983.05,3028373.11
2571.23,2110364.03
2571.88,2062657

SIPHT_300_33.xml
5241.14,3878001.31
4071.2,3060824.58
2620.69,2112941.97
2620.63,2071428.46

SIPHT_300_34.xml
4723.78,3528792.89
3661,2784971.49
2362.01,1939052.9
2361.95,1899339.76

SIPHT_300_35.xml
5105.72,3782103.56
4011.35,3023614.96
2552.98,2061097.09
2552.92,2016667.32

SIPHT_300_36.xml
5207.27,3879027.73
3957.58,3010263.75
2603.76,2125763.16
2603.7,2088116.05

SIPHT_300_37.xml
5145.9,3814903.22
4120.87,3095390.02
2573.07,2075548.21
2573.01,2038490

SIPHT_300_38.xml
5276.43,3895653.31
4148.4,3103549.24
2638.33,2110458.3
2638.28,2074685.69

SIPHT_300_39.xml
4556.13,3422712.28
3532.51,2698879.31
2278.18,1886557.9
2278.13,1845354.58

SIPHT_300_40.xml
5204.95,3876583
4111.97,3108892.1
2730.09,2206793.58
2602.54,2078065.56

SIPHT_300_41.xml
5012.41,3711151.94
3744.37,2833285.79
2506.33,2024862.8
2506.27,1986071.56

SIPHT_300_42.xml
5045.16,3742842.15
3446.45,2640500.05
2522.7,2049115.53
2529.36,2011140.62

SIPHT_300_43.xml
4477.17,3351606.59
3509.27,2665643.75
2238.7,1827751.11
2238.65,1800852.06

SIPHT_300_44.xml
5095.62,3803868.01
4035.16,3055376.48
2547.93,2084058.8
2547.87,2041172.79

SIPHT_300_45.xml
5249.5,3893713.94
3715.95,2829765.55
2624.87,2117288.17
2624.81,2079935.23

SIPHT_300_46.xml
5252.61,3890322.6
4127.45,3102056.22
2626.42,2126338.57
2626.36,2078506.53

SIPHT_300_47.xml
5116.52,3800521.24
3915.59,2966721.67
2558.38,2072753.26
2559.31,2034398.46

SIPHT_300_48.xml
5086.57,3800175.14
3407.21,2640333.13
2543.4,2082944.49
2543.34,2043175.2

SIPHT_300_49.xml
5344.63,3957320.38
4209.08,3161103.55
2672.43,2156739.65
2672.37,2114220.3

SIPHT_300_50.xml
5301.75,3932297.37
4047.03,3059474.46
2650.99,2142794.96
2650.93,2106685.17

SIPHT_300_51.xml
5235.45,3915930.59
4121.84,3132021.27
2617.84,2148524.74
2617.79,2106569.04

SIPHT_300_52.xml
5200.5,3864361.62
3452.99,2656958.35
2601.02,2109155.63
2604.08,2071167.82

SIPHT_300_53.xml
5164.93,3826394.34
3648.82,2776436.55
2582.58,2080860.56
2582.53,2041425.22

SIPHT_300_54.xml
4836.33,3593000.06
3770.05,2851892.69
2418.28,1965851.98
2418.23,1924506.71

SIPHT_300_55.xml
5132.59,3786112.28
4053.8,3033885.92
2566.41,2059509.94
2566.35,2016354.5

SIPHT_300_56.xml
5295.87,3945254.75
3652.9,2805938.91
2648.05,2163318.78
2654.09,2125923.75

SIPHT_300_57.xml
4877.08,3646884.02
3928.02,2973056.71
2438.66,1998396.39
2438.6,1965082.31

SIPHT_300_58.xml
5373.57,3988331.93
3715.4,2840819.98
2686.9,2176873.29
2729.11,2162811.95

SIPHT_300_59.xml
5128.62,3807901.55
3928.13,2969579.29
2568.88,2082596.14
2564.37,2040481.45

SIPHT_300_60.xml
5321.29,3963137.28
3954.09,3009604.36
2660.76,2168080.7
2660.7,2128405.69

SIPHT_300_61.xml
4467.95,3343221.46
3347.49,2556541.54
2234.09,1836323.83
2234.04,1798190.75

SIPHT_300_62.xml
5431.82,4035491.12
3775.8,2889788.46
2716.03,2205533.07
2715.97,2159876.39

SIPHT_300_63.xml
4914.57,3657015.28
3857.41,2914215.81
2457.41,1995623.89
2462.49,1956227.6

SIPHT_300_64.xml
5365,3964332.14
3980.58,3010754.63
2682.62,2162247.05
2682.56,2120607.52

SIPHT_300_65.xml
5390.38,3981695.43
3701.68,2812622.17
2695.31,2162017.17
2698.45,2129345.24

SIPHT_300_66.xml
4779.43,3576380.62
4650.78,3463046.46
2389.83,1961580.4
2389.78,1923414.55

SIPHT_300_67.xml
5294.35,3925350.27
3620.59,2766024.67
2647.29,2136317.17
2647.24,2094302.24

SIPHT_300_68.xml
4976.13,3681316.06
3492.66,2664638.88
2488.18,2009952.7
2488.13,1968712.95

SIPHT_300_69.xml
4966.23,3704224.89
3703.86,2829946.82
2483.23,2035341.13
2483.18,1996894.76

SIPHT_300_70.xml
5311.39,3914528.03
3853.04,2907925.23
2655.81,2125624.43
2655.76,2085435.7

SIPHT_300_71.xml
5001.55,3724790.86
3972.67,3000652.62
2500.9,2039234.07
2500.84,1994588.09

SIPHT_300_72.xml
4931.44,3678783.68
3850.97,2928853.16
2465.84,2014762.31
2465.79,1975725.32

SIPHT_300_73.xml
5111.86,3790261.63
3921.49,2953281.76
2556.05,2060624.67
2555.99,2020649.11

SIPHT_300_74.xml
5061.45,3765062.45
3526.08,2696384.8
2530.84,2055649.47
2530.79,2015164.84

SIPHT_300_75.xml
4732.91,3527604.01
3677.64,2789218.93
2366.57,1931195.2
2366.52,1893489.07

SIPHT_300_76.xml
5166.56,3825246.43
3551.57,2706049.77
2583.4,2073966.12
2585.39,2045307.23

SIPHT_300_77.xml
5376.93,3979813.39
4218.14,3167589.68
2688.58,2161020.03
2688.52,2127662.99

SIPHT_300_78.xml
4153.13,3129344.75
3364.39,2575243.35
2076.68,1719616.51
2076.64,1695303.93

SIPHT_300_79.xml
5205.61,3860752.79
3617.84,2752587.55
2602.92,2100696.01
2602.86,2064727.87

SIPHT_300_80.xml
5218.51,3873618.62
4121.42,3107508.84
2609.37,2114251.17
2612.66,2073457.36

SIPHT_300_81.xml
4890.44,3654008.12
3852.81,2922290.99
2512.44,2047753.27
2445.28,1963537.99

SIPHT_300_82.xml
5405.01,3991249.57
4281.53,3197198.49
2702.62,2158955.11
2715.21,2131061.56

SIPHT_300_83.xml
5305.97,3936989.68
3948.59,2990560.59
2653.1,2146619.76
2653.05,2106329.12

SIPHT_300_84.xml
4836.51,3603372.21
3627.78,2761062.88
2418.37,1976943.33
2443.75,1949024.06

SIPHT_300_85.xml
5125.64,3787090.36
4005.79,3005126.52
2562.94,2059153.1
2562.88,2023173.07

SIPHT_300_86.xml
5340.71,3953528.5
3589.92,2752014.28
2670.47,2158555.03
2670.42,2112324.47

SIPHT_300_87.xml
4762.39,3554791.19
3564.75,2724119.29
2381.31,1950693.71
2381.26,1911973.51

SIPHT_300_88.xml
5239.15,3903875.36
4141.47,3139367.92
2619.69,2132997.92
2619.64,2098150.05

SIPHT_300_89.xml
5386.49,3987852.86
4116.64,3117315.12
2693.36,2172637.15
2693.31,2134978.17

SIPHT_300_90.xml
4905.5,3658126.13
3774.81,2867713.01
2452.87,2004669.53
2452.81,1965396.16

SIPHT_300_91.xml
4929.03,3654069.99
3548.44,2694240.47
2464.63,1988883.49
2464.57,1954001.92

SIPHT_300_92.xml
4811.51,3592307.89
3753.44,2851508.15
2405.87,1964241.98
2405.82,1930649.16

SIPHT_300_93.xml
5118.69,3791667.51
3499.03,2672094.35
2559.46,2060468.7
2563.98,2028989.26

SIPHT_300_94.xml
5130.23,3825743.29
3516.34,2712621.08
2565.23,2099476.93
2565.17,2063885.77

SIPHT_300_95.xml
4935.75,3695559.05
3881.88,2961540.29
2467.99,2040990.18
2467.94,1996679.38

SIPHT_300_96.xml
5223.75,3870438.27
3570.67,2733739.56
2611.99,2106585.7
2611.93,2070321.82

SIPHT_300_97.xml
4922.99,3674438.41
3610.23,2760051.22
2782.08,2225386.89
2461.56,1975302.98

SIPHT_300_98.xml
4679.79,3504466.46
3710.85,2822771.99
2340.01,1925023.1
2339.98,1889546.15

SIPHT_300_99.xml
5236.46,3891415.17
3824.63,2914961.52
2618.35,2127631.08
2618.29,2081626.11

SIPHT_300_100.xml
5179.55,3866186.63
3715.06,2848898.37
2589.89,2120373.72
2593.18,2076515.42

SIPHT_300_101.xml
5135.98,3799128.04
3497.24,2668485.62
2568.11,2066102.02
2568.05,2027881.79

SIPHT_300_102.xml
5034.94,3773493.61
3674.83,2824264.64
2517.59,2072078.54
2536.93,2043072.98

SIPHT_300_103.xml
5220.07,3873761.9
4076.62,3071312.85
2610.16,2114849.25
2610.1,2071505.32

SIPHT_300_104.xml
5382.58,4007167.97
3962.09,3023803.95
2691.41,2199145.99
2691.35,2154848.92

SIPHT_300_105.xml
5250.3,3884359.43
3996.98,3013672.58
2625.27,2115500.93
2676.93,2106663.29

SIPHT_300_106.xml
5360,3943384.45
4211.23,3142277.97
2680.12,2134785.53
2681.09,2101478.77

SIPHT_300_107.xml
5236.57,3894488.18
4114.2,3101422.21
2618.4,2120461.81
2618.34,2088970.4

SIPHT_300_108.xml
5477,4048415.21
4051.52,3055128.97
2738.62,2197623.44
2738.56,2156987.74

SIPHT_300_109.xml
5107.41,3784049.74
3788.2,2870451.14
2553.82,2067398.81
2553.77,2027047.9

SIPHT_300_110.xml
5081.79,3766401.39
4024.05,3024640.75
2541.01,2047102.47
2540.95,2010688.55

SIPHT_300_111.xml
5190.81,3867623.55
4124.36,3124017.12
2595.52,2120536.76
2596.96,2082588.51

SIPHT_300_112.xml
5239.32,3867628.52
4157.82,3123206.95
2619.78,2104354.72
2619.72,2059613.04

SIPHT_300_113.xml
4956.74,3671753.72
3384.19,2589554.42
2478.49,2004930.5
2478.43,1966806

SIPHT_300_114.xml
4999.76,3729365.94
3561.23,2730382.79
2500,2044028.9
2499.94,2001677

SIPHT_300_115.xml
4929.74,3689945.06
3645.32,2793382.3
2464.99,2025473.11
2475.01,1993733.16

SIPHT_300_116.xml
5348.77,3950183.18
4265.43,3191331.04
2674.5,2144216.28
2674.45,2099345.92

SIPHT_300_117.xml
4780.05,3559680.86
3712.64,2807698.42
2390.3,1940584.72
2390.09,1901132.48

SIPHT_300_118.xml
5315.94,3931476.31
4166.93,3124455.75
2658.09,2138330.86
2658.03,2100490.53

SIPHT_300_119.xml
5146.06,3824568.97
3931.55,2977051.19
2573.15,2084830.12
2573.09,2049045.77

SIPHT_300_120.xml
5002.81,3734994.21
3842.47,2923614.33
2501.52,2054357.8
2501.47,2011995.39

SIPHT_300_121.xml
5070.44,3789814.43
4048.32,3073029.06
2535.34,2081260.77
2535.28,2039787.56

SIPHT_300_122.xml
5132,3824792.99
4029.6,3052592.75
2566.12,2092632.37
2566.06,2059483.73

SIPHT_300_123.xml
4767.21,3574016.76
3838.76,2918756.29
2721.98,2194770.19
2383.67,1925262.52

SIPHT_300_124.xml
5106.25,3797059.31
3978.24,3004192.3
2553.24,2075149.73
2553.19,2031867.39

SIPHT_300_125.xml
4451.77,3336112.82
3550.33,2692291.68
2226,1832976.56
2225.95,1793352.46

SIPHT_300_126.xml
4491.99,3379491.38
3606.77,2757429.83
2246.11,1850870
2246.06,1822961.49

SIPHT_300_127.xml
4993.89,3713464.19
3723.89,2826687.72
2544.43,2058485.07
2503.07,1987810.44

SIPHT_300_128.xml
5030.54,3741432.95
3797.5,2884754.94
2515.39,2040294.74
2515.33,2003001.07

SIPHT_300_129.xml
5236.3,3893746.59
4162.18,3141221.23
2618.27,2124184.07
2618.21,2088257.82

SIPHT_300_130.xml
5081.66,3784844.88
3838.07,2913845.47
2540.95,2067756.89
2551.39,2034289.29

SIPHT_300_131.xml
5066.56,3766749.78
3466.41,2655418.23
2533.4,2056589.76
2533.34,2018233.06

SIPHT_300_132.xml
5349.26,3978361.47
4181.45,3166417.03
2674.75,2175026.19
2674.69,2132158.04

SIPHT_300_133.xml
5287.51,3906575.69
4151.38,3107034.53
2643.87,2125187.97
2643.82,2078484.51

SIPHT_300_134.xml
5308.73,3946748.38
3915.63,2981882.17
2654.48,2166502.43
2654.43,2117111

SIPHT_300_135.xml
5073.48,3754972.22
3495.56,2666075.2
2536.86,2050577.67
2542.55,2009700.23

SIPHT_300_136.xml
4804.63,3579249.6
3610.41,2743408.66
2402.43,1955688.03
2402.38,1916648.78

SIPHT_300_137.xml
4593.87,3450214.27
3527.42,2698514.96
2297.06,1895691.19
2297,1863112.6

SIPHT_300_138.xml
5348.19,3962236.53
4038.31,3056393.58
2674.21,2165098.5
2674.16,2120292.84

SIPHT_300_139.xml
4912.73,3677616.32
3442.26,2657098
2457.36,2022706.87
2456.43,1979006.32

SIPHT_300_140.xml
4700.12,3511077.92
3707.2,2813475.45
2350.18,1922390.46
2350.12,1887168.33

SIPHT_300_141.xml
4974.12,3688848.41
3762.61,2843896.72
2487.18,2013800.9
2487.12,1968800.62

SIPHT_300_142.xml
5278.74,3903259.65
4113.4,3096941.91
2639.49,2129731.11
2639.43,2086177.13

SIPHT_300_143.xml
5314.64,3937203.85
4206.8,3156918
2657.44,2140172.01
2657.38,2102199.12

SIPHT_300_144.xml
5200.86,3829352.2
3691.48,2782521.62
2600.55,2071313.44
2600.49,2033980.5

SIPHT_300_145.xml
5091.83,3752109.27
3667.43,2764506.18
2546.03,2039834.86
2563.39,2009290.5

SIPHT_300_146.xml
4870.36,3638943.91
3795.18,2888404.45
2435.38,1993411.8
2435.4,1953247.11

SIPHT_300_147.xml
5325.9,3961715.58
4138.77,3135621.47
2663.07,2165691.93
2663.01,2125503.28

SIPHT_300_148.xml
4857.65,3624456.54
3857.3,2922567.81
2428.94,1981109.22
2428.89,1945006.14

SIPHT_300_149.xml
5338.49,3961863.08
4227.22,3181331.6
2669.36,2158780.88
2669.3,2113953.36

SIPHT_300_150.xml
5037.35,3752379.11
3587.96,2748043.78
2518.79,2056277.88
2518.73,2011501.67

SIPHT_300_151.xml
4992.29,3721896.93
3929.24,2972412.55
2496.26,2027707.59
2496.21,1994053.01

SIPHT_300_152.xml
5354.95,3955010.15
3607.83,2755557.43
2677.59,2148928.8
2690.9,2119740.26

SIPHT_300_153.xml
5391.19,3997671.36
4251.64,3201556.94
2695.72,2171640.73
2701.39,2139510.92

SIPHT_300_154.xml
4925.79,3655741.27
3731.76,2835400.6
2463.01,1992709.83
2462.95,1957929.55

SIPHT_300_155.xml
4960.24,3692510.7
3863.96,2927880.75
2480.24,2020865.75
2480.18,1978210.45

SIPHT_300_156.xml
5146.35,3817287.65
3885.85,2937987.61
2573.29,2083303.51
2573.24,2042912.62

SIPHT_300_157.xml
5360.6,3979750.71
4194.35,3160541.4
2680.42,2163908.57
2680.36,2124771.26

SIPHT_300_158.xml
5066.13,3770297.64
3801.72,2887743.68
2533.18,2061499.72
2533.13,2019140.58

SIPHT_300_159.xml
4949.92,3703723.49
3789.51,2888440.11
2475.08,2034953.62
2476.75,1997206.24

SIPHT_300_160.xml
5257.35,3889028.56
3607.5,2748302.1
2628.79,2110143.98
2628.74,2073452.25

SIPHT_300_161.xml
5476.83,4068219.95
4310.07,3242126.6
2738.53,2218606.37
2738.47,2182280.78

SIPHT_300_162.xml
5401.16,3972548.46
4262.05,3177374.89
2700.7,2159055.84
2710.68,2119227.35

SIPHT_300_163.xml
5519.43,4085861.5
4080.9,3092602.78
2759.83,2228768.49
2759.78,2183762.48

SIPHT_300_164.xml
4886.22,3632752.2
3896.2,2943944.57
2443.23,1986912.27
2443.17,1946199.61

SIPHT_300_165.xml
4881.89,3667651.24
3938.2,2996494.57
2441.06,2019687.53
2441.01,1976002.98

SIPHT_300_166.xml
5363.66,3983735.86
4219.97,3174616.47
2681.95,2173546.97
2681.89,2134697.26

SIPHT_300_167.xml
4942.74,3673535.56
3595.35,2746308.04
2471.49,2006269.1
2471.44,1974807.97

SIPHT_300_168.xml
4967.36,3706019.51
3471.76,2670813.7
2483.8,2034864.96
2501.22,2004280.3

SIPHT_300_169.xml
5332.76,3957712.22
4151.76,3134435.72
2666.5,2159112.01
2666.44,2117449.86

SIPHT_300_170.xml
5089.12,3796321.04
4041.73,3058652.54
2544.68,2076955.77
2544.62,2037775.06

SIPHT_300_171.xml
4695.4,3525602.98
3722.78,2847104.15
2347.82,1946180.11
2347.76,1903771.96

SIPHT_300_172.xml
5068.19,3777200.71
3995.22,3030317.43
2534.21,2066317.08
2534.15,2028652.05

SIPHT_300_173.xml
4957.28,3697235.91
4341.76,3253487.46
2478.76,2029094.67
2478.7,1984638.57

SIPHT_300_174.xml
5245.01,3881517.44
3608.29,2745644.48
2622.62,2108581.68
2622.56,2070247.48

SIPHT_300_175.xml
5239.26,3873249.17
4140.9,3106399.04
2619.75,2102718.93
2619.69,2062776.52

SIPHT_300_176.xml
5423.77,4025165.26
4269.1,3216764.82
2712,2195839.07
2711.95,2150439.35

SIPHT_300_177.xml
5729.04,4231047.69
3973.63,3016618.51
2864.64,2293471.98
2864.58,2251651.48

SIPHT_300_178.xml
4753.9,3549657.67
3821.94,2894323.72
2696.29,2156120.54
2394.17,1918803.06

SIPHT_300_179.xml
5321.52,3961217.84
4099.22,3109037
2660.88,2171785.01
2660.83,2125784.1

SIPHT_300_180.xml
5077.69,3778019.42
3983.59,3007254.14
2538.96,2061153.67
2538.91,2030596.77

SIPHT_300_181.xml
5366.48,3981691.79
4226.68,3192434.22
2683.36,2172995.88
2683.3,2132979.76

SIPHT_300_182.xml
4988.83,3722417.19
3966.6,3003302.1
2494.53,2037430.3
2494.48,1997028.71

SIPHT_300_183.xml
4922.47,3672842.11
3493.01,2685841.82
2461.35,2010460
2461.3,1974027.45

SIPHT_300_184.xml
5123.26,3805285.72
4114.31,3102063.19
2561.75,2076239.87
2564.73,2039070.83

SIPHT_300_185.xml
4799.79,3579051.67
3867.78,2935508.77
2400.01,1967118.78
2399.96,1924963.2

SIPHT_300_186.xml
5134.08,3819289.31
3537.1,2711303.57
2567.16,2089587.82
2567.1,2042021.54

SIPHT_300_187.xml
5267.96,3898391.25
3963.39,2985778.55
2634.1,2124153.93
2634.04,2080910.28

SIPHT_300_188.xml
5158.4,3804877.48
3603.65,2728317.33
2579.32,2066823.2
2596.55,2040714.39

SIPHT_300_189.xml
5277.58,3932874.32
4141.78,3129233.38
2638.91,2153333.54
2640.01,2107908.91

SIPHT_300_190.xml
5463.95,4050580.46
4307.09,3235421.78
2732.09,2201512.19
2732.04,2161209.03

SIPHT_300_191.xml
4839.3,3618533.5
3568.64,2741567.14
2419.77,1986744.81
2419.71,1947784.52

SIPHT_300_192.xml
4815.54,3598360.98
3689.7,2809036.62
2407.89,1974492.29
2407.83,1935894.31

SIPHT_300_193.xml
5029.48,3729688.94
3987.56,3002423.4
2514.86,2036035.98
2514.8,1993937.3

SIPHT_300_194.xml
4929.98,3662928.59
3918.99,2952306.99
2465.11,1995563.21
2465.05,1968687.96

SIPHT_300_195.xml
5063.74,3773259.73
3882.25,2944640.67
2531.98,2055880.59
2544.63,2029267.1

SIPHT_300_196.xml
5372.7,3967290.23
4053.04,3055704.79
2686.47,2152087.18
2686.41,2119183.21

SIPHT_300_197.xml
5268.98,3918377.43
3658.2,2806828.38
2634.61,2138096.6
2634.55,2099721.77

SIPHT_300_198.xml
4937.87,3680281
3783.48,2879068.21
2469.05,2016949.23
2469,1972242.81

SIPHT_300_199.xml
4679.28,3488663.7
3517.53,2680446.32
2339.96,1908674.61
2339.7,1873970.31

SIPHT_300_200.xml
5041.45,3738155.45
3951.59,2977912.78
2520.84,2039763.11
2523.96,2003573.45

SIPHT_300_201.xml
5278.9,3925572.81
3737.44,2865197.52
2639.57,2151245.44
2639.51,2108063.62

SIPHT_300_202.xml
5040.79,3740477.08
3462.61,2648469.21
2520.51,2041616.81
2520.45,2003787.02

SIPHT_300_203.xml
5121.47,3808491.97
3940.14,2993780.44
2560.85,2077607.8
2560.8,2038273.63

SIPHT_300_204.xml
5275.1,3900608.08
4178.98,3130605.53
2637.67,2121799.8
2639.87,2082131.89

SIPHT_300_205.xml
5001.52,3719506.55
3505.67,2677778.99
2500.88,2026691.18
2500.82,1987423.5

SIPHT_300_206.xml
5196.11,3861892.31
4116.91,3103617.59
2598.17,2115966.6
2598.12,2073349.39

SIPHT_300_207.xml
5144.76,3811663.97
4118.01,3093754.49
2572.5,2063682.16
2572.44,2040758.22

SIPHT_300_208.xml
4770.16,3557287.39
3815.46,2883475.38
2385.2,1943896.53
2385.14,1907098.96

SIPHT_300_209.xml
5486.01,4065453.64
4322.61,3254079.32
2743.13,2218206.18
2743.07,2174511.69

SIPHT_300_210.xml
4700.37,3518440.67
3719.39,2831329.36
2350.3,1926067.46
2350.25,1899197.75

SIPHT_300_211.xml
4900.85,3658370.04
3586.81,2756247.2
2450.54,2009146.89
2450.49,1967757.37

SIPHT_300_212.xml
4754.03,3548670.27
3663.55,2785236.54
2377.13,1942436.67
2377.37,1908444.22

SIPHT_300_213.xml
5059.76,3737822.76
3552.86,2696685.58
2530,2029023.63
2529.94,1991760.58

SIPHT_300_214.xml
5517.33,4068956.45
3991.11,3012239.95
2758.78,2206092.03
2758.72,2162344.56

SIPHT_300_215.xml
5202.84,3828947.5
3064.44,2357101.09
2601.54,2074408.25
2601.48,2038593.86

SIPHT_300_216.xml
5083.48,3788093.75
4084.36,3079667.33
2541.86,2071206.12
2578.77,2058474.83

SIPHT_300_217.xml
5099.6,3777953.03
4051.85,3043360.78
2549.92,2062535.19
2566.49,2029452.59

SIPHT_300_218.xml
4682.57,3501347.32
3605.13,2747698.95
2341.4,1923412.03
2343.69,1888619.85

SIPHT_300_219.xml
4731.06,3541862.67
3813.47,2892984.96
2365.65,1950809.16
2365.59,1906995.98

SIPHT_300_220.xml
4739.61,3555324.12
3669.41,2804720.16
2369.92,1955113.98
2387.22,1932396.67

SIPHT_300_221.xml
5269.89,3912058.33
3940.85,2987027.96
2635.06,2134929.94
2635,2091978.32

SIPHT_300_222.xml
4505.09,3363346.37
3644.85,2759960.16
2252.67,1839298.21
2252.61,1804557.51

SIPHT_300_223.xml
4809.58,3603319.14
3838.26,2918561.29
2404.91,1974175.74
2421.98,1950516.24

SIPHT_300_224.xml
5419.51,3994490.12
4259.96,3180109.72
2709.87,2166045.21
2709.81,2130377.95

SIPHT_300_225.xml
5328.77,3947210.77
4175.96,3147895.81
2664.5,2152581.36
2664.44,2112423.67

SIPHT_300_226.xml
5153.43,3825092.35
3719.52,2820504.65
2576.83,2078598.67
2576.95,2040433.73

SIPHT_300_227.xml
5104.48,3779466.15
3977.95,2996118.85
2552.36,2059874.64
2552.3,2022138.53

SIPHT_300_228.xml
5157.93,3821259.5
4060.37,3052898.12
2579.08,2082923.9
2585.5,2044346.86

SIPHT_300_229.xml
5023.91,3734450.84
3982.74,3001775.11
2512.07,2040341.44
2522.21,2010405.52

SIPHT_300_230.xml
5216.7,3898652.32
3656.58,2824165.41
2608.47,2147007.81
2616.39,2107944.01

SIPHT_300_231.xml
4953.45,3680571.73
3337.5,2563706.25
2476.84,2005290.54
2481.88,1974618.01

SIPHT_300_232.xml
5291.39,3913844.37
3638.48,2773187.27
2645.81,2130249.05
2646.43,2088529.66

SIPHT_300_233.xml
4878.77,3602858.22
3876.4,2909416.11
2439.5,1962178.77
2439.45,1923360.43

SIPHT_300_234.xml
5141.33,3792067.39
3527.76,2674153.41
2570.78,2054925.66
2570.73,2018785.49

SIPHT_300_235.xml
5258.03,3890205.07
4109.78,3087392.98
2629.13,2119430.81
2629.07,2073470.03

SIPHT_300_236.xml
5183.54,3841697.92
4134.3,3111759.37
2591.89,2097128.21
2591.83,2056945.61

SIPHT_300_237.xml
5062.78,3753176.39
3885.38,2934344.59
2531.51,2045677.25
2540.24,2015168.41

SIPHT_300_238.xml
5082.71,3778750.29
3609.78,2762580.71
2541.47,2061371.48
2564.95,2042681.81

SIPHT_300_239.xml
5376.89,3984397.07
4122.73,3111880.63
2688.56,2171950.19
2688.5,2129412.78

SIPHT_300_240.xml
5042.86,3743702.24
3494.96,2664692.54
2521.55,2039839.62
2521.49,2003278.67

SIPHT_300_241.xml
4961.57,3707238.63
3792.4,2884009.45
2481.23,2033852.63
2480.84,1991507.28

SIPHT_300_242.xml
5371.11,3961390.05
4062.4,3047512.62
2685.67,2150520.33
2685.61,2108311.61

SIPHT_300_243.xml
5195.17,3850049.55
3892.76,2946260.21
2597.7,2093752.24
2597.65,2057653.45

SIPHT_300_244.xml
5000.01,3721942.57
3893.63,2943529.52
2500.12,2036191.34
2500.07,1994654.83

SIPHT_300_245.xml
4692.85,3504881.14
3347.56,2567029.82
2346.54,1916999.56
2363.53,1892504.16

SIPHT_300_246.xml
5173.92,3830245.67
3462.31,2652140.52
2587.08,2083654.95
2587.02,2048680.88

SIPHT_300_247.xml
5416.95,4020528.33
3823.66,2906704
2708.59,2197227.31
2708.53,2152552.79

SIPHT_300_248.xml
5196.06,3870343.06
3871.05,2951717.61
2598.15,2121766.52
2602.14,2081902.17

SIPHT_300_249.xml
5372.92,4000221.48
4251.83,3213681.07
2686.58,2190972.71
2686.52,2148071.75

SIPHT_300_250.xml
4784.57,3591369.95
3711.44,2842382.68
2713.15,2196342.2
2392.34,1939329.59

SIPHT_300_251.xml
4712.42,3499231.47
3798.89,2864114.49
2356.55,1913319.12
2356.27,1880087.21

SIPHT_300_252.xml
5092.65,3775700.36
4035,3033767.06
2546.44,2053915.3
2546.39,2017355.3

SIPHT_300_253.xml
4508.18,3372410.79
3583.52,2720028.87
2645.2,2117646.92
2254.15,1814236.47

SIPHT_300_254.xml
5032.6,3749238.32
3965.85,3008345.16
2516.42,2053517.49
2516.36,2023359.12

SIPHT_300_255.xml
5162.64,3825790.25
3787.4,2862899.91
2581.44,2083259.9
2581.38,2043875.76

SIPHT_300_256.xml
4761.24,3557189.93
3817.17,2895480.47
2380.74,1944466.69
2380.68,1917065.04

SIPHT_300_257.xml
5172.17,3851130.98
4083.84,3083525.83
2586.2,2100902.7
2586.15,2061974.22

SIPHT_300_258.xml
4689.09,3511781.44
3678.61,2798599.78
2344.66,1920314.85
2344.6,1888205.32

SIPHT_300_259.xml
4793.99,3581883.68
3816.06,2899659.3
2397.11,1971426.21
2397.06,1933419.3

SIPHT_300_260.xml
5307.41,3941161.92
4212.97,3165898.63
2653.82,2147517.46
2653.77,2104605.79

SIPHT_300_261.xml
5356.37,4010749.57
3619.18,2805655.68
2678.3,2201303.3
2678.25,2158377.19

SIPHT_300_262.xml
4697.87,3513273.3
3329.69,2562158.38
2616.52,2105469.76
2349,1890316.12

SIPHT_300_263.xml
5011.93,3718254.2
3483.65,2664217.59
2506.08,2028814.93
2506.03,1990000.98

SIPHT_300_264.xml
4970.57,3722618.7
3626.53,2789764.46
2485.4,2047341.94
2485.35,2010637.55

SIPHT_300_265.xml
4837.22,3616656.1
3705.86,2824672.06
2418.73,1981459.9
2419.28,1947389.87

SIPHT_300_266.xml
4927.23,3678675.86
3810.83,2889731.12
2463.73,2018356.42
2463.68,1976334.71

SIPHT_300_267.xml
5014.28,3733374.19
3984.25,3010255.4
2507.26,2040707.17
2507.2,2005061.52

SIPHT_300_268.xml
5163.94,3821343.28
3535.98,2700990.21
2582.09,2083732.55
2582.03,2043808.54

SIPHT_300_269.xml
5171.04,3844176.69
4040.7,3047131.93
2585.64,2096626.94
2585.58,2060428.52

SIPHT_300_270.xml
5070.84,3761269.05
3476.29,2650282.78
2535.54,2038811.97
2552.73,2016853.96

SIPHT_300_271.xml
5140.55,3812739.68
4025.9,3034074.71
2570.39,2085133.68
2570.33,2041831.04

SIPHT_300_272.xml
5223.65,3848826.44
4098.66,3065283.81
2611.94,2090667.98
2613.85,2052792.15

SIPHT_300_273.xml
4731.46,3511485.44
3663.44,2768255.01
2365.85,1915229.99
2383.3,1892361.49

SIPHT_300_274.xml
5288.4,3939973.16
4180.48,3163621.98
2644.32,2156148.79
2645.27,2113978.54

SIPHT_300_275.xml
4919.92,3658228.86
3911.87,2948760.07
2460.08,1998908.68
2477.38,1969468.44

SIPHT_300_276.xml
4695.86,3501600.37
3799.89,2874159.75
2348.05,1916976.61
2347.99,1881622.11

SIPHT_300_277.xml
5192.89,3861017.96
4124.27,3110515.18
2596.79,2108864.18
2599.1,2068753.31

SIPHT_300_278.xml
5404.41,4001427.02
4278.07,3215755.7
2702.32,2183404.18
2713.3,2144822.59

SIPHT_300_279.xml
5110.03,3802068.38
3816.82,2902123.47
2555.13,2080188.35
2555.07,2035940.58

SIPHT_300_280.xml
5006.66,3726284.61
3402.82,2620543.86
2503.45,2035318.85
2503.39,2004611.79

SIPHT_300_281.xml
5127.49,3820310.82
4057.49,3065982.24
2563.86,2086151.93
2565.62,2049764.27

SIPHT_300_282.xml
5168.95,3833392.77
3566.48,2726577.5
2584.59,2086741.7
2585.88,2050045.04

SIPHT_300_283.xml
4839.26,3639946.78
3667.43,2820580.64
2419.75,2005610.05
2419.69,1966393.75

SIPHT_300_284.xml
4642.74,3466383.18
3684.79,2795840.98
2321.49,1897223.37
2321.43,1863204.75

SIPHT_300_285.xml
5066.33,3769845.52
3920.92,2975622.79
2533.28,2061346.36
2533.23,2022559.8

SIPHT_300_286.xml
5437.21,4020574.97
4271,3210038.46
2718.73,2188890.44
2743.29,2162004.35

SIPHT_300_287.xml
5093.74,3793323.07
3871.57,2935947.5
2546.99,2079571.92
2546.93,2043542.28

SIPHT_300_288.xml
5023.25,3721697.1
3558.06,2712665.46
2511.75,2031704.48
2511.69,1989202.73

SIPHT_300_289.xml
5069.55,3768788.06
4037.17,3042751.18
2534.9,2053501
2537.39,2017252.22

SIPHT_300_290.xml
4974.83,3704530.73
3435.94,2641313.7
2487.53,2030862.77
2489.73,1988588.76

SIPHT_300_291.xml
4820.94,3585972.95
3763.14,2851135.04
2410.59,1967855.37
2412.81,1924367.13

SIPHT_300_292.xml
5263.57,3901087.85
4128.47,3102670.87
2631.9,2128159.57
2631.84,2083166.22

SIPHT_300_293.xml
5311.8,3946707.71
3717.5,2847361.24
2656.02,2161836.27
2655.96,2114873.14

SIPHT_300_294.xml
5071.3,3765201.01
3683.92,2796258.35
2535.77,2055746.76
2535.71,2013283.47

SIPHT_300_295.xml
4966.59,3720132.02
3801.52,2907006.56
2483.41,2052340.36
2483.36,2006226.42

SIPHT_300_296.xml
4831.76,3620886.74
3671.83,2810036.34
2416,1991383.8
2422.4,1955759.71

SIPHT_300_297.xml
5230.97,3887687.09
4600.39,3425114.66
2615.6,2118405.09
2619,2084671.61

SIPHT_300_298.xml
5014.01,3742420.47
3785.75,2886131.05
2507.12,2054274.79
2507.07,2008622.48

SIPHT_300_299.xml
4942.42,3692750.62
3902.23,2963511.83
2471.33,2028872.39
2471.27,1988171.98

SIPHT_300_300.xml
4468.67,3371381.85
3541.14,2716179.46
2234.45,1859050
2235.91,1825238.35

SIPHT_300_301.xml
5240.15,3873792.61
4056.1,3049395.84
2620.19,2107386.54
2620.14,2068197.9

SIPHT_300_302.xml
4949.38,3681545.47
3818.57,2888790.41
2474.81,2016982.1
2474.75,1973417.76

SIPHT_300_303.xml
5190.16,3858806.61
4083.24,3083155.17
2595.2,2112500.09
2595.14,2066981.38

SIPHT_300_304.xml
5053.71,3774730.36
3670.77,2805950.97
2526.98,2071452.5
2526.92,2029030.35

SIPHT_300_305.xml
4826.36,3604565.83
3753.17,2851801.73
2413.3,1973254.55
2463.76,1968339.24

SIPHT_300_306.xml
5160.36,3857147
3994.65,3038952.02
2580.3,2115101.81
2582.8,2070550.41

SIPHT_300_307.xml
5190.65,3853888.96
3806.04,2891330.28
2595.44,2103433.57
2595.38,2061612.21

SIPHT_300_308.xml
5026.47,3758296.23
3938.39,3000164.86
2513.36,2066385.82
2513.29,2022848.31

SIPHT_300_309.xml
4210.36,3176808.18
3368.46,2584764.84
2105.3,1755298.32
2105.24,1723902.96

SIPHT_300_310.xml
5333.71,3965701.27
3797.45,2900807.73
2666.98,2167817.11
2666.92,2125520.38

SIPHT_300_311.xml
4214.74,3161015.71
3317.69,2526519.46
2394.1,1926341.44
2107.43,1698771.77

SIPHT_300_312.xml
5114.04,3790387.6
3810.81,2886768.91
2557.14,2063388.99
2557.08,2024491.89

SIPHT_300_313.xml
5077.98,3777809.42
3456.12,2646520.66
2539.11,2057035.61
2542.29,2025677.83

SIPHT_300_314.xml
5255.25,3898577.17
3664.83,2796866.42
2627.74,2121961.56
2644.11,2096524.76

SIPHT_300_315.xml
5105.64,3807199.03
4075.29,3087734.48
2552.94,2086196.05
2552.88,2039897.93

SIPHT_300_316.xml
5187.34,3830913.84
4041.9,3034369.61
2593.79,2078191.69
2593.73,2040336.56

SIPHT_300_317.xml
4962.11,3700486.39
3930.96,2982190.22
2481.18,2031501.71
2490.7,1999822.4

SIPHT_300_318.xml
5197.17,3874060.11
3534.82,2723154.15
2598.71,2118654.69
2598.65,2080860.05

SIPHT_300_319.xml
4947.57,3696940.33
3746.42,2855877.85
2473.9,2026078.47
2473.84,1986440.86

SIPHT_300_320.xml
5367.63,3961616.98
4283.06,3193283.37
2683.93,2152413.93
2683.88,2108170.96

SIPHT_300_321.xml
4656.57,3469053.93
3780.81,2855157.51
2328.4,1891741.38
2328.35,1859223.2

SIPHT_300_322.xml
4778.51,3568440.31
3788.11,2875832.66
2389.37,1965198.63
2390.65,1919408.87

SIPHT_300_323.xml
5300.56,3938720.6
3998.63,3023139.9
2663.02,2155399.49
2650.34,2107102.32

SIPHT_300_324.xml
5203.72,3874605.87
3863.95,2939429.03
2601.98,2108765.31
2601.92,2070320.09

SIPHT_300_325.xml
5051.15,3770209.63
3519.02,2711233.53
2525.69,2068045.52
2525.64,2023309.89

SIPHT_300_326.xml
4899.28,3654941.32
3880.99,2939682.54
2449.76,2001679.73
2449.7,1964193.63

SIPHT_300_327.xml
5386.68,3969745.14
4228.29,3163990.9
2693.46,2153288.29
2693.4,2121333.82

SIPHT_300_328.xml
4842.74,3615712.13
3746.33,2840350.1
2421.49,1972583.27
2421.43,1940261.35

SIPHT_300_329.xml
5260.17,3892827.38
4064.81,3058475.88
2630.2,2124179.59
2630.15,2079944.42

SIPHT_300_330.xml
5106.64,3794102.08
3969.44,2997500.95
2553.44,2068242.08
2553.38,2026875.9

SIPHT_300_331.xml
5085.11,3814602.26
3927.91,3003588.95
2542.67,2101994
2542.61,2060095.5

SIPHT_300_332.xml
5241.25,3919144.38
4040.21,3074962.07
2620.74,2147449.98
2620.69,2103019.58

SIPHT_300_333.xml
5094.76,3777141.19
3996.98,3003023.75
2547.5,2060124.47
2547.44,2012779.75

SIPHT_300_334.xml
4772.28,3559904.27
3335.3,2558881.16
2386.26,1948819.56
2386.2,1912185.66

SIPHT_300_335.xml
5169.1,3822164.41
3541.46,2697049.83
2584.67,2081728.27
2584.61,2040326.58

SIPHT_300_336.xml
5128.36,3803547.66
4076.1,3063162.55
2564.3,2076094.8
2564.24,2034619.75

SIPHT_300_337.xml
5149.83,3828450.87
4037.17,3043763.55
2575.03,2082628.71
2574.98,2044725.91

SIPHT_300_338.xml
5150.53,3836889.25
3827.16,2925301.34
2575.38,2107566.36
2579.08,2068321.76

SIPHT_300_339.xml
5169.96,3833196.5
4030.19,3040698.69
2585.1,2096500.59
2589.81,2054377.2

SIPHT_300_340.xml
5071.57,3780574.27
3587.98,2757927.14
2535.9,2071871.46
2535.85,2025931.69

SIPHT_300_341.xml
4899.61,3654155.48
3413.51,2627755.11
2449.92,2001543.15
2451.49,1963270.76

SIPHT_300_342.xml
5157.05,3823476.5
4012.71,3021528.41
2578.64,2078873.68
2578.59,2037512.68

SIPHT_300_343.xml
4720.45,3532694.11
3592,2743017.57
2360.34,1934396.69
2360.29,1899468.4

SIPHT_300_344.xml
5303.49,3930328.91
4251.16,3188507.94
2651.86,2137826
2651.81,2101227.24

SIPHT_300_345.xml
5349.19,3958762.41
4184.09,3138619.49
2674.71,2150255.42
2674.65,2114270.51

SIPHT_300_346.xml
5153.88,3833532.79
3970.72,3007087.3
2577.06,2093721.06
2577,2055968.18

SIPHT_300_347.xml
5186.75,3852882.42
4089.02,3083003.89
2593.49,2105456.23
2608.56,2070254.02

SIPHT_300_348.xml
4587.88,3432789.51
3404.33,2611131.16
2294.06,1882641.6
2294,1850282.73

SIPHT_300_349.xml
5271,3906994.92
3714.77,2834954.51
2635.62,2138629.74
2635.56,2091570.17

SIPHT_300_350.xml
4670.36,3496482.66
3203.3,2485334.82
2335.3,1921935.96
2335.24,1880006.45

SIPHT_300_351.xml
5248.03,3907252.26
3863.19,2940666.36
2624.13,2137996.7
2624.07,2095779.55

SIPHT_300_352.xml
4922.36,3670403.21
3691.62,2810604.63
2461.3,2010321.04
2461.24,1975104.79

SIPHT_300_353.xml
5300.33,3918919.29
4146.21,3108130.36
2650.28,2132300.39
2651.75,2092823.89

SIPHT_300_354.xml
4766.43,3549677.79
3617.41,2746860.02
2383.33,1939670.34
2383.28,1904627.22

SIPHT_300_355.xml
5155.48,3835578.75
3963.3,3002493.11
2577.86,2098213.55
2577.8,2056211.43

SIPHT_300_356.xml
5203.37,3849647.82
4063.64,3053767.73
2601.8,2091968.87
2601.75,2051674.57

SIPHT_300_357.xml
4280.78,3207964.87
3415.05,2601693.41
2140.51,1767459.17
2140.46,1729996.04

SIPHT_300_358.xml
4898.43,3646394.43
3575.47,2730256.23
2449.33,1992850.16
2454.15,1960753.41

SIPHT_300_359.xml
5123.84,3798995.67
3614.57,2755401.19
2562.04,2067653.79
2561.98,2035265.87

SIPHT_300_360.xml
5351.37,3972126.2
3717.53,2845772.74
2675.8,2175948.29
2675.75,2134286.68

SIPHT_300_361.xml
5218.46,3899811.52
4115.49,3122449.06
2609.35,2139462.04
2609.29,2096860.11

SIPHT_300_362.xml
4894.73,3637754.42
3434.7,2626857.52
2447.48,1992007.21
2447.43,1951575.53

SIPHT_300_363.xml
5269.91,3927976.66
4114.47,3121768.23
2635.07,2149654.13
2635.01,2109536.09

SIPHT_300_364.xml
5018.8,3712644.85
3875.16,2918721.63
2509.52,2029990.25
2509.46,1989761.83

SIPHT_300_365.xml
4947.41,3673903.12
3715.57,2815809.93
2473.82,2006428.13
2473.77,1964198.93

SIPHT_300_366.xml
4681.54,3498204.89
3709.95,2817289.06
2340.89,1912533.3
2340.83,1880209.72

SIPHT_300_367.xml
4547.54,3393083.75
3569.58,2704156.86
2273.89,1859837.8
2276.24,1825774.45

SIPHT_300_368.xml
5295.42,3941853.7
4151.91,3143409.39
2647.83,2155383.7
2647.77,2113803.59

SIPHT_300_369.xml
5345.4,3945646.02
4243.39,3179892.67
2672.82,2146650.84
2690.11,2114778.32

SIPHT_300_370.xml
4727.4,3537123.69
3678.81,2801638.38
2363.82,1937644.63
2363.76,1905423.42

SIPHT_300_371.xml
5280.07,3909208.05
3528.48,2693739.85
2640.15,2120135.91
2640.09,2087271.06

SIPHT_300_372.xml
5166.68,3848933.48
3502.8,2694207.42
2583.46,2103884.69
2583.4,2059001.57

SIPHT_300_373.xml
5191.08,3858883.1
4030.98,3043214.3
2595.91,2108952.98
2612.89,2081139.08

SIPHT_300_374.xml
4892.51,3656263.89
3880.35,2953922.34
2446.37,2006061.52
2446.31,1971497.44

SIPHT_300_375.xml
5048.69,3751248
3931.05,2968940.92
2524.46,2041291.78
2524.41,2010566.75

SIPHT_300_376.xml
4933.52,3682116.91
3889.9,2948612.59
2466.88,2013719.05
2466.82,1977350.39

SIPHT_300_377.xml
5196.97,3861550.31
4137.75,3119552.98
2598.6,2110072.8
2598.54,2070412.42

SIPHT_300_378.xml
4729.5,3510360.53
3318.08,2536874.97
2364.87,1920240.89
2364.81,1879883.49

SIPHT_300_379.xml
4866.06,3628832.1
3876.45,2926989.19
2433.1,1984197.02
2450.67,1957048.03

SIPHT_300_380.xml
5121.98,3792033.67
3624.42,2748418.15
2561.11,2059758.97
2561.05,2021819.65

SIPHT_300_381.xml
5176.19,3834216.93
3832.23,2902560.27
2588.21,2091048.92
2588.16,2053257.01

SIPHT_300_382.xml
4865.32,3622006.43
3796.95,2874119.5
2432.78,1986729.27
2432.72,1948072.35

SIPHT_300_383.xml
4910.3,3655110.19
3333.14,2562443.48
2455.27,1996090.82
2455.21,1958701.66

SIPHT_300_384.xml
5087.55,3771763.33
3467.73,2653377.68
2543.89,2052393.56
2548.95,2020379.73

SIPHT_300_385.xml
5412.49,4017669.48
4038.32,3066322.39
2706.36,2189216.6
2706.31,2147832.95

SIPHT_300_386.xml
5378.82,3984576.7
3621.18,2762034.73
2689.53,2157478.63
2689.47,2127474.88

SIPHT_300_387.xml
5055.56,3771577.97
3985.98,3024243.8
2527.9,2066670.29
2532.81,2031161.55

SIPHT_300_388.xml
5283.03,3927242.81
4026.22,3053331.13
2641.63,2143375.9
2643.46,2111170.91

SIPHT_300_389.xml
4878.88,3635463.44
3575.43,2730037.76
2439.56,1985223.86
2439.5,1946849.5

SIPHT_300_390.xml
5206.62,3873069.47
4089.79,3085664.37
2603.43,2118858.49
2603.37,2074294.92

SIPHT_300_391.xml
4690.9,3503318.6
3551.55,2712712.77
2345.57,1922503.69
2345.53,1886093.79

SIPHT_300_392.xml
5113.42,3802922.65
4087.25,3080684.89
2556.83,2077950.49
2556.77,2034687.9

SIPHT_300_393.xml
5413.59,4009649.6
4254.36,3197815.92
2706.91,2180269.8
2706.86,2139681.98

SIPHT_300_394.xml
5616.67,4149808.43
4446.22,3330634.59
2808.45,2253931.71
2808.4,2211189.01

SIPHT_300_395.xml
5358.98,3950512.43
4227.13,3169770.29
2679.61,2146399.49
2679.55,2111847.17

SIPHT_300_396.xml
5276.47,3919654.52
4110.6,3102437.95
2638.35,2134253.88
2638.3,2096031.33

SIPHT_300_397.xml
5462.43,4048162.08
3726.72,2842179.68
2731.33,2199884.56
2731.28,2163107.85

SIPHT_300_398.xml
5209.75,3875780.76
3614.84,2772000.75
2604.99,2119741.78
2604.94,2080155.23

SIPHT_300_399.xml
5125.17,3784712.45
4083.99,3059241.95
2562.7,2056143.71
2562.65,2019989.18

SIPHT_300_400.xml
5019.48,3732161.59
3475.57,2660433.18
2509.86,2035744.51
2509.8,2000094.61

SIPHT_300_401.xml
4813.36,3613419.07
3355.77,2601922.22
2406.8,1994401.16
2413.56,1956345.35

SIPHT_300_402.xml
5440.71,4025802.09
4302.46,3229291.74
2720.47,2188056.67
2720.42,2150394.94

SIPHT_300_403.xml
5230.42,3858359.04
4129.01,3093255.83
2615.33,2093867.27
2615.32,2054187.3

SIPHT_300_404.xml
5121.77,3816162.44
4053.39,3074351.99
2561,2094182.74
2560.95,2051890.37

SIPHT_300_405.xml
5111.01,3795706.67
4024.8,3032388.59
2555.62,2072276.19
2555.57,2028767.86

SIPHT_300_406.xml
5152.7,3828816.22
4109.14,3095395.42
2576.47,2089608.07
2577.18,2057034.92

SIPHT_300_407.xml
5599.91,4176783.95
4228.4,3222001.92
2800.07,2284697.93
2800.02,2243533.52

SIPHT_300_408.xml
5348.19,3962979.91
4259.48,3198203.29
2674.21,2154111.62
2674.16,2113283.69

SIPHT_300_409.xml
4777.59,3573879.75
3289.37,2541510.42
2388.91,1957451.35
2388.86,1922073.19

SIPHT_300_410.xml
5012.27,3727501.07
3906.56,2953084.09
2506.25,2036112.71
2506.2,1989535.67

SIPHT_300_411.xml
5276.19,3906083.34
3586.14,2731478.06
2638.22,2119779.63
2638.16,2082646.63

SIPHT_300_412.xml
4641.01,3460490.01
3690.47,2788625.79
2320.62,1895891.77
2329.32,1862548.28

SIPHT_300_413.xml
5518.27,4083724.68
4356.62,3275951.57
2759.25,2220042.92
2759.2,2179617.67

SIPHT_300_414.xml
5173.79,3838701.28
3513.9,2694459.03
2587.01,2097231.07
2586.95,2051375.77

SIPHT_300_415.xml
4852.42,3634284.35
3737.9,2851867.63
2426.33,1991932.28
2426.27,1956978.36

SIPHT_300_416.xml
5156.35,3833211.13
3743.78,2843498.05
2578.29,2089607.65
2578.23,2053026.91

SIPHT_300_417.xml
5349.4,3959350.86
4222.84,3174311.85
2674.82,2144179.12
2674.76,2111915.61

SIPHT_300_418.xml
5127.31,3808337.41
3972.31,3001096.31
2563.77,2080666.39
2563.72,2041481.01

SIPHT_300_419.xml
5103.34,3793296.4
4005.65,3023533.93
2551.79,2071208.75
2551.73,2031926.1

SIPHT_300_420.xml
5089.65,3772923.76
4029.06,3027102.08
2544.94,2056337.28
2544.89,2020585.59

SIPHT_300_421.xml
5300.25,3937189.96
3569.13,2737815.52
2650.24,2149301.43
2665.27,2118300.69

SIPHT_300_422.xml
5125.58,3797890.26
3429.21,2624243.11
2562.91,2060798.47
2562.85,2023459.27

SIPHT_300_423.xml
4845.69,3598896.76
3394.16,2591064.34
2422.96,1963538.49
2422.9,1930225.2

SIPHT_300_424.xml
5380.93,4012644.93
4138.23,3138323.06
2690.58,2195218.03
2693.33,2159620.01

SIPHT_300_425.xml
5040.84,3731121.84
3968.18,2979538.94
2520.54,2027668.15
2520.48,1992828.73

SIPHT_300_426.xml
5111.59,3792837.59
3575.52,2733172.94
2555.91,2073140.54
2555.86,2033551.26

SIPHT_300_427.xml
4630.15,3446475.78
3713.94,2803373.18
2315.19,1882746.78
2315.14,1845661.6

SIPHT_300_428.xml
5172.43,3819625.66
3282.4,2521878.75
2586.33,2083820.57
2588.86,2046122.84

SIPHT_300_429.xml
4630.83,3443454.22
3672.09,2770225.44
2315.53,1878076.34
2315.47,1849378.03

SIPHT_300_430.xml
5306.22,3933009.97
4029.7,3043048.22
2653.23,2146058.51
2653.17,2101542.85

SIPHT_300_431.xml
5250.24,3911555.17
3944.87,3003082.8
2625.24,2146460.44
2625.18,2104961.55

SIPHT_300_432.xml
5441.71,4025570.83
4282.79,3218544.29
2720.97,2198830.9
2720.92,2152014.61

SIPHT_300_433.xml
5203.62,3874860.7
4124.46,3117212.41
2601.93,2118623.06
2601.87,2076307.33

SIPHT_300_434.xml
5086.92,3771992.92
3909.98,2947158.25
2543.58,2050521.19
2543.52,2016176.93

SIPHT_300_435.xml
4507.05,3380491.36
3617.48,2753483.48
2253.64,1858492.82
2253.59,1822946.33

SIPHT_300_436.xml
5082.11,3795875.89
4035.45,3063563.13
2541.18,2082769
2541.12,2038733.37

SIPHT_300_437.xml
4716.5,3525573.21
3503.33,2678746.14
2358.37,1940205
2358.31,1901080.65

SIPHT_300_438.xml
5206.81,3863437.75
3812.77,2894672.94
2603.52,2100907.73
2620.87,2073906.68

SIPHT_300_439.xml
5091.4,3752483.91
3465.11,2634951.24
2545.82,2040948.88
2562.99,2011332.16

SIPHT_300_440.xml
5140.78,3815697.51
4036.04,3046879.21
2570.51,2081280.79
2570.45,2041630.4

SIPHT_300_441.xml
5007.89,3753859.35
3890.36,2969123.12
2504.06,2059988.25
2504.01,2023074.44

SIPHT_300_442.xml
5035.79,3775926.81
3992.69,3036026.03
2518.01,2070769.07
2517.96,2032966.79

SIPHT_300_443.xml
4972.17,3715884.06
3525.53,2709420.92
2486.2,2032602.94
2486.14,1999106.92

SIPHT_300_444.xml
4910.04,3653446.39
3840.67,2906996.02
2455.14,1992292.39
2455.08,1957741.01

SIPHT_300_445.xml
4901.72,3658217.19
3900.95,2958710.91
2450.98,1998933.18
2450.92,1964870.01

SIPHT_300_446.xml
5200.41,3847564.19
3664.22,2791432.64
2600.32,2094748.2
2615.51,2069394.47

SIPHT_300_447.xml
4601.79,3437309.29
3682.05,2787363.32
2301.01,1878228.03
2300.96,1846167.47

SIPHT_300_448.xml
5354.86,3976202.3
3940.11,2986816.53
2677.55,2175119.49
2677.49,2131817.32

SIPHT_300_449.xml
5164.17,3824347.04
3586.52,2745980.14
2582.2,2085815.21
2582.15,2042398.88

SIPHT_300_450.xml
4941.01,3675317.6
3327.35,2559682.59
2470.62,2007640.19
2514.62,2004054.28

SIPHT_300_451.xml
5382.26,3980593.99
4217.66,3167782.77
2691.45,2171051.65
2691.19,2126367.12

SIPHT_300_452.xml
5150.16,3847026.31
4080.17,3102686.17
2575.2,2115974.05
2575.14,2073228.08

SIPHT_300_453.xml
5225.52,3891033.99
4078.3,3089861.39
2612.88,2130960.61
2612.82,2092997.3

SIPHT_300_454.xml
5128.77,3817191.19
4010.36,3030631.78
2564.5,2082959.73
2564.45,2045327.51

SIPHT_300_455.xml
5131.99,3828689.48
3460.7,2674888.31
2566.11,2098266.6
2568.95,2055992.08

SIPHT_300_456.xml
5322.97,3943173.79
3697.11,2822067.88
2661.6,2153537.68
2661.55,2110600

SIPHT_300_457.xml
5156.98,3837886.97
3736.39,2850364.27
2762.64,2225014.7
2578.55,2058573.22

SIPHT_300_458.xml
4972.75,3700725.98
3850.15,2925771.93
2486.49,2030055.66
2486.44,1988657.13

SIPHT_300_459.xml
5309.23,3922951.68
4188.11,3140483.04
2654.73,2142201.03
2654.93,2094605.21

SIPHT_300_460.xml
5317.46,3958244.69
4149.46,3132787.84
2659.2,2158718.71
2658.79,2118752.19

SIPHT_300_461.xml
5012.85,3730000.36
3887.47,2945868.18
2506.54,2039593.98
2506.48,1999439.93

SIPHT_300_462.xml
5115.83,3805665.04
3694.59,2818966.82
2558.03,2081116.08
2557.97,2048454.38

SIPHT_300_463.xml
4924.91,3682815.61
3917.92,2969442.26
2462.57,2018542.64
2462.52,1979745.47

SIPHT_300_464.xml
5253.82,3886283.5
4122.68,3097126.83
2627.03,2113216.67
2626.97,2072072.25

SIPHT_300_465.xml
5329.49,3954923.5
3700.5,2828686.71
2664.86,2155610.88
2664.81,2115675.39

SIPHT_300_466.xml
5021.9,3736219.38
3983.34,3003367.74
2511.07,2032073.1
2511.01,2000310.58

SIPHT_300_467.xml
5204.34,3872324.21
3926.86,2978567.03
2602.29,2116838.82
2604.67,2076009.07

SIPHT_300_468.xml
5483.94,4056009.58
3740.8,2849330.54
2742.09,2207179.28
2743.07,2162649.71

SIPHT_300_469.xml
4111.65,3080317.14
3396.44,2577385.18
2055.94,1694220.07
2056.5,1658241.29

SIPHT_300_470.xml
4964.4,3690255.32
3930.02,2962804.22
2482.32,2010614.31
2482.26,1972323.43

SIPHT_300_471.xml
5151.79,3826367.65
3937.46,2972107.27
2576.01,2086226.74
2575.96,2046495.65

SIPHT_300_472.xml
5310.02,3948243.91
4122.68,3111654.7
2655.13,2156384.91
2655.07,2114650.65

SIPHT_300_473.xml
4974.61,3707242.09
3540.17,2710510.82
2487.42,2024991.04
2487.37,1988571.48

SIPHT_300_474.xml
4730.35,3512222.6
3743.48,2826283.35
2365.29,1909714.55
2365.24,1879068.89

SIPHT_300_475.xml
5045.09,3749736.12
3956.47,2986272.8
2522.66,2049984.12
2522.61,2004732.22

SIPHT_300_476.xml
5151.66,3849449.62
3615.65,2786821.56
2575.95,2107813.63
2593.52,2080418.79

SIPHT_300_477.xml
4643.23,3465594
3728.04,2812205.48
2321.73,1894769.76
2339.24,1869686.63

SIPHT_300_478.xml
5183.06,3844238.25
3976.35,3006415.5
2591.65,2098150.14
2591.59,2057486.26

SIPHT_300_479.xml
4860.92,3620516.65
3372.97,2593432.84
2430.58,1975116.16
2430.52,1942258.28

SIPHT_300_480.xml
5273.29,3933525.48
3885.38,2970301.38
2636.76,2155457.98
2636.71,2111275.3

SIPHT_300_481.xml
5307.39,3940842.78
3997.19,3024855.91
2653.81,2146762.05
2653.75,2108083.27

SIPHT_300_482.xml
4620.75,3461440.87
3527.62,2700589.61
2593.55,2091248.69
2310.44,1864575

SIPHT_300_483.xml
5099.63,3801186.25
3472.85,2673821.66
2549.93,2079431.71
2549.88,2041359.95

SIPHT_300_484.xml
5215.59,3874143.53
4082.45,3084519.8
2607.91,2110714.58
2607.86,2076858.32

SIPHT_300_485.xml
4726.09,3536904.5
3534.97,2702974.98
2363.16,1935027.88
2363.1,1907272.15

SIPHT_300_486.xml
4869.68,3650855.42
3878.2,2952643.38
2434.96,2008470.83
2434.9,1964339.83

SIPHT_300_487.xml
4987.91,3697927.41
3311.7,2548411.88
2494.07,2014296.71
2494.68,1982547.5

SIPHT_300_488.xml
5042.72,3753700.13
3985.46,3000522.56
2521.48,2047023.78
2522.46,2007301.42

SIPHT_300_489.xml
5050.09,3759923.02
4022.39,3033070.51
2525.16,2048369.11
2525.66,2011044.61

SIPHT_300_490.xml
5143.75,3813435.7
3525.07,2694652.49
2572,2063008.92
2571.94,2036197.26

SIPHT_300_491.xml
5296.58,3916036.16
3616.48,2757923.01
2648.41,2130542.08
2648.35,2086840.98

SIPHT_300_492.xml
4687.69,3505961.55
3518.78,2692046.22
2343.96,1920728.65
2346.64,1887682.78

SIPHT_300_493.xml
4970.03,3724388.58
3714.43,2846983.92
2485.13,2039839.77
2485.08,2000717.95

SIPHT_300_494.xml
5192.13,3853103.52
3932.16,2978999.14
2596.18,2103143.27
2596.13,2060592.35

SIPHT_300_495.xml
4458.77,3349988.58
3526.43,2694356.3
2229.5,1842001.49
2229.45,1809632.05

SIPHT_300_496.xml
5300.82,3960113.15
3699.58,2850318.05
2650.53,2179102.27
2650.47,2132478.6

SIPHT_300_497.xml
5162.44,3846464.4
3788.93,2888432.64
2581.34,2105313.67
2581.28,2067288.77

SIPHT_300_498.xml
5252.95,3887655.61
3607.55,2748932.63
2626.59,2105111.19
2626.54,2072870.25

SIPHT_300_499.xml
5323.82,3943313.06
3712.98,2829270.05
2662.03,2152018.23
2671.61,2115054.76

SIPHT_300_500.xml
4979.04,3713968.22
3922.55,2969343.22
2489.64,2031056.08
2489.58,1994019.28

SIPHT_300_501.xml
4908.01,3650782.81
3834.33,2902823.3
2454.12,1989613.08
2454.06,1953846.13

SIPHT_300_502.xml
5322.86,3933885.95
4204.27,3161191.22
2661.55,2141953.54
2661.49,2099786.35

SIPHT_300_503.xml
4999.73,3730773.73
3976.12,3015319.66
2499.99,2046580.37
2500.63,2004082.76

SIPHT_300_504.xml
5061.43,3757910.96
3463.11,2654434.69
2530.83,2051363.72
2530.77,2009483.94

SIPHT_300_505.xml
5173.8,3843275.71
4070.95,3077444.01
2587.02,2101513.57
2586.96,2063074.13

SIPHT_300_506.xml
5231.39,3877622.19
3645.25,2784644.41
2615.81,2115800
2617.64,2075800.39

SIPHT_300_507.xml
5351.16,3965768.45
4222.84,3169353.15
2675.7,2154638.53
2675.64,2114814.56

SIPHT_300_508.xml
5321.86,3932342.3
3654,2776488.85
2661.05,2140722.73
2660.99,2096243.59

SIPHT_300_509.xml
5257.04,3886659.52
3496.77,2676444.37
2628.64,2119410.7
2628.58,2079348.73

SIPHT_300_510.xml
5517.09,4077229.2
4193.39,3159753.06
2758.67,2223093.01
2758.61,2177358.84

SIPHT_300_511.xml
4556.21,3417791.56
3618.59,2749152.88
2278.22,1873301.48
2278.17,1840412.08

SIPHT_300_512.xml
4878.17,3634996.43
3434.2,2634927.55
2476.12,2004254.72
2439.14,1955022.09

SIPHT_300_513.xml
5088.89,3781570.93
4006.48,3025491.97
2544.56,2071207.35
2544.51,2031745.31

SIPHT_300_514.xml
5201.01,3843530.92
4047.68,3037680.26
2600.62,2092850.68
2600.56,2051168.17

SIPHT_300_515.xml
5348.24,3959017.2
3753.52,2856972.23
2674.24,2158466.33
2674.18,2119919.49

SIPHT_300_516.xml
4680.25,3498435.22
3648.61,2782932.74
2340.24,1927587.16
2340.19,1891460.51

SIPHT_300_517.xml
5182.31,3826244.61
4096.71,3068049.58
2591.27,2071067.85
2591.22,2043710.13

SIPHT_300_518.xml
5068.86,3781301.9
3569.96,2729959.56
2534.55,2062086.02
2534.49,2027632.16

SIPHT_300_519.xml
5209.24,3858618.94
3932.19,2972036.81
2604.74,2099638.28
2604.68,2061757.48

SIPHT_300_520.xml
5206.7,3888171.6
4021.44,3058027.84
2603.47,2125542.71
2603.41,2085487.83

SIPHT_300_521.xml
4715.13,3517778.86
3473.98,2657009.65
2357.68,1927993.54
2374.16,1900462.89

SIPHT_300_522.xml
5006.68,3744812.16
3715.21,2840052.94
2531.01,2066318.52
2503.4,2009977.13

SIPHT_300_523.xml
4589.29,3439259.99
3635.29,2771431.51
2294.76,1897266.34
2294.83,1861051.28

SIPHT_300_524.xml
4990.6,3726069.02
3942.94,2989919.19
2495.42,2044374.42
2495.36,2000317.08

SIPHT_300_525.xml
4815.6,3609158.48
3821.1,2916664.51
2408.24,1988488.04
2425.27,1965458.41

SIPHT_300_526.xml
5166.93,3845265.35
3841.14,2925694.25
2583.58,2101185.6
2583.53,2062852.52

SIPHT_300_527.xml
5394.14,3977445.9
4250.64,3179212.92
2697.19,2154726.48
2697.13,2122345.32

SIPHT_300_528.xml
4781.82,3583874.69
3368.34,2600093.26
2391.03,1971063.06
2409.27,1942801.46

SIPHT_300_529.xml
5240.14,3849191.4
4156.69,3092785.1
2620.19,2081813.77
2620.13,2039375.54

SIPHT_300_530.xml
5373.65,3996262.6
4232.55,3190448.47
2686.94,2185537.13
2704.06,2151541.8

SIPHT_300_531.xml
5102.26,3781772.94
3605.37,2747112.43
2551.25,2056011.95
2551.19,2020269.86

SIPHT_300_532.xml
4761.33,3576300.72
3367.35,2605039.43
2380.78,1964295.92
2380.73,1928098.43

SIPHT_300_533.xml
5318.42,3937446.4
3740.17,2846562.59
2659.33,2146062.32
2659.27,2100892.6

SIPHT_300_534.xml
5045.7,3762656.7
3946.8,2990484.66
2522.97,2057179.58
2522.91,2017938.58

SIPHT_300_535.xml
5020.31,3713938.55
3462.79,2639246.9
2510.27,2018736.32
2510.22,1984862.83

SIPHT_300_536.xml
5300.21,3919764.77
3909.34,2963162.68
2650.22,2139524.95
2650.17,2093734.37

SIPHT_300_537.xml
4614.82,3468460.14
3620.35,2771018.82
2307.53,1908461.72
2307.47,1870059.61

SIPHT_300_538.xml
5203.5,3851770.95
3719.08,2826118.36
2601.87,2092301.96
2601.81,2054392.92

SIPHT_300_539.xml
5371.24,3957156.92
3672.71,2784943.8
2685.74,2141977.6
2685.68,2102809.24

SIPHT_300_540.xml
4900.61,3666075.66
3882.19,2950787.54
2450.42,2012315.18
2450.37,1976420.35

SIPHT_300_541.xml
5028.01,3726232.01
3479.98,2655477.72
2514.12,2026764.92
2514.06,1994113.64

SIPHT_300_542.xml
5036.99,3749208.5
3676.75,2799269.6
2518.61,2050558.78
2518.56,2007619.43

SIPHT_300_543.xml
4709.18,3518303.1
3616.75,2753366.5
2354.71,1930801.7
2354.65,1888086.61

SIPHT_300_544.xml
4766.38,3554570.34
3656.14,2777617.54
2383.31,1940466.74
2383.25,1906407.25

SIPHT_300_545.xml
4881.45,3641380.4
3568.64,2728198.09
2440.84,1994740.21
2440.79,1954836.4

SIPHT_300_546.xml
5319.95,3939993.5
3499.2,2674928.27
2660.09,2140867.89
2660.03,2106913.14

SIPHT_300_547.xml
5417.99,4023204.37
4121.2,3112581.86
2709.11,2190789.73
2709.05,2151129.06

SIPHT_300_548.xml
5489.18,4036447.85
4343.77,3242118.1
2744.71,2188596.15
2744.65,2151388.39

SIPHT_300_549.xml
5581.5,4129766.2
4458.84,3345174.85
2790.87,2249261.22
2790.81,2201074.8

SIPHT_300_550.xml
5330.98,3951918.19
4203.59,3169684.85
2665.61,2160594.68
2787.79,2198391.46

SIPHT_300_551.xml
4815.9,3610980.85
3580.18,2740511.71
2408.07,1978658.64
2408.01,1945142.33

SIPHT_300_552.xml
5062.68,3746168.35
3716.3,2819998.98
2531.46,2042839.21
2531.4,2004182.32

SIPHT_300_553.xml
5106.23,3808871.32
3936,2983409.36
2553.23,2081205.81
2553.18,2044553.66

SIPHT_300_554.xml
5117.73,3789755.42
3501.9,2672584.83
2558.98,2061862.84
2558.93,2025394.83

SIPHT_300_555.xml
4572.05,3427715.7
3521.25,2690989.47
2286.14,1882840.08
2286.09,1846072.43

SIPHT_300_556.xml
5122.67,3806380.92
3519.84,2695369.14
2561.45,2075772.4
2561.4,2039780.2

SIPHT_300_557.xml
5284.41,3899204.09
3864.57,2913149.16
2642.32,2111862.92
2642.27,2077071.87

SIPHT_300_558.xml
5080.29,3760134.46
4050.69,3045232.21
2540.26,2047500.49
2540.21,2011160.37

SIPHT_300_559.xml
4954.47,3662783.97
3558.56,2699909.81
2477.35,1989488.45
2477.29,1957067.51

SIPHT_300_560.xml
4990.12,3725034.45
3944.69,2987872.81
2495.18,2044333.63
2495.12,1999451.87

SIPHT_300_561.xml
5074.13,3774314.86
3875.76,2937344.24
2537.18,2062331.63
2537.13,2022721.13

SIPHT_300_562.xml
5157.19,3821292.1
4076.53,3065251.84
2578.71,2075462.91
2596.14,2050216.75

SIPHT_300_563.xml
4637.57,3454488.27
3655.73,2762885.54
2318.9,1882785.03
2318.84,1853017.14

SIPHT_300_564.xml
4943.2,3673606.65
3879,2929702.52
2471.72,2004779.2
2483.66,1975814.09

SIPHT_300_565.xml
5002.6,3753079.59
3860.88,2958698.25
2501.42,2067799.85
2501.37,2026817.23

SIPHT_300_566.xml
4937.09,3680796.32
3798.24,2890085.35
2468.66,2017628.58
2468.61,1974512.24

SIPHT_300_567.xml
4875.76,3651313.04
3886.33,2957768.84
2438,2010796.18
2437.94,1966485.67

SIPHT_300_568.xml
4607.77,3443800.23
3163.48,2445483.49
2304,1888876.78
2303.94,1854000.81

SIPHT_300_569.xml
5415.66,4004428.19
4244.03,3190659.39
2707.95,2179512.3
2707.89,2139135.58

SIPHT_300_570.xml
5056.89,3738297.39
3727.01,2817260.22
2528.56,2030516.86
2528.5,1994830.61

SIPHT_300_571.xml
4992.7,3712464.34
3956.52,2988420.32
2496.71,2021480.91
2502.02,1992333.57

SIPHT_300_572.xml
4636.2,3460262.38
3613.71,2744269.26
2318.22,1891656.2
2318.16,1860345.03

SIPHT_300_573.xml
4689.55,3514797.8
3694.5,2813258.06
2344.89,1931524.72
2344.84,1893272.47

SIPHT_300_574.xml
4667.01,3485879.86
3257.16,2509945.22
2333.62,1911058.7
2333.57,1874452.77

SIPHT_300_575.xml
5137.65,3822851.61
4027.2,3033919.87
2568.94,2085074.55
2568.89,2050315.75

SIPHT_300_576.xml
5082.4,3791803.77
3710.72,2826744.41
2541.32,2068268.84
2541.26,2032800.4

SIPHT_300_577.xml
5242.72,3890897.03
4143.95,3126660.99
2621.48,2119710.72
2638.71,2096120.95

SIPHT_300_578.xml
4849.36,3603723.97
3924.86,2952366.86
2424.8,1962700.3
2424.74,1927538.35

SIPHT_300_579.xml
4959.47,3699865.99
3936.21,2981179.52
2479.85,2027207.95
2479.8,1985608.76

SIPHT_300_580.xml
4904.73,3671034.9
3858.59,2937133.7
2452.48,2019041.52
2454.47,1977542.3

SIPHT_300_581.xml
5029.81,3736877.84
3858.84,2917967.72
2515.02,2036301.05
2514.96,1996753.89

SIPHT_300_582.xml
5035.22,3745692.3
4004.7,3019797.01
2517.73,2036843.66
2517.67,2001298.24

SIPHT_300_583.xml
4889.77,3643656.09
3814.52,2891290.68
2445,1997817.67
2444.94,1958302.92

SIPHT_300_584.xml
5252.11,3880751.22
4166.47,3122916.03
2626.17,2111503.08
2626.11,2071324.26

SIPHT_300_585.xml
5300.25,3925016.89
4213.32,3170461.57
2650.24,2136334.51
2650.19,2097135.95

SIPHT_300_586.xml
5190.76,3843456.81
3715.7,2825856.03
2595.5,2091893.17
2595.44,2052263.19

SIPHT_300_587.xml
5106.63,3773997.11
3615.05,2747339.93
2553.44,2055944.63
2553.37,2019201.58

SIPHT_300_588.xml
5273.19,3899263.36
3624.44,2757437.4
2636.71,2118622.2
2643.5,2083607.44

SIPHT_300_589.xml
4856.28,3614532.37
3528.6,2695512.24
2593.42,2082484.3
2428.2,1939296.29

SIPHT_300_590.xml
5005.15,3723991.84
3991.27,3011985.52
2502.7,2037349.07
2520.73,2007995.7

SIPHT_300_591.xml
5085.47,3797188.46
3898.45,2970766.56
2542.85,2084683.91
2542.8,2043194.84

SIPHT_300_592.xml
5321.49,3961980.17
4168.93,3160633.01
2660.86,2166456.62
2660.8,2122365.57

SIPHT_300_593.xml
5176.65,3830047.41
3561.01,2711418.95
2588.44,2084543.13
2588.39,2040959.46

SIPHT_300_594.xml
4308.6,3236072.06
3431.48,2609053.2
2154.42,1782992.58
2154.36,1743683.58

SIPHT_300_595.xml
5100.73,3801564.78
3442.91,2651772.98
2550.48,2082876.37
2550.42,2039955.51

SIPHT_300_596.xml
5274.54,3916719.6
3882.49,2947303.56
2637.39,2138373.17
2637.33,2094868.32

SIPHT_300_597.xml
5262.2,3903290.01
3966.14,2995421.08
2631.22,2125674.27
2631.16,2082841.28

SIPHT_300_598.xml
5165.07,3858853.08
3882.51,2951075.5
2582.65,2119673.83
2582.6,2073004.59

SIPHT_300_599.xml
5252.54,3905315.7
4098.66,3101548.78
2626.39,2135425.25
2626.33,2092074.39

SIPHT_300_600.xml
4953.89,3686192.4
3711.56,2819506.23
2477.06,2012112.98
2477,1978021.74

SIPHT_300_601.xml
4813.91,3595485.84
3802.08,2882384.91
2407.07,1968631.38
2407.02,1929891.44

SIPHT_300_602.xml
4851.64,3613807.34
3795.44,2872292.8
2425.94,1980820.86
2425.88,1936419.35

SIPHT_300_603.xml
4700.59,3515769.91
3740.95,2840201.24
2616.12,2108810.69
2350.36,1887925.46

SIPHT_300_604.xml
4182.55,3159510.83
3445.07,2633683.08
2091.39,1748231.64
2091.36,1714698.58

SIPHT_300_605.xml
4931.58,3684985.63
3886.82,2950512.23
2465.91,2024150.85
2465.85,1983721.19

SIPHT_300_606.xml
4549.08,3394174.86
3470.91,2645539.58
2274.66,1859473.5
2277.59,1836738.59

SIPHT_300_607.xml
5156.42,3825527.48
3913.1,2964725.17
2578.33,2092499.06
2578.27,2048734.57

SIPHT_300_608.xml
4623.98,3472401.53
3599.93,2747591.66
2312.11,1907685.16
2312.05,1867567.59

SIPHT_300_609.xml
5034.78,3759244.84
3825.53,2912540.04
2517.51,2066237.69
2520.19,2024157.09

SIPHT_300_610.xml
5068.63,3759370.92
4044.96,3041558.03
2534.44,2050668.23
2534.38,2012217.4

SIPHT_300_611.xml
5120.15,3794288.74
3719.45,2818909.97
2560.19,2058777.97
2563.82,2032291.44

SIPHT_300_612.xml
4884.28,3623633.44
3649.39,2761833.04
2442.26,1981194.4
2443.74,1943091.19

SIPHT_300_613.xml
5073.53,3771819.5
3863.83,2933984.56
2536.89,2070058.78
2536.83,2022575.22

SIPHT_300_614.xml
5204.79,3871539.5
4133.58,3121517.56
2602.51,2116368.09
2602.45,2073881.06

SIPHT_300_615.xml
4799.22,3589469.7
3895.97,2960738.53
2399.73,1974764.15
2399.67,1931490.08

SIPHT_300_616.xml
5369.9,3980825.6
4221.01,3174068.66
2685.07,2163922.94
2685.01,2123662.03

SIPHT_300_617.xml
5027.24,3737936.21
3923.24,2965927.94
2513.74,2042308.18
2513.68,2001581.18

SIPHT_300_618.xml
5277.11,3920311.18
4169.7,3140546.36
2638.68,2135683.67
2638.62,2096635.54

SIPHT_300_619.xml
5099.56,3786106.81
4094.08,3088334.33
2549.9,2075554.32
2556.91,2032901.02

SIPHT_300_620.xml
5140.12,3816834.03
4036.63,3045703.01
2570.18,2084190.47
2570.12,2040212.74

SIPHT_300_621.xml
5097.82,3813364.34
3997.35,3038670.76
2549.03,2085262.78
2550.91,2047682.47

SIPHT_300_622.xml
5138.61,3819383.92
4043.92,3050913.83
2570.22,2085049.23
2569.37,2049786.67

SIPHT_300_623.xml
4804,3592453.11
3494.53,2681157.81
2402.12,1971554.73
2402.06,1933820.59

SIPHT_300_624.xml
5264.45,3906156.13
3656.37,2786766.25
2632.34,2119551.82
2632.29,2083322.35

SIPHT_300_625.xml
5214.6,3901085.84
3643.09,2805832
2607.42,2139571.28
2607.37,2100636.02

SIPHT_300_626.xml
5326.06,3963536.32
3889.29,2958194.17
2663.15,2169565
2663.09,2124695.58

SIPHT_300_627.xml
4673.51,3472757.13
3400.41,2586566.24
2336.87,1898646.36
2336.82,1862853.83

SIPHT_300_628.xml
5288.04,3906982.52
3606.77,2749967.87
2644.14,2124445.48
2644.08,2081001.8

SIPHT_300_629.xml
5085.24,3793219.67
3651.34,2785700.75
2542.74,2074001.11
2542.68,2037832.35

SIPHT_300_630.xml
5176.51,3850063.75
3530.67,2712635.56
2588.37,2100669.44
2588.32,2062760.09

SIPHT_300_631.xml
5141,3831132.32
3975.78,3017968.92
2570.62,2094856.4
2570.56,2057709.32

SIPHT_300_632.xml
5221.88,3879056.71
4117.04,3100176.56
2611.06,2118183.23
2611.77,2075387.27

SIPHT_300_633.xml
5357.71,3959514.18
4288.69,3217529.03
2678.97,2154889.93
2687.7,2123226.33

SIPHT_300_634.xml
4975.93,3691179.09
3578.91,2721370.42
2488.08,2012727.82
2488.02,1969397.93

SIPHT_300_635.xml
5567.65,4115643.83
4399.43,3294948.11
2783.94,2240785.69
2785.16,2195830.23

SIPHT_300_636.xml
5002.49,3730759.18
3941.97,2986677.78
2501.36,2050739.97
2501.81,2015041.96

SIPHT_300_637.xml
4820.01,3599086.91
3807.27,2888918.48
2410.12,1972245.1
2412.45,1933878.95

SIPHT_300_638.xml
4944.03,3677227.09
3748.75,2843299.71
2472.13,2007345.02
2472.08,1974301.37

SIPHT_300_639.xml
5174.43,3837628.8
4064.01,3060835.85
2587.33,2087966.38
2593.16,2056290.95

SIPHT_300_640.xml
5155.18,3847283.13
4030.06,3064874.41
2577.71,2116860.06
2577.65,2070021.78

SIPHT_300_641.xml
4911.26,3670912.45
3909.9,2965652.16
2456.02,2017327.79
2455.69,1975571.6

SIPHT_300_642.xml
5058.52,3737331.56
4038.71,3017496.99
2529.38,2028133.05
2532.07,1992968.52

SIPHT_300_643.xml
5164.03,3839886.63
4011.18,3035016.63
2582.13,2099599.83
2582.08,2059053.64

SIPHT_300_644.xml
5213.12,3875656.86
4108.61,3105542.5
2606.68,2116030.92
2606.62,2076086.28

SIPHT_300_645.xml
5165.39,3835643.08
4078.3,3071450.94
2582.81,2092944.5
2586.58,2051605.32

SIPHT_300_646.xml
4973.31,3712353.7
3973.8,3021560.01
2486.77,2043814.92
2486.72,2002307.62

SIPHT_300_647.xml
5221.36,3870126.55
4123.82,3101785.47
2610.8,2109133.74
2610.74,2071273.94

SIPHT_300_648.xml
5355.95,3997501.62
4192.7,3180145.18
2678.09,2190664.35
2679.62,2151616.81

SIPHT_300_649.xml
5136.09,3792882.81
3608.06,2740573.4
2568.16,2067559.08
2568.1,2027631.57

SIPHT_300_650.xml
4627.48,3463945.61
3590.9,2744951.97
2313.86,1907168.41
2313.8,1863374.57

SIPHT_300_651.xml
5145.08,3819528.63
3670.23,2798824.42
2572.66,2082012.82
2572.6,2043816.48

SIPHT_300_652.xml
4880.89,3632026.57
3897.41,2949938.72
2440.56,1995166.61
2440.51,1952013.43

SIPHT_300_653.xml
5244.11,3881065.62
4138.42,3118004.48
2622.17,2124257.68
2622.51,2083417.25

SIPHT_300_654.xml
5059.79,3738009.45
3538.87,2681497.7
2530.01,2034382.3
2529.96,1992247.44

SIPHT_300_655.xml
5234.26,3905809.28
3612.12,2775376.46
2617.25,2143960.05
2617.26,2096924.27

SIPHT_300_656.xml
5087.31,3780104.96
3962.67,2998192.91
2543.78,2069201.33
2543.72,2024024.08

SIPHT_300_657.xml
5340.12,3973219.19
4190.51,3168543.03
2670.18,2178001.62
2671.67,2133752.62

SIPHT_300_658.xml
5040.32,3744130.11
3922.37,2960911.08
2520.28,2033284.11
2520.22,2001735.12

SIPHT_300_659.xml
5077.43,3787813.43
3987.36,3020886.6
2538.83,2076181.29
2538.78,2038765.45

SIPHT_300_660.xml
4729.86,3538961.53
3861.67,2926025.4
2365.05,1947278.6
2364.99,1908666.41

SIPHT_300_661.xml
5202.08,3862792.97
3634.31,2782136.15
2601.16,2101049.97
2601.1,2070278.8

SIPHT_300_662.xml
5058.22,3758928.82
3944.85,2982430.91
2529.23,2051175.97
2529.17,2015684.93

SIPHT_300_663.xml
5217.02,3893804.64
4097.55,3107009.13
2649.38,2157521.33
2608.57,2088239.79

SIPHT_300_664.xml
4939.84,3664165.17
3674.68,2786208.6
2470.04,1997334.9
2469.98,1958816.39

SIPHT_300_665.xml
5259.73,3883583.12
4171.76,3124655.65
2629.98,2109559.57
2629.93,2070862.53

SIPHT_300_666.xml
5127.59,3792520.57
3523.48,2677957.52
2563.91,2057560.37
2563.85,2025893.63

SIPHT_300_667.xml
4883.1,3654318.59
3900.01,2966350.63
2441.67,2008144.64
2447.52,1974493.41

SIPHT_300_668.xml
4955.82,3673908.2
3517.3,2677650.5
2478.03,2001255.12
2484.83,1971493.01

SIPHT_300_669.xml
5092.89,3767261.88
4055.56,3043007.27
2546.56,2054565.85
2557.3,2022363.79

SIPHT_300_670.xml
4792.85,3552170.96
3749.76,2821906.24
2396.54,1931561.79
2413.8,1910901.83

SIPHT_300_671.xml
4798.95,3593164.29
3720.54,2835838.63
2399.59,1973195.18
2399.54,1931394.26

SIPHT_300_672.xml
4745.31,3548527.58
3722.6,2827240.1
2372.77,1940321.77
2372.72,1912872.65

SIPHT_300_673.xml
5094.23,3784716.62
4023.14,3033521
2547.23,2059756.51
2547.79,2029418.94

SIPHT_300_674.xml
5001.13,3746341.59
3829.58,2922800.22
2500.68,2062130.63
2500.63,2020319.91

SIPHT_300_675.xml
4841.54,3591652.98
3432.31,2614987.4
2420.89,1957235.22
2420.83,1923668.42

SIPHT_300_676.xml
5074.95,3774078.5
4001.66,3027227.54
2537.59,2063446.05
2555.02,2036647.48

SIPHT_300_677.xml
5165.71,3819425.71
3792.24,2868372.46
2582.97,2074588.67
2582.91,2036570.8

SIPHT_300_678.xml
5086.94,3775837.3
3987.57,3007948.63
2543.59,2059064.61
2543.54,2018220.29

SIPHT_300_679.xml
5402.81,4006582.49
4230.38,3184837.37
2701.52,2178835.32
2701.47,2141784.92

SIPHT_300_680.xml
4947.19,3682205.46
3915.27,2958209.38
2473.71,2012163.97
2499.04,1994167.86

SIPHT_300_681.xml
5255.48,3916666.4
4040.76,3065040.5
2627.86,2144353.71
2627.8,2098268.83

SIPHT_300_682.xml
4474.56,3354569.36
3593.8,2734681.44
2562.63,2060231.33
2237.34,1807366.25

SIPHT_300_683.xml
4859.09,3601080.26
3775.82,2842137.68
2429.66,1960012.77
2429.6,1920082.17

SIPHT_300_684.xml
5225.47,3886422.87
3776.52,2878468.39
2612.85,2128077.44
2612.79,2081913.57

SIPHT_300_685.xml
5380.94,3953525.18
4239.17,3147189.4
2690.59,2126232.07
2693.31,2099738.08

SIPHT_300_686.xml
5258.23,3912578.33
4103.7,3096984.2
2629.24,2140561.4
2629.18,2095985.46

SIPHT_300_687.xml
5004.57,3727643.75
3978.62,3011568.85
2502.4,2034883.08
2505.82,2003373.24

SIPHT_300_688.xml
5079.63,3776482.06
3737.22,2848463.84
2539.94,2071462.57
2539.88,2026777.89

SIPHT_300_689.xml
4950.63,3685866.68
3636.56,2767603.91
2475.43,2015143
2475.37,1975870.42

SIPHT_300_690.xml
5066.59,3760481.54
3928.01,2961693.03
2533.42,2053723.76
2533.36,2012535.58

SIPHT_300_691.xml
4337.26,3260078.6
3308.46,2543515.18
2168.75,1789776.33
2168.69,1760022.31

SIPHT_300_692.xml
5327.3,3932461.46
4196.59,3144217.13
2663.77,2134089.08
2663.71,2095968.3

SIPHT_300_693.xml
4784.91,3601826.8
3834.18,2925668.84
2392.57,1989947.31
2404.65,1951734.82

SIPHT_300_694.xml
5297.96,3934180.54
4204.99,3170804.75
2649.1,2144751.75
2649.04,2104208.35

SIPHT_300_695.xml
4959.96,3680634.22
3336.37,2572776.56
2480.1,2008710.98
2480.04,1973307.26

SIPHT_300_696.xml
4671.33,3487426.51
3488.92,2664779.84
2335.79,1912179.18
2335.73,1876507.01

SIPHT_300_697.xml
4979.55,3695822.15
3942.13,2966588.52
2489.89,2010078.02
2492.2,1982052.82

SIPHT_300_698.xml
5147.75,3817676.37
4106.84,3095117.7
2573.99,2084579.59
2573.93,2049455.97

SIPHT_300_699.xml
5338.79,3947084
4195.86,3147135.84
2669.51,2143471.64
2669.45,2105441.82

SIPHT_300_700.xml
5133.76,3816099.91
3577.92,2736864.59
2567,2082914.43
2566.94,2045081.71

SIPHT_300_701.xml
4966.55,3707606.96
3825.36,2911519.35
2483.4,2032274.09
2483.34,1990637.98

SIPHT_300_702.xml
4985.79,3728719.73
3889.22,2958350.84
2493.01,2044309.34
2492.96,2002695.82

SIPHT_300_703.xml
4853.67,3617573.83
3871.17,2926397.43
2426.95,1983516.65
2426.9,1944817.1

SIPHT_300_704.xml
5237.69,3933207.29
4131.14,3157027.5
2618.96,2167868.69
2618.91,2121976.44

SIPHT_300_705.xml
4803.51,3584255.38
3806.82,2888117.41
2402.08,1965608.88
2401.82,1930199.44

SIPHT_300_706.xml
5495.25,4082612.22
3751,2875744.31
2747.74,2228615.76
2747.69,2187307.2

SIPHT_300_707.xml
5222.54,3869280.56
4118.85,3106753.89
2611.39,2115366.18
2611.33,2070533.96

SIPHT_300_708.xml
5197.27,3854095.74
4075.84,3067503.03
2598.75,2096232.55
2598.7,2057322.44

SIPHT_300_709.xml
5283.95,3941720.03
3891.46,2957329.61
2642.09,2161688.79
2642.04,2113537.98

SIPHT_300_710.xml
5016.49,3735775.99
3912.86,2969076.42
2508.36,2044864.07
2508.31,2003783.1

SIPHT_300_711.xml
5178.81,3853660.69
3675.59,2812842.79
2589.52,2107276.07
2589.47,2070134.96

SIPHT_300_712.xml
4764.59,3554093.1
3806.37,2881586.59
2382.41,1950189.28
2382.36,1908238.83

SIPHT_300_713.xml
4347.29,3279720.94
3522.69,2695904.89
2173.76,1812496.74
2173.7,1778958

SIPHT_300_714.xml
4588.22,3416285.13
3484.98,2651592.49
2537.37,2028518.4
2294.19,1836953.07

SIPHT_300_715.xml
5043.63,3753205.55
3583.46,2740814.89
2521.93,2052404.19
2521.88,2010657.64

SIPHT_300_716.xml
4933.47,3678536.18
3889.59,2942143.57
2466.85,2012079.54
2466.8,1974098.26

SIPHT_300_717.xml
5202.64,3878614.09
3961.49,3010194.32
2601.44,2127049.09
2601.38,2081576.8

SIPHT_300_718.xml
4916.29,3642668.19
3872.13,2919001.31
2458.26,1990307.84
2458.21,1944880.08

SIPHT_300_719.xml
5176.9,3852195.69
3733.15,2849471.98
2588.57,2104849.56
2588.51,2060457.72

SIPHT_300_720.xml
5394.13,4001910.21
4171.36,3145581.19
2697.18,2184030.35
2697.13,2141310.81

SIPHT_300_721.xml
5150.39,3822683.64
3566.45,2721272.59
2575.31,2070384.89
2575.25,2041002.09

SIPHT_300_722.xml
5310.45,3935517.6
4150.88,3125894.89
2655.34,2140397.1
2655.28,2104567.19

SIPHT_300_723.xml
5056.75,3766315.14
3881.17,2940598.7
2528.49,2056046.14
2528.44,2014221.61

SIPHT_300_724.xml
5289.85,3932652.36
3998.86,3028525.67
2645.04,2146482.41
2644.99,2105012.53

SIPHT_300_725.xml
5469.91,4059970.76
3776.02,2887350.46
2735.07,2208406.83
2735.02,2174043.44

SIPHT_300_726.xml
4975.25,3684810.22
3999.11,3003132.51
2487.74,2003352.92
2505,1980843.7

SIPHT_300_727.xml
5238.26,3882142.73
3737.86,2838378.54
2619.25,2118036.63
2619.19,2075364.17

SIPHT_300_728.xml
4273.47,3213868.11
3398.35,2602832.12
2136.85,1774557.36
2136.8,1734074.3

SIPHT_300_729.xml
4945.15,3674335.64
3897.49,2947571
2472.69,2003614.34
2472.66,1972646.77

SIPHT_300_730.xml
4900.17,3657802.79
3798.69,2884813.73
2450.2,2008011.75
2450.14,1967820.58

SIPHT_300_731.xml
5184.72,3857410.79
3601.19,2761879.47
2592.48,2115656.53
2651.75,2111338.04

SIPHT_300_732.xml
5170.92,3831581.46
4161.78,3125553.18
2585.58,2085954.6
2585.53,2048403.29

SIPHT_300_733.xml
5132.52,3801172.44
4005,3007138.94
2566.38,2053149
2566.32,2026960

SIPHT_300_734.xml
4985.02,3701764.64
3944.09,2967006.13
2492.63,2014228.39
2492.57,1978077.11

SIPHT_300_735.xml
4938.13,3695924.45
3917.18,2980824.68
2626.77,2135009.65
2469.12,1991290.85

SIPHT_300_736.xml
5098,3783655.89
4058.37,3060774.58
2549.12,2067795.24
2549.06,2027513.45

SIPHT_300_737.xml
4887.2,3637524.84
3921.55,2961972.55
2443.72,1993872.34
2443.66,1953396.8

SIPHT_300_738.xml
5315.54,3935551.62
4180.97,3144737.08
2657.89,2142291.5
2657.83,2103658.13

SIPHT_300_739.xml
5121.5,3824823.31
3437.1,2658865.39
2560.87,2099835.09
2560.81,2057928.06

SIPHT_300_740.xml
4508.84,3356197.39
3412.31,2593308.77
2254.54,1835205.28
2254.48,1800941.27

SIPHT_300_741.xml
5380.59,3978949.52
4239.3,3181754.2
2690.41,2163718.46
2690.36,2126204.12

SIPHT_300_742.xml
4901.35,3633596.21
3836.22,2895087.62
2450.79,1982589.67
2450.74,1947484.95

SIPHT_300_743.xml
4771.69,3562543.79
3609.11,2743477.52
2385.97,1948728.26
2385.91,1916669.6

SIPHT_300_744.xml
5357.47,3960172.69
4232.4,3169662
2678.85,2153315.35
2678.79,2113029.77

SIPHT_300_745.xml
4946.87,3683420.96
3937.17,2975270.56
2530.9,2052557.78
2476.69,1975765.15

SIPHT_300_746.xml
5190.67,3850732.12
3524.34,2705442.16
2595.45,2105593.44
2595.39,2062088.81

SIPHT_300_747.xml
5148.49,3794535.4
3550.35,2693662.81
2574.36,2058759.14
2574.3,2025623.76

SIPHT_300_748.xml
5324.55,3924096.81
4155.4,3113266.85
2662.39,2129774.95
2662.33,2094015.28

SIPHT_300_749.xml
5265.46,3936892.54
4044.38,3087884.83
2632.85,2168149.14
2632.83,2124442.65

SIPHT_300_750.xml
5314.59,3966456.17
4148.91,3148347.29
2657.41,2169031.31
2657.35,2128678.36

SIPHT_300_751.xml
5135.06,3827582.46
3725.06,2851635.87
2567.65,2097528.9
2568.48,2052236.48

SIPHT_300_752.xml
4757.94,3554790.88
3824.89,2903842.42
2379.09,1953277.45
2379.03,1914689.16

SIPHT_300_753.xml
5268.26,3921048.63
4118.33,3119205.51
2634.25,2150980.81
2634.19,2113433.58

SIPHT_300_754.xml
5050.63,3756863.59
3966.45,2992042.69
2525.43,2054968.82
2525.38,2013724.91

SIPHT_300_755.xml
4740.3,3537262.81
3436.64,2627095.14
2370.27,1931281.46
2370.21,1902450.12

SIPHT_300_756.xml
4655.09,3473672.56
3732.53,2838477.26
2327.66,1913236.54
2327.61,1872134.1

SIPHT_300_757.xml
5190.32,3843362.24
4084.63,3060605.11
2595.28,2095663.64
2595.22,2049333.69

SIPHT_300_758.xml
5075.38,3781497.14
3676.87,2809258.5
2537.81,2070500.26
2537.75,2028975.3

SIPHT_300_759.xml
5254.69,3908587.14
4121.34,3123482.59
2627.47,2142406.01
2627.41,2095222.44

SIPHT_300_760.xml
5563.74,4134426.5
3623.19,2797062.45
2781.99,2259709.52
2781.93,2209370.62

SIPHT_300_761.xml
5222.02,3880725.63
4163.58,3143970.15
2611.13,2125531.58
2616.13,2086312.19

SIPHT_300_762.xml
5177.26,3837414.93
3565.59,2723727.19
2588.75,2094194.52
2588.69,2053212.27

SIPHT_300_763.xml
5006.12,3732588.06
3957.32,3000827.67
2503.18,2045440.05
2503.12,2004286.52

SIPHT_300_764.xml
5240.88,3882322.38
3934.99,2969146.4
2620.56,2108888.8
2628.44,2078803.76

SIPHT_300_765.xml
5244.68,3887675.83
3716.68,2834976.38
2622.46,2120150.42
2622.4,2079410.09

SIPHT_300_766.xml
5108.68,3783466.44
3471.23,2648151.03
2554.46,2061478.27
2554.4,2019066.83

SIPHT_300_767.xml
4939.43,3651864.3
3869.71,2907103.13
2469.83,1988535.79
2469.77,1947492.49

SIPHT_300_768.xml
4678.26,3488803.49
3801.58,2867697.31
2339.25,1904446.9
2339.19,1877371.49

SIPHT_300_769.xml
4971.13,3703111.84
3792.4,2877031.49
2485.68,2019374.35
2485.63,1983122.39

SIPHT_300_770.xml
4965.91,3678162.85
3906.44,2939501.34
2483.07,1996612.98
2483.01,1960540.62

SIPHT_300_771.xml
5110.98,3808293.96
4043.54,3058493.47
2555.61,2082084.22
2555.55,2041735.24

SIPHT_300_772.xml
5333.95,3970743.21
3662.7,2812605.89
2667.09,2170452.49
2667.04,2126106.4

SIPHT_300_773.xml
4694.13,3504201.25
3747.35,2835810.46
2347.18,1921507.69
2347.13,1883811.8

SIPHT_300_774.xml
4923.88,3654033.87
3883.3,2929850.44
2462.06,1991568.89
2462,1959935.36

SIPHT_300_775.xml
5137.87,3810859.55
3781.28,2872420.63
2569.05,2071942
2568.99,2041884.07

SIPHT_300_776.xml
4997.69,3703310.31
3954.23,2976216.16
2498.97,2018044.43
2498.91,1981905.51

SIPHT_300_777.xml
4986.39,3707604.84
3435.03,2628670.03
2493.31,2014153.58
2498.66,1992131.82

SIPHT_300_778.xml
5094.87,3772880.87
3668.54,2790728.7
2547.55,2050505.53
2547.49,2014966.57

SIPHT_300_779.xml
5082.31,3783301.85
3992.61,3023344.5
2541.27,2069213.83
2541.22,2027035.7

SIPHT_300_780.xml
5096.93,3772330.36
3556.66,2707207.91
2548.58,2044846.29
2565.71,2030759.21

SIPHT_300_781.xml
5297.6,3930271.55
3737.39,2856541.87
2648.92,2150607.01
2648.87,2111956.87

SIPHT_300_782.xml
4830.17,3586141.72
3787.56,2856398.15
2415.2,1953554.09
2415.15,1917461.29

SIPHT_300_783.xml
4796.05,3596359.88
3593.11,2763155.31
2398.14,1978401.62
2398.09,1937304.48

SIPHT_300_784.xml
5364.19,3995581.36
4143.69,3138798.07
2682.21,2187603.41
2682.15,2143082.95

SIPHT_300_785.xml
5077.43,3770686.77
4035.66,3039354.98
2538.83,2053395.17
2538.78,2017024.31

SIPHT_300_786.xml
5076.84,3773369.34
3804.37,2884538.81
2538.54,2056200
2538.48,2018461.07

SIPHT_300_787.xml
4678.93,3500091.39
3671.77,2793032.5
2339.58,1912902.56
2339.52,1881491.86

SIPHT_300_788.xml
4670.18,3492842.62
3725.22,2833609.46
2335.21,1916998.43
2335.15,1880560.8

SIPHT_300_789.xml
5152.1,3858508.99
3613.05,2794470.09
2576.17,2126525.14
2576.11,2080510.79

SIPHT_300_790.xml
5496.56,4072047.2
4331.36,3254926.87
2748.4,2218334.74
2748.34,2174223.16

SIPHT_300_791.xml
4770.11,3553178.49
3499.03,2672067.53
2385.17,1942218.66
2385.12,1908765.88

SIPHT_300_792.xml
4653.38,3471920.07
3814.1,2881365.28
2326.81,1902545.96
2326.75,1866731.79

SIPHT_300_793.xml
5215.93,3875127.45
3698.12,2818716.78
2608.08,2107757.24
2608.02,2075498.85

SIPHT_300_794.xml
5203.96,3853832.23
3743.02,2841198.25
2602.1,2093522.04
2688.21,2118150.09

SIPHT_300_795.xml
5004.36,3732551.99
3613.01,2767529.31
2502.3,2049671.81
2512.48,2015355.19

SIPHT_300_796.xml
5218.23,3861582.97
3571.09,2732914.8
2609.24,2097539.7
2609.18,2065604.85

SIPHT_300_797.xml
5106.53,3800586.77
3437.16,2645243.52
2553.38,2076731.17
2553.33,2037182.2

SIPHT_300_798.xml
5001.23,3719109.98
3668.92,2795477.66
2500.73,2025136.09
2503.03,1995266.3

SIPHT_300_799.xml
5296.31,3946500.07
3977.32,3019682.35
2648.27,2155110.03
2648.22,2116821.1

SIPHT_300_800.xml
5530.71,4083655.06
4372.67,3275088.56
2765.47,2213605.18
2765.42,2175561.61

SIPHT_300_801.xml
4730.74,3526745.15
3714.96,2817697.76
2365.49,1931922.52
2365.43,1893291.61

SIPHT_300_802.xml
4559.92,3415794.96
3674.12,2776807.79
2525.15,2039232.88
2280.02,1839068.25

SIPHT_300_803.xml
5323.13,3946660.7
3712.9,2835530.37
2661.68,2156613.48
2661.63,2114405.27

SIPHT_300_804.xml
5006.46,3739182.59
3895.42,2967870.48
2503.35,2054326.77
2503.29,2016987.63

SIPHT_300_805.xml
5310.61,3949630.86
3942.25,3007665.02
2655.42,2165636.19
2656.27,2117042.46

SIPHT_300_806.xml
5141.34,3801816.13
3993.09,3000230.26
2570.79,2063616.06
2570.73,2028601.64

SIPHT_300_807.xml
5139.03,3818838.05
4080.16,3079146.52
2569.63,2080687.14
2578.05,2049910.14

SIPHT_300_808.xml
5015.83,3742355.9
3934.02,2975489.33
2508.03,2051639.35
2525.31,2023599.73

SIPHT_300_809.xml
5197.97,3853993.27
3825.88,2899823.65
2599.1,2101491.34
2599.05,2061309.24

SIPHT_300_810.xml
4526.54,3384322.2
3521.84,2681757.07
2263.39,1858837.41
2280.71,1829948.32

SIPHT_300_811.xml
5047.75,3771234.76
3977.27,3018258.5
2524,2069449.41
2524.29,2024844.29

SIPHT_300_812.xml
5194.34,3839093.34
4077.85,3061898.03
2597.29,2088444.85
2597.23,2049228.19

SIPHT_300_813.xml
5243.13,3907982.73
3578.94,2751999.03
2621.68,2137884.48
2622.62,2101943.56

SIPHT_300_814.xml
4814.53,3598259.21
3838.33,2910284.86
2407.38,1964646.24
2407.33,1930066.01

SIPHT_300_815.xml
4722.22,3529335.84
3317.91,2559359.63
2361.23,1936482.07
2361.17,1898687.52

SIPHT_300_816.xml
5075.18,3778962.42
4019.28,3029437.52
2537.71,2068038.71
2537.65,2024628.77

SIPHT_300_817.xml
5168.56,3834375.42
4005.8,3019229.64
2584.4,2086237.79
2584.34,2048316.09

SIPHT_300_818.xml
5293.74,3941693.41
4209.76,3174686.92
2646.99,2149359.06
2646.93,2107804.43

SIPHT_300_819.xml
5158,3834761.79
3859.62,2933214.49
2579.12,2089194.73
2579.06,2058015.4

SIPHT_300_820.xml
4954.57,3672766.14
3431.24,2628928.04
2477.4,2002577.84
2494.63,1980484.08

SIPHT_300_821.xml
4820.68,3577061.89
3408.66,2602456.56
2410.46,1949931.57
2410.4,1918469.99

SIPHT_300_822.xml
5404.18,3991425.96
3739.07,2838399.34
2702.21,2169079.12
2702.15,2128479.36

SIPHT_300_823.xml
5208.81,3873280.21
4029.38,3062524.85
2767.67,2229832.56
2604.47,2080127.62

SIPHT_300_824.xml
5233.53,3892712.56
3842.66,2930722.73
2616.89,2124144.26
2616.83,2086454.56

SIPHT_300_825.xml
5279.42,3904314.49
4179.84,3134548.58
2639.83,2120886.89
2639.77,2084735.32

SIPHT_300_826.xml
5228.41,3889736.62
3833.6,2920231.83
2614.32,2130546.96
2614.27,2083072.22

SIPHT_300_827.xml
4937.02,3695002.62
3844.38,2924475.44
2468.63,2030948.44
2468.57,1985982.85

SIPHT_300_828.xml
5224.48,3858569.24
4106.12,3074149.95
2612.36,2095528.75
2612.3,2056683.77

SIPHT_300_829.xml
4963.83,3706597.17
3734.2,2842583.12
2482.03,2031457.45
2482.89,1990796.03

SIPHT_300_830.xml
5095.78,3802454.17
3607.9,2765947.01
2728.71,2204049.05
2547.95,2043896.75

SIPHT_300_831.xml
4978.81,3689445.29
3791.68,2858459.52
2489.52,2006753.12
2489.47,1969386.02

SIPHT_300_832.xml
4902.07,3658832.16
3649.57,2790785.64
2451.16,2013109.55
2451.1,1970157.03

SIPHT_300_833.xml
4740.48,3514485.25
3540.93,2683107.28
2370.36,1913695.08
2370.3,1885181.35

SIPHT_300_834.xml
4595.89,3418933.03
3839.42,2885841.48
2298.06,1867817.24
2298,1829811.87

SIPHT_300_835.xml
4799.65,3592394.87
3789.6,2884704.84
2399.94,1974328.98
2399.89,1931497.08

SIPHT_300_836.xml
5021.69,3727320.38
3871.9,2927538.24
2510.96,2038551.47
2510.91,1994178.35

SIPHT_300_837.xml
5430.38,4026389.84
4297.19,3226517.31
2715.31,2194133.05
2715.25,2151389.79

SIPHT_300_838.xml
5263.82,3910095.24
4139.45,3117621.09
2632.03,2136119.81
2631.97,2094958.48

SIPHT_300_839.xml
4971.31,3703933.92
3732.47,2839286
2530.58,2059559.73
2485.71,1991482.48

SIPHT_300_840.xml
5187.46,3867674.71
4101.31,3109673.22
2593.85,2124541.08
2593.79,2081752.66

SIPHT_300_841.xml
5418.16,3998957.72
4270.61,3196409.5
2709.2,2166552.14
2709.14,2126844.13

SIPHT_300_842.xml
5299.54,3920396.89
4167.32,3123556.94
2649.89,2133321.91
2657.22,2099638.27

SIPHT_300_843.xml
5025.38,3735149.89
3554.1,2704597.44
2513.11,2032799.81
2512.75,2002743.76

SIPHT_300_844.xml
5264.72,3916336.5
3817.59,2906958.56
2632.48,2143341.27
2632.43,2096411.99

SIPHT_300_845.xml
5240.98,3898033.02
4142.95,3131162.85
2620.61,2126644.68
2620.55,2085805.82

SIPHT_300_846.xml
5173.32,3855004.75
3838.73,2923344.11
2586.78,2107251.08
2586.72,2072565.21

SIPHT_300_847.xml
5334.12,3954750.15
3600.49,2752063.5
2667.18,2151907.73
2667.12,2109571.04

SIPHT_300_848.xml
5341.63,3967523.83
3842.91,2927430.21
2670.93,2164965.49
2670.88,2124775.82

SIPHT_300_849.xml
5090.56,3792372.29
3831.94,2916907.32
2545.4,2071933.33
2545.34,2034413.48

SIPHT_300_850.xml
5381.25,3983233.31
3613.96,2759674.76
2690.74,2169851.75
2693.07,2135494.61

SIPHT_300_851.xml
4797.34,3568830.5
3761.8,2847829.36
2398.79,1956024.78
2398.73,1920418.95

SIPHT_300_852.xml
5150.21,3830402.01
3416.12,2629056.87
2575.22,2081849.55
2581.2,2055063.28

SIPHT_300_853.xml
5426.91,4028589.29
3848.49,2933526.56
2713.57,2193159.66
2713.51,2151016.38

SIPHT_300_854.xml
5354.59,3969073.02
4189.77,3152997.6
2677.41,2160987.15
2677.35,2118648.95

SIPHT_300_855.xml
5084.53,3781515
3656.83,2793400.58
2542.38,2068431.95
2542.33,2034885.91

SIPHT_300_856.xml
5186.31,3870479.07
4097.05,3114033.16
2593.27,2127411.91
2593.22,2083880.55

SIPHT_300_857.xml
5029.37,3749169.22
3982.23,3013211.4
2514.8,2059746.98
2514.75,2015388.01

SIPHT_300_858.xml
5041.97,3735935.91
3923.49,2954845.49
2521.11,2033251
2521.05,1997926.4

SIPHT_300_859.xml
5145.59,3802713.98
4095.88,3072888.55
2572.91,2062031.5
2572.85,2029499.75

SIPHT_300_860.xml
5046.96,3764946.33
3512.19,2702562.25
2523.6,2063027.63
2523.54,2020538.35

SIPHT_300_861.xml
5227.06,3870857.06
4151.63,3123432.41
2613.65,2107999.48
2613.59,2072237.63

SIPHT_300_862.xml
4915.78,3654153.46
3870,2921602.23
2458.01,2000896.77
2457.96,1960032.68

SIPHT_300_863.xml
5166.78,3828712.19
4046.48,3049363.93
2583.51,2082829.67
2583.45,2046273.06

SIPHT_300_864.xml
5084.99,3770268.44
3545.46,2701968.75
2633.33,2116162.83
2542.56,2016379.33

SIPHT_300_865.xml
5290.63,3919188.33
3624.39,2766328.91
2645.43,2135111.66
2645.37,2092939.1

SIPHT_300_866.xml
4663.43,3489299.18
3686.43,2803609.58
2331.83,1918746.58
2331.82,1883805.96

SIPHT_300_867.xml
5223.82,3886193.71
3724.48,2848289.95
2612.03,2118194.24
2611.97,2080421.5

SIPHT_300_868.xml
5172.28,3850846.42
4070.82,3069269.99
2586.26,2101585.24
2586.2,2059281.24

SIPHT_300_869.xml
5082.44,3786816.28
4027.81,3041793.09
2541.34,2066002.39
2541.28,2027379.58

SIPHT_300_870.xml
5052.71,3747714.49
3997.88,3006326.56
2526.47,2043940.28
2526.42,1998539.39

SIPHT_300_871.xml
5212.93,3864849.56
4047.97,3052067.52
2606.58,2109433.61
2606.52,2072065.87

SIPHT_300_872.xml
5258.56,3920222.21
3691.21,2829585.58
2751.86,2225949.23
2629.34,2106615.92

SIPHT_300_873.xml
4914.4,3705377.42
3783.54,2911545.09
2457.32,2045856.66
2479.15,2016878.15

SIPHT_300_874.xml
4954.96,3698117.29
3949.95,2992072.88
2477.6,2034900.01
2477.54,1990271.64

SIPHT_300_875.xml
4974.69,3712768.68
3747.62,2857616.99
2487.46,2035147.7
2487.4,1996508.14

SIPHT_300_876.xml
5034.51,3728491.08
3893.25,2932533.91
2517.37,2032414.15
2517.31,1997255.69

SIPHT_300_877.xml
5268.7,3903462.87
4140.95,3107232.56
2634.47,2117335.28
2634.41,2085285.76

SIPHT_300_878.xml
4720.93,3537875.18
3481.18,2675631.36
2360.59,1935926.31
2360.53,1900408.57

SIPHT_300_879.xml
5122.78,3814363.73
3458.88,2665495.49
2561.51,2087423.19
2561.45,2049681.62

SIPHT_300_880.xml
5054.53,3762175.7
4011.3,3034329.81
2527.38,2064993.88
2527.33,2024850.8

SIPHT_300_881.xml
5132.42,3836048.95
4067.67,3085226.92
2566.33,2104016.67
2566.27,2059663.88

SIPHT_300_882.xml
5053.86,3752077.34
3687.9,2803937.64
2527.05,2046770.49
2526.99,2006319.11

SIPHT_300_883.xml
5529.55,4109299.58
3917.94,2996896.04
2764.89,2252154.65
2766.18,2207026.45

SIPHT_300_884.xml
4553.18,3398324.13
3406.78,2590615.91
2276.71,1861072.74
2276.65,1822146.34

SIPHT_300_885.xml
5144.54,3802384.42
4073.98,3055286.07
2572.38,2069929.87
2572.33,2034063

SIPHT_300_886.xml
4959.79,3683405.99
3847.5,2907303.98
2579.45,2075947.63
2479.95,1971390.84

SIPHT_300_887.xml
4764.44,3560211.43
3738.42,2842433.07
2382.34,1951654.78
2382.28,1917782.12

SIPHT_300_888.xml
4995.98,3737332.23
3978.97,3021766.1
2498.11,2052511.89
2498.05,2014849.06

SIPHT_300_889.xml
5158.83,3841012.26
3542.86,2722426.9
2579.53,2104699.48
2579.48,2062205.27

SIPHT_300_890.xml
5187.03,3845630.02
4112.3,3092831.81
2593.63,2091492.32
2593.58,2052347.32

SIPHT_300_891.xml
5434.64,4035240.42
4015.69,3051747.8
2717.44,2201076.61
2717.38,2158649.06

SIPHT_300_892.xml
5062.65,3761072.11
3334.04,2579599.1
2531.44,2056252.94
2531.38,2016008.57

SIPHT_300_893.xml
5071.1,3760476.39
4013.78,3022918.54
2535.67,2045767.6
2545.31,2016358.37

SIPHT_300_894.xml
5053.29,3749550.53
3728.61,2827236.72
2526.76,2043400.53
2531.29,2007834.58

SIPHT_300_895.xml
5296.18,3936117.41
4145.73,3133145.53
2648.21,2148460.04
2648.16,2111914.05

SIPHT_300_896.xml
5130.33,3815091.31
3462.74,2663235.3
2565.28,2086224.81
2565.23,2045020.48

SIPHT_300_897.xml
5080.76,3790062.9
4022.32,3049253.04
2540.5,2074813.28
2540.44,2036929.61

SIPHT_300_898.xml
5348.98,3962782.56
4185.65,3149477.32
2674.61,2155386.56
2677.76,2117039.52

SIPHT_300_899.xml
5242.76,3911230.34
3699.55,2849403.99
2621.5,2149499.84
2621.44,2102485.05

SIPHT_300_900.xml
5220.08,3886314.66
3644.49,2795531.06
2610.16,2128105.88
2610.11,2091269.51

SIPHT_300_901.xml
5005.73,3728835.79
4018.9,3034645.63
2502.98,2040141.95
2502.92,2002071.46

SIPHT_300_902.xml
5456.67,4036600.85
4356.41,3272490.61
2728.45,2204640.73
2728.4,2156516.37

SIPHT_300_903.xml
5195.59,3847104.49
4051.59,3052740.98
2597.91,2091303.27
2597.85,2056703.5

SIPHT_300_904.xml
5318.6,3927563.88
4158.22,3118617.93
2659.42,2135500.46
2659.36,2093339.78

SIPHT_300_905.xml
4824.5,3615453.75
3833.4,2904361.74
2412.37,1980789.72
2412.32,1945240.97

SIPHT_300_906.xml
4920.28,3644753.05
3856.26,2898120.3
2460.26,1982736.39
2460.2,1946553.78

SIPHT_300_907.xml
4635.38,3446801.53
3689.29,2783657.15
2317.81,1878548.34
2317.76,1847921.44

SIPHT_300_908.xml
4783.89,3572200.24
3814.68,2889846.38
2392.07,1960043.93
2392.01,1921672.32

SIPHT_300_909.xml
4618.89,3453589.2
3702.54,2810397.33
2309.56,1896163.09
2309.51,1859625.41

SIPHT_300_910.xml
5145.87,3822090.21
3675.61,2808154.4
2573.05,2091847.59
2573,2048618.19

SIPHT_300_911.xml
4845.9,3619384.27
3630.93,2766493.57
2550.4,2076541.83
2423.01,1944010.26

SIPHT_300_912.xml
4988.31,3733551.38
3849.06,2931737.03
2494.27,2047227.89
2494.22,2005651.81

SIPHT_300_913.xml
5501.36,4076239.56
4335.32,3257231.03
2750.8,2218292.85
2750.74,2178126.51

SIPHT_300_914.xml
5385.28,3985994.97
3399.86,2621186.81
2692.76,2171374.61
2692.7,2128545.16

SIPHT_300_915.xml
5446.26,4011746.99
4316.12,3218794.79
2723.25,2173869.79
2723.19,2130915.2

SIPHT_300_916.xml
5137.33,3816085.83
3597.02,2752638.14
2568.78,2092586.21
2568.73,2045359.69

SIPHT_300_917.xml
5252.73,3909826.21
3904.91,2977352.15
2626.48,2142772.03
2626.43,2097666.42

SIPHT_300_918.xml
5097.37,3770720.81
3509.69,2671379.99
2548.8,2044547.04
2548.75,2011903.49

SIPHT_300_919.xml
4973.31,3705579.91
3889.28,2947755.99
2486.77,2033909.27
2486.71,1996332.57

SIPHT_300_920.xml
4848.39,3612777.54
3438.16,2632260.8
2424.32,1975370.67
2424.26,1936996.43

SIPHT_300_921.xml
4782.6,3596487.46
3702.65,2842348.67
2391.42,1979849.42
2391.36,1950310.36

SIPHT_300_922.xml
5112.39,3793510.85
4073.63,3061374.05
2556.31,2069478.39
2556.26,2028911.88

SIPHT_300_923.xml
5296.29,3944649.59
4202.3,3175151.62
2648.26,2150436.31
2648.21,2111197.78

SIPHT_300_924.xml
5130.27,3820871.93
3791.07,2883224.47
2565.25,2081952.94
2565.19,2044242.6

SIPHT_300_925.xml
4968.94,3694765.07
3898.38,2945466.94
2484.59,2015221.11
2484.53,1985163.95

SIPHT_300_926.xml
4700.57,3526170.23
3733.53,2850979
2350.4,1943172.34
2363.5,1911210.99

SIPHT_300_927.xml
4443.13,3308726.47
3539.53,2680912.83
2221.68,1815545.39
2221.62,1777101.31

SIPHT_300_928.xml
5236.71,3884655.54
4087.48,3077131.17
2618.47,2122039.05
2618.41,2078316.74

SIPHT_300_929.xml
4919.27,3677030.96
3879.66,2941716.87
2460.17,2022201.85
2476.29,1992264.33

SIPHT_300_930.xml
4790.67,3566352.98
3771.46,2850124.29
2395.45,1947181.48
2395.39,1910025.13

SIPHT_300_931.xml
5219.66,3882502.89
4062.26,3073082.5
2609.95,2123417.67
2609.89,2078491.66

SIPHT_300_932.xml
5401.96,3988280.18
4287.15,3220119.26
2701.1,2177967.64
2701.04,2134720.01

SIPHT_300_933.xml
5006.54,3739252.37
3835.95,2923945.96
2503.39,2052530.3
2503.33,2008847.44

SIPHT_300_934.xml
4855.94,3634656.2
3327.87,2573597.23
2675.25,2150736
2445.18,1962538.23

SIPHT_300_935.xml
4491.29,3362446.86
3606.27,2737928.74
2245.76,1841796.58
2245.78,1810618.27

SIPHT_300_936.xml
4759.28,3552488.17
3553.01,2712964.79
2379.76,1946747.67
2379.7,1910414.8

SIPHT_300_937.xml
5118.75,3789265.5
3870.41,2919822.24
2559.49,2069573.03
2559.44,2027623.63

SIPHT_300_938.xml
4858.47,3627782.9
3768.85,2864478.27
2429.35,1992088.36
2429.29,1951433.12

SIPHT_300_939.xml
4977.55,3715890.2
3701.76,2823752.93
2488.89,2038470.84
2488.84,1994607.3

SIPHT_300_940.xml
5424.42,4001838.45
4277.24,3202815.1
2712.33,2171550.03
2712.27,2136502.07

SIPHT_300_941.xml
5354.05,3962613.2
3896.05,2951884.67
2677.14,2152554.59
2677.09,2116026.92

SIPHT_300_942.xml
4413.96,3326568.5
3524.88,2703169.14
2207.1,1835905.99
2207.04,1800481.92

SIPHT_300_943.xml
4890.07,3650269.95
3839.05,2908668.17
2445.15,2001418.09
2445.1,1964560.62

SIPHT_300_944.xml
5331.53,3966335.23
4107.84,3114487.03
2665.88,2169126.6
2665.82,2124424.59

SIPHT_300_945.xml
5300.87,3934101.21
4039.57,3052549.84
2650.55,2150166.52
2650.49,2102357.78

SIPHT_300_946.xml
5070.93,3757858.73
3903,2939024.49
2535.58,2047214.1
2535.53,2010288.05

SIPHT_300_947.xml
4974.69,3711159.7
3860.31,2931971.46
2487.46,2032917.86
2487.4,1996361.83

SIPHT_300_948.xml
5412.25,4024927.72
4000.37,3040093.59
2706.24,2204058.94
2706.19,2157694.4

SIPHT_300_949.xml
5154.02,3847757.4
3872.16,2953152.03
2577.13,2108458.41
2577.07,2061392.56

SIPHT_300_950.xml
5068.45,3752375.52
3931.27,2967282.23
2534.34,2044037.92
2534.28,2000407.84

SIPHT_300_951.xml
5048.82,3778497.48
4006.69,3049595.77
2524.53,2072890.38
2524.47,2030490.84

SIPHT_300_952.xml
4739.72,3543411.95
3702.47,2819035.17
2370.08,1948536.79
2369.92,1903550.56

SIPHT_300_953.xml
5165.87,3854186.4
3550.55,2741597.22
2583.05,2114580
2582.99,2074469.92

SIPHT_300_954.xml
5027.99,3727732.12
4334.26,3230367.27
2514.11,2025288.26
2514.06,1994990.3

SIPHT_300_955.xml
5018.65,3756169.94
3766.4,2882113.6
2509.45,2059639.94
2509.39,2019418.73

SIPHT_300_956.xml
5134.69,3838822
4040.35,3071384.56
2567.46,2106034.08
2567.4,2068142.37

SIPHT_300_957.xml
4953.92,3697728.36
3773.5,2876637.41
2477.08,2025792.82
2477.02,1982680.63

SIPHT_300_958.xml
5360.44,3960205.76
4244.08,3186671.66
2680.34,2155548.42
2680.28,2111817.6

SIPHT_300_959.xml
5125.89,3829345.09
4080.88,3088031.22
2563.06,2102015.23
2563.01,2055165.92

SIPHT_300_960.xml
4598.35,3433789.7
3371.83,2576797.02
2299.29,1872264.97
2299.24,1838171.35

SIPHT_300_961.xml
4940.66,3686191.42
3731.42,2852004.17
2470.45,2028925.1
2487.64,1992255.24

SIPHT_300_962.xml
5257.4,3889737.9
3851.43,2913511.21
2628.82,2111668.73
2628.76,2076607.63

SIPHT_300_963.xml
4879.36,3638944.65
3530.37,2700962.82
2439.8,1997067.57
2443.44,1956184

SIPHT_300_964.xml
5604.8,4119265.98
3340.98,2560725.45
2802.52,2227986.79
2802.46,2185241.11

SIPHT_300_965.xml
5180.89,3842912.61
4035.74,3046968
2590.56,2091007.32
2590.5,2052883.52

SIPHT_300_966.xml
4772.37,3572478.52
3393.33,2603525.76
2386.31,1957075.66
2403.54,1928307.09

SIPHT_300_967.xml
5259.04,3888207.13
3739.54,2832184.7
2629.64,2115040.72
2629.58,2072798.04

SIPHT_300_968.xml
5096.7,3778585.16
4015.3,3018118.76
2548.47,2052521.24
2548.41,2020675.56

SIPHT_300_969.xml
5451.69,4036835.01
3933.64,2986872.56
2725.96,2195091.53
2725.9,2160484.81

SIPHT_300_970.xml
5090.81,3788154.89
3979,3006482.97
2545.52,2067280.78
2545.47,2033934.6

SIPHT_300_971.xml
5390.21,4010700.91
3701.58,2843127.49
2695.22,2193490.81
2695.17,2147347.25

SIPHT_300_972.xml
5033.83,3780521.43
3962.51,3025305.17
2517.03,2084624.67
2516.98,2038797.58

SIPHT_300_973.xml
5161.95,3828983.37
4067.3,3067893.02
2581.1,2088979.51
2581.04,2048336.7

SIPHT_300_974.xml
5481.65,4042362.35
4310.27,3225248.49
2740.94,2193290.84
2740.89,2156991.46

SIPHT_300_975.xml
5146.42,3829971.47
3984.42,3017531.14
2573.33,2096218.46
2573.27,2052943.99

SIPHT_300_976.xml
4646.93,3468037.19
3293.46,2528668.36
2323.58,1896907.04
2323.53,1864498.42

SIPHT_300_977.xml
5390.74,4020568.93
4236.25,3211061.45
2695.49,2198602.24
2695.43,2162842.19

SIPHT_300_978.xml
5249.58,3892753.42
4154.68,3135898.56
2624.91,2126681.75
2630.61,2091432.27

SIPHT_300_979.xml
5224.23,3872350.97
4064.66,3062763.29
2612.23,2109281.85
2612.17,2068120.91

SIPHT_300_980.xml
5152.51,3849028.36
4027.67,3060436.47
2576.37,2111974.68
2576.31,2068616.18

SIPHT_300_981.xml
4667.73,3486022.73
3510.29,2681130.54
2333.99,1910953.59
2333.93,1877940.37

SIPHT_300_982.xml
4933.12,3660526.75
3531.46,2687526.68
2466.68,1998629.45
2466.62,1961716.1

SIPHT_300_983.xml
4727.1,3539347.95
3788.75,2875226.44
2363.67,1941078.55
2363.61,1906082.6

SIPHT_300_984.xml
4896.98,3645518.17
3559,2717598.1
2448.61,1997545.92
2453.88,1957893.62

SIPHT_300_985.xml
5168.67,3857026.04
4117.52,3112115.09
2584.45,2116817.15
2601.81,2081266.16

SIPHT_300_986.xml
5054.8,3778474.37
3946.32,3002772.29
2527.52,2071138.35
2529.97,2030819.38

SIPHT_300_987.xml
4912.9,3664706.65
3853.97,2916622.28
2456.57,2001980.33
2456.51,1965491.1

SIPHT_300_988.xml
4893.29,3640621.65
3837.59,2900542.06
2446.76,1989013.48
2446.7,1950417.96

SIPHT_300_989.xml
4830.63,3594374.95
3348.2,2565000.2
2415.43,1963858.84
2418.52,1932411.78

SIPHT_300_990.xml
5110.78,3824903.28
3921.27,2992064.17
2555.51,2102452.76
2555.45,2059034.59

SIPHT_300_991.xml
5092.53,3777087.85
3993.64,3009393.02
2546.38,2061162.65
2563.71,2029859.33

SIPHT_300_992.xml
5174.84,3858748.42
4044.14,3059130.52
2587.68,2100930.99
2587.48,2069212.48

SIPHT_300_993.xml
4921.85,3661293.1
3914.56,2955566.89
2461.04,2000443.24
2460.99,1963151.54

SIPHT_300_994.xml
5236.56,3890529.51
4167.8,3143750.12
2618.4,2120732.72
2618.34,2083656.39

SIPHT_300_995.xml
5168.91,3828083.13
4133.92,3103125.05
2584.57,2086280.28
2584.52,2044152.94

SIPHT_300_996.xml
5176.94,3825473.52
3935.85,2966685.35
2588.59,2085855.13
2613.46,2056855.81

SIPHT_300_997.xml
5063.22,3770577.75
3749.25,2853737.45
2531.73,2064432.68
2531.67,2022620.35

SIPHT_300_998.xml
4835.49,3622099.17
3833.92,2918237.02
2417.86,1991197.28
2417.81,1947371.39

SIPHT_300_999.xml
4221.69,3178511.99
3384.45,2580648.37
2110.96,1748186.78
2110.91,1711478.7

SIPHT_300_1000.xml
5342.41,3949249.74
4179.85,3138790.67
2671.32,2147730.63
2671.27,2104756.5

