SIPHT_100_1.xml
4050.16,2835371.33
3154.3,2217528.91
2025.2,1472973.81
2025.14,1445557.87

SIPHT_100_2.xml
5216.47,3626757.77
3762.59,2629443.13
2608.35,1870170.75
2608.3,1840456.73

SIPHT_100_3.xml
4417.49,3087563.93
3018.67,2132634.03
2208.86,1602672.94
2208.8,1575234.28

SIPHT_100_4.xml
4133.56,2887468.01
3086.58,2175359.02
2066.9,1494284.06
2066.86,1473015.05

SIPHT_100_5.xml
3975.11,2774601.96
3235.79,2284693.76
1987.67,1444453.58
1987.61,1418129.65

SIPHT_100_6.xml
4237.65,2949795.01
2963.5,2083055.05
2118.94,1526632.66
2118.88,1501554.54

SIPHT_100_7.xml
5172.9,3601743.3
3955.22,2768176.69
2586.57,1863552.75
2586.51,1833998.8

SIPHT_100_8.xml
5048.16,3523017.1
3993.82,2812275.83
2524.2,1824193.56
2524.14,1793554.38

SIPHT_100_9.xml
4907.43,3422814.45
4908.19,3411485.34
2453.83,1771211.9
2453.78,1742658.31

SIPHT_100_10.xml
5083.21,3538296.61
3512.15,2471731.44
2541.72,1832537.53
2541.66,1802298.57

SIPHT_100_11.xml
4750.91,3304912.16
3225.21,2262497.79
2375.57,1703434.02
2375.52,1680835.51

SIPHT_100_12.xml
4966.57,3462801.38
3893.71,2736192.39
2483.4,1791003.94
2483.37,1763493.67

SIPHT_100_13.xml
4801.18,3341206.3
3735.25,2613189.24
2400.71,1718893.28
2400.65,1696371.21

SIPHT_100_14.xml
4513.34,3148010.43
3663.8,2570036.34
2256.79,1628908.25
2256.73,1601710.14

SIPHT_100_15.xml
4177.99,2914546.7
3403.34,2381388.61
2089.11,1508661.95
2089.05,1482662.93

SIPHT_100_16.xml
5028.82,3500571.91
3329.32,2341979.64
2514.53,1809805.44
2514.47,1779975.36

SIPHT_100_17.xml
4898.76,3412643.93
3913.99,2746727.93
2449.5,1763589.72
2449.44,1735556.21

SIPHT_100_18.xml
4936.49,3442946.82
3484.21,2463126.3
2468.36,1775872.3
2485.55,1763615

SIPHT_100_19.xml
4911.58,3426985.61
3872.04,2712925.67
2455.91,1774570.96
2455.85,1743239.28

SIPHT_100_20.xml
3807.28,2663735.14
2959.88,2080971.93
1903.76,1383333.61
1903.7,1358029.81

SIPHT_100_21.xml
4699.45,3287366.82
3750.62,2642071.74
2349.84,1706625.45
2349.78,1675729.24

SIPHT_100_22.xml
4938.58,3437985.37
3890.67,2729676.1
2469.41,1776879.07
2486.97,1758570.77

SIPHT_100_23.xml
4118.92,2876585.84
3187.67,2241987.78
2059.58,1490656.98
2059.52,1464245.47

SIPHT_100_24.xml
4667.82,3248783.13
3710.35,2599925.49
2334.03,1677387.15
2333.97,1650084.74

SIPHT_100_25.xml
4798.36,3351600.34
4794.69,3343055.13
2399.3,1736982.61
2399.24,1707147.65

SIPHT_100_26.xml
3619.26,2534618.89
3424.22,2396907.09
1809.75,1317212.88
1809.69,1293010.78

SIPHT_100_27.xml
4909.08,3414934.85
3845.65,2691342.1
2454.66,1762335.05
2454.6,1735028.7

SIPHT_100_28.xml
5124.53,3565614.72
4015.99,2817146.22
2562.38,1842414.54
2562.32,1808684.49

SIPHT_100_29.xml
3906.14,2729849.12
3099.44,2180301.3
1953.19,1416115.04
1953.13,1390481.75

SIPHT_100_30.xml
3943.99,2760284.36
3263.53,2298518.09
1972.11,1433650.43
1972.05,1407870.8

SIPHT_100_31.xml
3918.66,2739141.43
3203.37,2252040.2
1959.45,1420670.3
1959.39,1395517.33

SIPHT_100_32.xml
4663.06,3255866.67
4663.81,3248067.34
2331.65,1685896.5
2331.59,1657715.07

SIPHT_100_33.xml
4508.86,3155143.92
4239.01,2964160.87
2254.55,1638590.04
2254.49,1607840.72

SIPHT_100_34.xml
5305.19,3689052.79
5305.93,3679289.13
2652.71,1903048.63
2652.65,1873552.31

SIPHT_100_35.xml
5301.1,3687044.74
3689.65,2588737.63
2650.67,1902100.2
2650.61,1872030.08

SIPHT_100_36.xml
4165.25,2911569.43
2936.5,2069803.3
2082.74,1510277.08
2082.69,1483194.69

SIPHT_100_37.xml
4658.89,3247494.2
3395.72,2386679.41
2329.56,1681537.94
2329.5,1653010.21

SIPHT_100_38.xml
4225.69,2945922.79
3395.2,2377290.26
2112.96,1518919.3
2112.91,1498726.07

SIPHT_100_39.xml
4569.12,3182210.22
3628.36,2542921.22
2284.68,1644498.03
2284.62,1618053.35

SIPHT_100_40.xml
4795.7,3352219.92
4077.16,2857630.08
2397.97,1738817.41
2397.91,1708512.73

SIPHT_100_41.xml
4258.61,2971580.07
4259.31,2966550.47
2129.42,1538430.28
2129.37,1512447.02

SIPHT_100_42.xml
4406.44,3072353.94
3551.03,2493540.85
2203.34,1584944.93
2203.28,1563464.76

SIPHT_100_43.xml
4179.97,2910103.67
2923.63,2054087.07
2090.1,1503934.42
2090.04,1480507.45

SIPHT_100_44.xml
4606.58,3215874.01
4607.27,3204814.58
2303.41,1665874.93
2303.35,1636541.51

SIPHT_100_45.xml
4438.91,3094944.2
3093.75,2178939.4
2219.57,1602368.28
2219.52,1574913.71

SIPHT_100_46.xml
4572.49,3188211.67
3694.54,2592075.98
2286.36,1650016.36
2286.31,1622020.1

SIPHT_100_47.xml
5013.24,3488551.71
3502.7,2448811.16
2506.74,1801278.43
2506.68,1771843.37

SIPHT_100_48.xml
4111.66,2863636.14
3365.62,2355091.45
2055.95,1474797.47
2055.89,1455296.11

SIPHT_100_49.xml
4900.32,3421785.76
3716.83,2614748.82
2450.28,1772686.32
2450.22,1742208.49

SIPHT_100_50.xml
5236.18,3653697.64
4101.45,2881060.73
2618.21,1891601.48
2618.15,1859362.87

SIPHT_100_51.xml
4881.65,3404165.27
3878.09,2718084.43
2440.94,1756631.87
2440.88,1734286.52

SIPHT_100_52.xml
4505.03,3152355.65
3620.36,2556355.22
2252.63,1636953.62
2252.57,1606984.27

SIPHT_100_53.xml
4865.82,3392972.87
4209.93,2946149.28
2433.03,1755214.97
2756.87,1945546.14

SIPHT_100_54.xml
5278.24,3671543.87
3546.27,2487669.72
2639.24,1892806.03
2639.18,1864839.11

SIPHT_100_55.xml
4471.7,3130858.3
3444.3,2428293.11
2235.97,1626909.15
2235.91,1597435.11

SIPHT_100_56.xml
4736.13,3297250.01
3740.11,2626774.71
2368.18,1701754.93
2368.12,1679687.02

SIPHT_100_57.xml
4066.02,2831396.78
3268.15,2295819.76
2033.13,1471321.3
2033.07,1441622.74

SIPHT_100_58.xml
5002.55,3474789.45
3410.73,2387506.41
2501.39,1785974.59
2501.33,1764616.55

SIPHT_100_59.xml
4277.2,2989603.08
3204.85,2256844.71
2138.72,1550620.16
2138.66,1522959.95

SIPHT_100_60.xml
5121.97,3572296.82
4350.87,3045064.51
2561.1,1848692.02
2561.05,1817977.56

SIPHT_100_61.xml
4528.95,3152356.11
3105.63,2181708.86
2264.59,1627037.4
2264.53,1604769.89

SIPHT_100_62.xml
4955.5,3456347.78
3392.71,2392951.98
2477.87,1787002.47
2477.81,1762051.01

SIPHT_100_63.xml
5101.7,3550642.61
3998.05,2793223.2
2550.97,1832736.71
2550.91,1804085.58

SIPHT_100_64.xml
4534.5,3155119.64
4535.23,3151170.53
2267.37,1629561.72
2267.31,1603632.32

SIPHT_100_65.xml
4818.73,3361352.03
3706.98,2609917.17
2409.48,1739803.13
2409.42,1709647.43

SIPHT_100_66.xml
4799.79,3346987.83
3446.09,2428079.3
2400.01,1731224.68
2399.95,1703039.78

SIPHT_100_67.xml
4402.72,3082616.85
3505.14,2471514.92
2201.48,1602066.69
2201.42,1570908.09

SIPHT_100_68.xml
5018.93,3508511.7
3904.14,2744044.49
2509.58,1820015.53
2509.52,1788036.94

SIPHT_100_69.xml
5158.5,3596812.36
3421.81,2413204.41
2579.37,1856199.78
2579.31,1830123.96

SIPHT_100_70.xml
4769.54,3320108.66
3737.06,2613259.71
2384.89,1714448.48
2384.83,1686891.8

SIPHT_100_71.xml
5094.31,3548833.91
3990.41,2793667.14
2547.27,1833954.42
2547.21,1803755.84

SIPHT_100_72.xml
3749.15,2623813.9
3045.19,2139342.51
1874.69,1363477.58
1874.63,1338032.11

SIPHT_100_73.xml
4531.44,3159305.44
3536.81,2488708.25
2265.84,1636307.49
2265.78,1607064.49

SIPHT_100_74.xml
4874,3402369.28
3880.51,2730708.13
2437.12,1761796.95
2437.06,1732363.96

SIPHT_100_75.xml
4721.18,3288583.64
3221.71,2264310.35
2360.71,1699346.3
2360.65,1671512.47

SIPHT_100_76.xml
5001.45,3493362.78
3686.14,2586937.73
2500.84,1810546.36
2500.79,1778119.71

SIPHT_100_77.xml
4481,3125333.75
3016.01,2123502.38
2240.62,1616674.14
2240.56,1589304.5

SIPHT_100_78.xml
5218.34,3631173.45
3507.65,2463047.97
2609.29,1870689.9
2612.54,1847694.73

SIPHT_100_79.xml
4170.79,2910406.76
3278.06,2298868.63
2085.51,1506776.24
2085.46,1482421.43

SIPHT_100_80.xml
4895.93,3408377.05
3556.13,2495783.05
2448.08,1763566.84
2448.02,1735396.73

SIPHT_100_81.xml
5245.59,3647767.37
4131.04,2890290.11
2622.91,1881771.57
2622.86,1851446.85

SIPHT_100_82.xml
3889.69,2712894.97
3149.41,2206748.43
1944.96,1407940.71
1944.9,1383927.46

SIPHT_100_83.xml
5208.53,3621595.8
5209.29,3623769.73
2604.38,1867772.11
2604.32,1838928.09

SIPHT_100_84.xml
5356.85,3727973.9
4211.87,2944499.42
2678.54,1923868.23
2678.49,1893937.77

SIPHT_100_85.xml
5109.13,3556241.89
3946.65,2760350.17
2554.68,1836506.99
2554.63,1807520.23

SIPHT_100_86.xml
3762.65,2635102.13
3703.89,2590187.1
1881.44,1369472.81
1882.08,1345311.56

SIPHT_100_87.xml
5062.5,3529824.11
4540.93,3183099.74
2531.37,1825911.48
2531.31,1795475.46

SIPHT_100_88.xml
4581.73,3202626.22
4582.4,3196465.36
2290.98,1655593.57
2290.92,1631874.45

SIPHT_100_89.xml
4762.97,3326911.62
4501.14,3144533.54
2381.6,1724133.51
2381.54,1694975.94

SIPHT_100_90.xml
5092.29,3537218.75
4029.82,2818144.03
2546.26,1824281.31
2546.21,1797865.27

SIPHT_100_91.xml
4603.26,3203365.8
3670.65,2571656.53
2301.75,1649466.97
2301.69,1627298.47

SIPHT_100_92.xml
5080.58,3545457.9
4011.83,2816743.68
2540.41,1835943.22
2540.35,1804685.35

SIPHT_100_93.xml
5420.6,3772472.13
5421.31,3762648.28
2710.42,1947507.85
2710.36,1916318.3

SIPHT_100_94.xml
3897.99,2731749.75
3124.87,2200112.69
1949.11,1420793.53
1949.06,1394192.6

SIPHT_100_95.xml
4512.95,3155284.67
4513.71,3146192.33
2256.59,1637104.81
2256.54,1607521.17

SIPHT_100_96.xml
4340.22,3023445.37
3490.37,2441197.04
2170.23,1566062.89
2170.17,1539395.18

SIPHT_100_97.xml
5164.45,3601800.13
3465.55,2441390.89
2582.34,1863395.91
2582.29,1833070.07

SIPHT_100_98.xml
4890.39,3410228.18
3192.87,2246521.03
2445.31,1764474.42
2445.25,1733821.85

SIPHT_100_99.xml
5134.18,3577304.25
3472.67,2439350.69
2567.21,1848956.61
2567.15,1818715.18

SIPHT_100_100.xml
5290.36,3688421.84
3535.37,2484150.21
2645.3,1907806.62
2645.24,1875667.37

SIPHT_100_101.xml
4625.83,3235872.8
3689.6,2601734.61
2313.03,1680238.47
2312.97,1649339.78

SIPHT_100_102.xml
4636.8,3237126.24
4637.51,3225451.04
2318.52,1676927.51
2318.46,1647412.18

SIPHT_100_103.xml
5055.64,3522801.93
3551.4,2500986.55
2527.94,1815041.05
2527.88,1790997.45

SIPHT_100_104.xml
5267.46,3673817.7
3527.73,2480248.92
2633.85,1900961.9
2633.79,1869736.69

SIPHT_100_105.xml
4577.99,3200886.8
4493.72,3140944.02
2289.11,1660960.72
2289.05,1631496.07

SIPHT_100_106.xml
4845.12,3379202.44
3790.09,2657873.72
2422.68,1751018.31
2422.62,1720531.07

SIPHT_100_107.xml
3872.48,2708755.08
3290.87,2304076.66
1936.36,1406003.97
1936.28,1380501.25

SIPHT_100_108.xml
4742.73,3308751.51
3315.74,2333836.04
2371.48,1712657.42
2371.42,1681184.25

SIPHT_100_109.xml
4814.42,3356943.23
4815.15,3355780.34
2407.33,1736961.84
2407.27,1708736.71

SIPHT_100_110.xml
4438.22,3094121.13
3397.96,2381150.58
2219.23,1600147.86
2219.17,1574221.34

SIPHT_100_111.xml
5157.5,3581971.67
4077.69,2840885.6
2578.87,1844942.15
2578.81,1817168.85

SIPHT_100_112.xml
5152.51,3588183.18
4044.4,2834075.06
2576.37,1853668.19
2576.31,1823680.31

SIPHT_100_113.xml
5532.54,3847976.98
4372.83,3052975.63
2766.39,1985150.12
2783.58,1965433.3

SIPHT_100_114.xml
4846.24,3372281.8
3791.71,2649459.93
2423.24,1740471.79
2423.18,1713548.79

SIPHT_100_115.xml
5089.47,3539808.46
3422.78,2405623.83
2544.85,1826272.15
2544.79,1797505.17

SIPHT_100_116.xml
4289.51,2992040.21
3443.01,2414409.96
2144.87,1543153.23
2144.82,1522966.82

SIPHT_100_117.xml
5179.62,3612182.28
4025.22,2829540.56
2589.93,1868750.06
2589.87,1838507.05

SIPHT_100_118.xml
5076.24,3534153.52
3457.13,2427650.75
2538.24,1830625.22
2538.18,1795521.52

SIPHT_100_119.xml
4455.7,3104217.19
3599.56,2531817.26
2227.97,1600283
2227.91,1578460.97

SIPHT_100_120.xml
4726.77,3292507.63
3643.08,2559170.08
2363.5,1703631.8
2363.44,1676703.7

SIPHT_100_121.xml
4964.36,3465496.17
3824.17,2680530.85
2482.3,1792837.38
2482.24,1762942.55

SIPHT_100_122.xml
5109.41,3564974.24
5110.14,3557288.35
2554.82,1847322.55
2554.76,1814294.12

SIPHT_100_123.xml
4763.8,3314788.69
3577.67,2510853.63
2382.02,1710670.09
2381.96,1684550.82

SIPHT_100_124.xml
4878.11,3391460.2
3838.76,2689270.75
2439.17,1752425.33
2439.11,1724774.7

SIPHT_100_125.xml
4411.78,3075245.05
3213.79,2253191.45
2206,1585799.89
2205.95,1564624.89

SIPHT_100_126.xml
5281.13,3671940.27
4130.24,2889964.65
2640.68,1893662.94
2640.63,1864745.85

SIPHT_100_127.xml
4584.92,3192557.14
3690.23,2587966.32
2292.58,1649538.09
2292.52,1623096.85

SIPHT_100_128.xml
4796.17,3340422.56
3822.05,2680019.07
2398.2,1725925.35
2398.15,1697804.61

SIPHT_100_129.xml
4153.79,2904957.94
4154.52,2906952.79
2077.01,1502845.29
2076.95,1481364.09

SIPHT_100_130.xml
4914.42,3423506.81
3860.95,2708048.05
2457.33,1769235.05
2457.27,1740672.63

SIPHT_100_131.xml
4341.23,3027550.47
3143.89,2204961.25
2170.73,1566393.62
2170.67,1540211.83

SIPHT_100_132.xml
4447.73,3110921.33
3408.73,2406199.1
2223.98,1615622.04
2223.93,1586982.86

SIPHT_100_133.xml
4809.93,3355407.38
3739.82,2628094.1
2405.08,1737703.43
2405.02,1708174.56

SIPHT_100_134.xml
5071.36,3529513.41
3490.25,2447252.41
2535.8,1822078.57
2535.74,1793539.94

SIPHT_100_135.xml
4555.88,3175905.28
3266.29,2292373.51
2278.06,1642851.18
2278,1614716.12

SIPHT_100_136.xml
4290.91,2992266.74
3481.19,2441292.98
2145.57,1543506.62
2145.52,1523109.04

SIPHT_100_137.xml
5056.41,3526802.08
3328.64,2344999.8
2528.32,1825012.39
2528.26,1794589.75

SIPHT_100_138.xml
4390.12,3057095.15
3383.58,2370372.46
2195.18,1572654.34
2195.12,1554362.94

SIPHT_100_139.xml
4740.67,3300930.1
3267.03,2293002.46
2370.45,1705444.64
2370.39,1677264.92

SIPHT_100_140.xml
5192.19,3629356.14
3568.53,2518422.73
2596.21,1884395.78
2596.15,1849932.03

SIPHT_100_141.xml
4608.73,3218706.37
3678.77,2585723.24
2304.48,1667925.73
2304.42,1638827.8

SIPHT_100_142.xml
4831.96,3360575.59
3799.97,2661499.2
2416.1,1733534.43
2416.04,1706454.01

SIPHT_100_143.xml
3581.24,2500359.99
2649.83,1860567.42
1790.74,1296044.07
1790.68,1273558.32

SIPHT_100_144.xml
4784.85,3336141.42
4785.58,3328474.05
2392.54,1726344.19
2392.48,1697142.07

SIPHT_100_145.xml
4198.91,2925838.14
3379.15,2379465.05
2099.57,1521413.04
2101.82,1497210.32

SIPHT_100_146.xml
4267.39,2979143
3048.53,2147929.47
2133.81,1545716.16
2133.75,1518377.81

SIPHT_100_147.xml
5256.81,3656687.65
3521.59,2475293.04
2628.52,1881623.92
2628.47,1858183.28

SIPHT_100_148.xml
5148.81,3586404.23
4103.49,2874637.38
2574.52,1847377.99
2574.46,1822691.8

SIPHT_100_149.xml
4392.56,3066820.66
3166.91,2227171.85
2196.4,1589891.58
2196.34,1562026.34

SIPHT_100_150.xml
5009.51,3491809.13
5010.23,3493700.71
2504.87,1805846.05
2504.81,1775569

SIPHT_100_151.xml
5077.37,3546133.01
5078.1,3538524.8
2538.8,1838108.69
2538.75,1806160.55

SIPHT_100_152.xml
4048.14,2827241.88
3248.49,2289872.86
2024.19,1467604.79
2024.13,1442020.85

SIPHT_100_153.xml
4992.43,3467637.72
3921.74,2742487.77
2496.33,1782085.53
2496.27,1760188.31

SIPHT_100_154.xml
4592.3,3201604.76
3673.91,2571391.12
2296.27,1655843.99
2313.58,1640693.72

SIPHT_100_155.xml
4589.19,3195407.55
3702.95,2596966.05
2294.72,1650291.88
2312.09,1634117.41

SIPHT_100_156.xml
4674.57,3256123.6
3198.14,2243238.67
2337.4,1682903.36
2337.34,1654886.09

SIPHT_100_157.xml
5145.51,3582769.71
4068.62,2843973.07
2572.87,1850471.99
2572.82,1821233.57

SIPHT_100_158.xml
5186.61,3619119.32
4399.93,3093669.84
2593.43,1873834.51
2593.37,1841713.56

SIPHT_100_159.xml
4192.17,2917615.45
3810.77,2659452.28
2096.2,1510305.89
2096.15,1486003.37

SIPHT_100_160.xml
4395.5,3064835.94
3520,2470558.39
2197.87,1586072.36
2197.81,1560073.49

SIPHT_100_161.xml
4873.31,3394037.19
3291.65,2312579.93
2436.77,1753388.97
2436.71,1725399.52

SIPHT_100_162.xml
3871.32,2698533.17
3041.95,2132279.81
1935.78,1404227.43
1935.72,1374924.19

SIPHT_100_163.xml
5278.21,3668136.28
3643.97,2549673.27
2639.22,1891134.14
2639.16,1862000.18

SIPHT_100_164.xml
5489.81,3830686.59
4357.46,3055211.01
2745.02,1983618.5
2744.96,1948907.87

SIPHT_100_165.xml
5015.51,3493500.82
3599.77,2531874.97
2507.87,1805221.19
2507.81,1774919.16

SIPHT_100_166.xml
4543.69,3171940.46
3656.13,2565336.14
2271.96,1642748.9
2271.9,1615770.68

SIPHT_100_167.xml
4639.48,3234020.2
4456.95,3118972.4
2319.86,1675876.24
2319.8,1647435.11

SIPHT_100_168.xml
4724.48,3299945.96
4725.21,3296099.34
2362.36,1710295.59
2362.3,1680330.08

SIPHT_100_169.xml
5310.82,3702040.15
3599.48,2537925.69
2655.53,1914714.25
2655.47,1881863.03

SIPHT_100_170.xml
4166.58,2907570.58
3352.54,2348819.8
2083.41,1499170.52
2083.35,1479657.37

SIPHT_100_171.xml
4877.1,3401113.19
3885.15,2720971.91
2438.67,1760971.02
2438.61,1730642.11

SIPHT_100_172.xml
4939.1,3439684.89
4160.77,2901348.94
2469.67,1776858.95
2469.61,1748688.15

SIPHT_100_173.xml
3750.89,2622190.72
3128.47,2191895.14
1875.56,1362313.12
1875.49,1337332.03

SIPHT_100_174.xml
3598.82,2519884.83
3008.79,2115394.07
1799.53,1309937.75
1799.47,1285781.01

SIPHT_100_175.xml
4710.57,3280374.72
4405.62,3075054.52
2355.4,1694590.59
2356.09,1668265.2

SIPHT_100_176.xml
4761.56,3312426.61
3737.98,2607997.81
2380.9,1709100.1
2380.84,1682514.69

SIPHT_100_177.xml
4607.97,3211084.66
3190.86,2243939.48
2304.1,1654698.34
2304.04,1632890.91

SIPHT_100_178.xml
4670.65,3263677.26
4671.37,3266090.32
2335.44,1690605.6
2335.38,1662315.23

SIPHT_100_179.xml
3790.97,2642905.34
3791.64,2643092.22
1895.6,1363519.11
1895.55,1346031.32

SIPHT_100_180.xml
5050.99,3522808.15
3407.65,2402384.43
2525.61,1822849.84
2525.55,1792078.6

SIPHT_100_181.xml
4472.72,3125947.33
3557.58,2498409.53
2236.48,1621131.39
2236.42,1592690.32

SIPHT_100_182.xml
4280.99,2985257.76
3014.13,2121117.6
2140.61,1544337.81
2140.55,1518673.09

SIPHT_100_183.xml
4379.72,3065947.06
3489.56,2462126.05
2189.98,1592644.97
2189.92,1564790.53

SIPHT_100_184.xml
4530.42,3164024.64
3152.67,2225746.68
2265.33,1634203.54
2265.27,1611780.51

SIPHT_100_185.xml
3987.3,2791691.8
3988.07,2787922.65
1993.77,1450413.63
1993.71,1423633.65

SIPHT_100_186.xml
4055.51,2835594.12
3208.16,2255038.55
2027.87,1470296.4
2027.81,1448927.3

SIPHT_100_187.xml
4280.71,2996447.37
4271.4,2983122.67
2140.47,1556351.06
2140.42,1527805.43

SIPHT_100_188.xml
4846.11,3376559.67
3215.56,2266114.4
2423.17,1745355.86
2423.12,1716574.23

SIPHT_100_189.xml
5318.12,3712095.28
4609.88,3234467.93
2659.18,1922575.97
2659.12,1887817.13

SIPHT_100_190.xml
5099.26,3541651.33
4003.31,2796319.73
2549.75,1824759.9
2549.69,1798271.82

SIPHT_100_191.xml
5122.38,3568749.68
3658.34,2563415
2561.31,1843496.57
2561.25,1813267.59

SIPHT_100_192.xml
4056.48,2830024.9
3281.65,2302075.59
2028.36,1463964.82
2028.3,1440379.59

SIPHT_100_193.xml
3711.64,2594692.37
3308.13,2315137.77
1855.94,1345697.57
1855.88,1322500.96

SIPHT_100_194.xml
5388.88,3755937.41
3644.71,2566334.72
2694.56,1942203.26
2694.5,1910010.57

SIPHT_100_195.xml
5302.28,3685632.55
3557.91,2495218.18
2651.26,1896054.44
2651.2,1873017.45

SIPHT_100_196.xml
5119.05,3557427.84
4039.09,2821059.74
2559.64,1829168.36
2559.58,1806572.76

SIPHT_100_197.xml
4894.84,3411664.51
3768.24,2640478.76
2447.54,1764074.66
2447.48,1735024.64

SIPHT_100_198.xml
4324.03,3028509.21
4324.75,3029019.68
2162.13,1573866.54
2162.1,1545329.43

SIPHT_100_199.xml
4607.82,3208273.13
3204.65,2249288.49
2304.03,1657218.47
2303.97,1630998.66

SIPHT_100_200.xml
5357.79,3731047.26
5358.52,3727207.81
2679.01,1927497.68
2678.96,1895939.54

SIPHT_100_201.xml
5036.35,3513822.79
3990.84,2809272.14
2518.29,1818431.24
2518.23,1789538.32

SIPHT_100_202.xml
5185.58,3601768.44
3461.68,2425915.48
2592.91,1858631.99
2592.85,1830751.63

SIPHT_100_203.xml
4471.18,3124493.08
3543.12,2492662.46
2235.71,1620531.79
2235.65,1591369.79

SIPHT_100_204.xml
4977.09,3476683.81
4033.44,2833046.62
2488.66,1802061.14
2488.61,1770359.71

SIPHT_100_205.xml
5259.26,3670533.76
3900.75,2744755.64
2629.75,1900793.4
2629.69,1868370.57

SIPHT_100_206.xml
4081.01,2848510.22
3336.93,2337861.39
2040.63,1475095.79
2040.57,1449484.68

SIPHT_100_207.xml
4569.2,3183973.59
3653.93,2560465.81
2284.72,1641543.63
2284.66,1620000.24

SIPHT_100_208.xml
4876.37,3403833.42
3424.25,2411412.21
2438.3,1762756.37
2438.24,1733348.68

SIPHT_100_209.xml
5348.67,3729594.07
4772.14,3339570.25
2674.45,1929541.09
2674.42,1900268.95

SIPHT_100_210.xml
4816.49,3354303.05
4817.17,3356279.42
2408.36,1732867.12
2408.31,1704670.47

SIPHT_100_211.xml
3886.76,2721697.08
3206.91,2258984.39
1943.5,1409286.81
1943.44,1389328.6

SIPHT_100_212.xml
4584.92,3203129.23
3147,2219323.97
2292.58,1660272.12
2292.52,1632447.06

SIPHT_100_213.xml
4864.92,3395403.51
3791.2,2664588.15
2432.58,1758103.06
2432.52,1728066.99

SIPHT_100_214.xml
5213.16,3623211.08
4129.31,2893500.79
2606.7,1870723.08
2606.64,1846075.55

SIPHT_100_215.xml
4299.89,3006830.77
3448.07,2426621.53
2150.06,1560661.04
2150,1531972.16

SIPHT_100_216.xml
4329.06,3025242.34
3395.56,2385714.21
2164.65,1567994.7
2164.59,1541134

SIPHT_100_217.xml
4688.16,3263521.11
3739.18,2624821.68
2344.2,1686684.9
2344.14,1659704.31

SIPHT_100_218.xml
5250.32,3656411.65
3590.61,2524139.77
2625.28,1888771.16
2625.22,1857665.53

SIPHT_100_219.xml
5212.01,3632625.01
4124.18,2890587.17
2606.12,1874279.76
2606.06,1848427.97

SIPHT_100_220.xml
5290.41,3691099.28
4128.33,2906686.52
2645.32,1910748.27
2645.27,1877970.29

SIPHT_100_221.xml
4397.33,3067077.14
3533.71,2479127.8
2198.78,1582843.38
2198.72,1561333.42

SIPHT_100_222.xml
5160.97,3580321.57
4021.65,2808029.44
2580.6,1842001.2
2580.54,1814691.25

SIPHT_100_223.xml
5328.61,3714626.84
4237.91,2975416.07
2664.42,1920464.04
2741.19,1943025.54

SIPHT_100_224.xml
4245.14,2961579.85
3120.5,2194700.1
2122.69,1532830.58
2122.63,1506507.21

SIPHT_100_225.xml
4120.2,2879139.24
3353.19,2356488.22
2060.22,1493235.22
2060.16,1466884.04

SIPHT_100_226.xml
4516.53,3146573.94
3244.71,2271643.63
2258.38,1626116.21
2258.33,1599808.58

SIPHT_100_227.xml
4809.17,3351988.59
3812.67,2679021.92
2404.7,1733386.73
2404.64,1703998.87

SIPHT_100_228.xml
4638.82,3238211.38
3684.84,2584770.05
2319.53,1676925.1
2319.47,1648183.56

SIPHT_100_229.xml
4907.22,3421484.39
4053.17,2838654.04
2453.73,1763844.55
2453.67,1740910.55

SIPHT_100_230.xml
4408.08,3073600.78
3744,2616315.66
2204.16,1585532.36
2204.1,1563689.3

SIPHT_100_231.xml
4699.49,3273986.31
3701.7,2600250.32
2349.86,1687346.79
2349.8,1665148.04

SIPHT_100_232.xml
4842.95,3376132.47
3827.26,2681589.05
2421.59,1746082.64
2421.53,1717828.25

SIPHT_100_233.xml
4350.98,3032541.11
4228.79,2948212.06
2175.61,1564140.31
2175.55,1543877.46

SIPHT_100_234.xml
5195.58,3616955.99
4113.74,2886014.71
2597.91,1867875.01
2597.85,1837533.2

SIPHT_100_235.xml
4745.13,3314563.41
4178.51,2921766.32
2372.68,1717995.99
2372.63,1686999.4

SIPHT_100_236.xml
4074.93,2852750.88
3326.71,2344647.18
2037.58,1481996.62
2037.53,1455287.36

SIPHT_100_237.xml
4612.24,3222684.6
4459.9,3115735.33
2306.24,1670762.5
2306.18,1642268.21

SIPHT_100_238.xml
4302.95,3011530.69
4303.68,3007654.78
2151.59,1564065.86
2288.86,1628111.71

SIPHT_100_239.xml
4734.77,3308560.08
3812.01,2683729.59
2367.5,1715322.27
2367.45,1685024.95

SIPHT_100_240.xml
5110.82,3571565.22
5111.57,3567614.72
2555.53,1851539.81
2555.47,1819591.93

SIPHT_100_241.xml
4121.23,2880353.94
3135.56,2206385.73
2060.73,1493933.03
2060.67,1467591.57

SIPHT_100_242.xml
5111.78,3558464.72
4205.18,2935060.9
2556.01,1837433.53
2555.95,1808525.06

SIPHT_100_243.xml
5028.2,3504335.64
3937.87,2763818.37
2514.22,1815212.4
2514.16,1784466.18

SIPHT_100_244.xml
5343.4,3715683.01
4276.8,2990040.4
2671.82,1921914.71
2671.76,1890073.59

SIPHT_100_245.xml
4268.13,2983468.6
3447.04,2424169.39
2134.18,1547537.29
2134.12,1519455.77

SIPHT_100_246.xml
5088.98,3551052.4
3938.37,2764518.6
2544.61,1838652.38
2544.55,1807030.18

SIPHT_100_247.xml
4691.66,3266412.53
4692.39,3261856.72
2345.95,1686931.86
2345.89,1659481.85

SIPHT_100_248.xml
5215.04,3628619.24
4132.11,2899986.68
2607.64,1872433.68
2607.58,1847950.21

SIPHT_100_249.xml
4645.35,3242305.4
4646.08,3247541.4
2322.79,1679084.63
2322.74,1650263.14

SIPHT_100_250.xml
4352.83,3033922.87
3523.12,2466317.33
2176.53,1563603.05
2176.47,1543227.49

SIPHT_100_251.xml
5039.28,3510848.52
3963.78,2781606.56
2519.76,1814503.09
2519.7,1785604.5

SIPHT_100_252.xml
4704.88,3274464.46
3320.83,2329388.26
2352.56,1690689.5
2352.5,1663152.34

SIPHT_100_253.xml
5139.69,3575069.35
3559.55,2491355.18
2569.96,1843510.93
2569.91,1815366.5

SIPHT_100_254.xml
4411.99,3073103.39
3131.27,2203298.83
2206.11,1587398.97
2206.05,1565170.44

SIPHT_100_255.xml
4354.57,3040997.74
3302.5,2321584.23
2177.4,1575252.13
2177.35,1548835.55

SIPHT_100_256.xml
4488.44,3135631.61
3128.61,2202381.22
2244.34,1625886.04
2244.28,1597615.79

SIPHT_100_257.xml
5178.22,3615930.63
3610.48,2546661.1
2589.23,1873560.2
2589.17,1841931.4

SIPHT_100_258.xml
4685.69,3268049.3
3359.35,2357053.92
2342.96,1690903.27
2342.9,1663166.97

SIPHT_100_259.xml
4517.66,3152680.24
3835.18,2687818.81
2258.95,1631760.01
2258.89,1604195.79

SIPHT_100_260.xml
5398.23,3749854.03
4242.35,2973011.55
2699.23,1932127.62
2699.17,1902005.62

SIPHT_100_261.xml
5171.71,3610431.29
5172.41,3616553.66
2585.97,1870217.31
2585.91,1837825.34

SIPHT_100_262.xml
4976.82,3462510.19
3868.19,2713661.09
2488.53,1786775.79
2488.47,1758724.92

SIPHT_100_263.xml
4752.7,3309714.13
3290.43,2321968.43
2376.47,1705564.15
2376.41,1683426.21

SIPHT_100_264.xml
5005.33,3494782.88
3989.36,2806823.99
2503,1810782.16
2502.72,1778432.71

SIPHT_100_265.xml
5157.04,3598538.22
3958.6,2786349.35
2578.64,1866390.07
2578.58,1833748.38

SIPHT_100_266.xml
4491.96,3137750.92
3391.47,2382745.83
2246.1,1625441.27
2246.04,1596811.12

SIPHT_100_267.xml
5405.93,3762152.84
3954.55,2771846.63
2703.08,1942234.59
2703.02,1911256.69

SIPHT_100_268.xml
4269.66,2980735.08
3182.8,2234988.87
2134.95,1544589.13
2134.89,1518211.18

SIPHT_100_269.xml
4891.06,3406813.16
3907.55,2734583.42
2445.65,1760745.18
2445.59,1731969.06

SIPHT_100_270.xml
4819.5,3351906.7
3482.24,2447775.48
2409.87,1732209.03
2409.81,1705680.07

SIPHT_100_271.xml
4432.73,3089051.77
3594.88,2516990.12
2217.33,1597753.11
2216.42,1570762

SIPHT_100_272.xml
4333.64,3017799.16
3473.53,2428517.23
2166.94,1558108.37
2166.88,1537310.86

SIPHT_100_273.xml
5242.51,3637844.66
3622.37,2529025.44
2621.37,1881486.89
2621.31,1846778.84

SIPHT_100_274.xml
4473.19,3120296.1
3139.28,2209128.61
2236.71,1617837.33
2236.66,1589375.3

SIPHT_100_275.xml
4551.27,3174987.23
3593.28,2519488.17
2275.76,1644681.87
2275.7,1617246.3

SIPHT_100_276.xml
4550.53,3172820.16
3619.19,2542955.18
2275.38,1640965.72
2275.32,1614163.42

SIPHT_100_277.xml
4566.75,3186494.05
3655.14,2571173.71
2283.49,1646132.88
2283.43,1624785.68

SIPHT_100_278.xml
4412.47,3080324.66
4060.37,2842666.54
2206.35,1588973.74
2206.29,1568533.77

SIPHT_100_279.xml
4073.72,2845010.8
3244.84,2277781.86
2036.98,1474221.62
2036.92,1448282.64

SIPHT_100_280.xml
4095.83,2862703.23
3785.08,2651566.51
2048.03,1484706.94
2047.97,1457694.25

SIPHT_100_281.xml
3888.28,2720160.38
3635.61,2548133.37
1944.26,1408394.93
1944.2,1387498.34

SIPHT_100_282.xml
4060.14,2844805.11
3809.22,2668233.74
2030.19,1480811.89
2116.25,1510403.38

SIPHT_100_283.xml
4375.29,3052739.65
3261.49,2296234.9
2187.76,1583189.57
2187.7,1555976.69

SIPHT_100_284.xml
4706.8,3283639.43
3687.19,2588134.96
2353.52,1699466.64
2353.46,1671193.59

SIPHT_100_285.xml
3958.45,2761264.08
2797.55,1965464.75
1979.34,1432325.53
1979.28,1407969.19

SIPHT_100_286.xml
4617.63,3220735.75
3609.26,2529889.04
2308.93,1666341.37
2308.88,1638800.27

SIPHT_100_287.xml
4120.01,2878429.69
4120.71,2874997.6
2060.12,1492671.16
2060.06,1466094.48

SIPHT_100_288.xml
5045.46,3517065.16
3729.98,2625314.82
2522.85,1819263.39
2522.79,1788608.75

SIPHT_100_289.xml
4665.91,3251062.27
3617.38,2535600.8
2333.07,1684044.05
2333.01,1655578.63

SIPHT_100_290.xml
4212.52,2944530.74
3429.99,2408835.06
2106.38,1528756.45
2106.32,1501623.07

SIPHT_100_291.xml
5045.88,3518549.23
3984.4,2799406.67
2523.06,1820278.59
2523,1789816.76

SIPHT_100_292.xml
3605.1,2518611.19
3605.85,2516159.92
1802.67,1306907.68
1802.61,1283326.21

SIPHT_100_293.xml
4579.59,3185699.29
3560.48,2499791.96
2289.91,1646234.01
2289.86,1620095.33

SIPHT_100_294.xml
5193.37,3617101.74
4075.39,2859799.34
2596.8,1868779.09
2596.75,1839007.91

SIPHT_100_295.xml
4747.32,3304558.97
3722.68,2612253.43
2373.77,1708604.78
2373.72,1679480.94

SIPHT_100_296.xml
4646.27,3243414.04
4236.37,2968275.32
2323.25,1679866.61
2323.2,1651824.43

SIPHT_100_297.xml
3697.43,2581626.38
3056.82,2143191.68
1848.83,1337332.66
1848.78,1314338.1

SIPHT_100_298.xml
5288.25,3687752.1
4129.62,2895646.92
2644.24,1908087.8
2644.18,1875014.28

SIPHT_100_299.xml
4589.09,3206291.75
4589.86,3195977.49
2294.66,1656918.07
2294.6,1633646.05

SIPHT_100_300.xml
4998.27,3489954.52
3873.86,2727137.64
2499.25,1808056.68
2499.19,1777825.73

SIPHT_100_301.xml
4769.18,3322387.6
3218.3,2264615
2384.71,1717187.48
2384.65,1690193.73

SIPHT_100_302.xml
5341.71,3708234.61
4169.6,2908045.49
2670.97,1912186.19
2670.92,1882504.32

SIPHT_100_303.xml
5206.08,3623836.39
5206.82,3620790.59
2603.16,1870723.31
2603.1,1841192.84

SIPHT_100_304.xml
5166.44,3594395.07
4073.8,2844530.84
2583.34,1855563.39
2583.28,1825415.73

SIPHT_100_305.xml
4790.86,3347185.17
3734.4,2626443.13
2395.55,1734919.22
2395.49,1704219.51

SIPHT_100_306.xml
4769.87,3324460.9
4588.54,3205219.27
2385.05,1714478.19
2384.99,1691766.73

SIPHT_100_307.xml
5108.28,3554431.29
3989.89,2792614.77
2554.26,1834615.58
2554.2,1805646.51

SIPHT_100_308.xml
4673.42,3269764.94
4362.29,3062803.49
2336.83,1697628.53
2336.77,1666610.99

SIPHT_100_309.xml
5073.15,3531683.97
3316.76,2334873.92
2536.69,1823679.89
2536.63,1794672.77

SIPHT_100_310.xml
4761.51,3322803.89
3603.82,2534741.86
2380.87,1720535.59
2380.82,1691100.8

SIPHT_100_311.xml
4083.25,2853530.39
3032.19,2133242.2
2041.74,1480383.02
2041.68,1454360.67

SIPHT_100_312.xml
5354.39,3722192.12
3619.74,2537064.43
2677.31,1919147.06
2677.26,1887842.39

SIPHT_100_313.xml
5393.58,3747168.46
3760.84,2629782.83
2696.91,1931594
2696.85,1901046.42

SIPHT_100_314.xml
4129.21,2884715.53
3346.8,2351861.06
2064.72,1489142.18
2064.67,1469717.34

SIPHT_100_315.xml
3887.92,2719931.6
3475.01,2434964.42
1944.08,1411652.35
1944.02,1386727.13

SIPHT_100_316.xml
5351.84,3718179.6
4200.79,2930492.33
2676.04,1911497.74
2675.98,1887682.64

SIPHT_100_317.xml
5315.47,3702839.19
4170.22,2916470.04
2657.85,1913465.55
2657.79,1881848.87

SIPHT_100_318.xml
5283.02,3673455.49
3707.45,2602870.3
2641.63,1891389.33
2641.57,1868531.7

SIPHT_100_319.xml
5173.5,3599754.82
4042.11,2822010.1
2586.87,1861157.81
2586.81,1831610.67

SIPHT_100_320.xml
4031.16,2819984.73
3221.36,2271421.73
2015.7,1463706.48
2015.64,1437404.66

SIPHT_100_321.xml
4758.8,3323587.8
3739.12,2628120.34
2379.52,1717914.4
2379.46,1693439.77

SIPHT_100_322.xml
4551.19,3180904.91
3286.38,2312619.79
2275.71,1649731.31
2275.65,1620496.2

SIPHT_100_323.xml
4657.82,3242197.94
3175.57,2232785.58
2329.03,1669751.16
2328.97,1648674.84

SIPHT_100_324.xml
5098.29,3559482.01
5099.02,3553855.94
2549.26,1844166.72
2549.21,1812017.9

SIPHT_100_325.xml
4355.07,3035233.16
2995.05,2103936.92
2177.65,1569990.89
2177.59,1544738.19

SIPHT_100_326.xml
4835.2,3373399.59
3841.2,2697050.89
2417.72,1744224.77
2417.66,1717202.75

SIPHT_100_327.xml
4926.81,3432787.67
3301.74,2329310.71
2463.52,1774020.43
2463.46,1745923.74

SIPHT_100_328.xml
3524.34,2463618.18
2812.78,1981995.4
1762.29,1279619.61
1762.23,1257013.83

SIPHT_100_329.xml
4853.66,3382540.97
3870.61,2706723.65
2426.95,1748998.11
2426.89,1719868.01

SIPHT_100_330.xml
5054.17,3517559.02
5054.87,3510944.62
2527.2,1810244.79
2527.14,1787006.74

SIPHT_100_331.xml
4559.7,3177352.67
3225.09,2267899.92
2279.97,1636343.47
2279.91,1615082.47

SIPHT_100_332.xml
4198.7,2938229.25
3458.93,2433449.89
2099.47,1525747.33
2099.41,1497780.36

SIPHT_100_333.xml
4926.65,3422250.21
3873.2,2705846.26
2463.45,1766529.94
2463.39,1738763.02

SIPHT_100_334.xml
5434.5,3793381.51
5435.22,3781984.63
2717.37,1964838.92
2717.33,1931507.87

SIPHT_100_335.xml
4738.57,3298407.97
3151.07,2212952.53
2369.4,1705464.49
2369.34,1677771.99

SIPHT_100_336.xml
4256,2971193.81
3766.78,2632990.47
2128.12,1538929.86
2128.06,1512706.13

SIPHT_100_337.xml
4194.56,2919048.2
3366.82,2354085.05
2097.4,1501954.42
2114.78,1493972.82

SIPHT_100_338.xml
5137.28,3580944.86
3757.92,2641633.68
2568.76,1851724.48
2568.7,1821581.69

SIPHT_100_339.xml
4927.9,3434028.95
3847.17,2697878.4
2464.07,1775270.99
2464.01,1746014.01

SIPHT_100_340.xml
4157.46,2901846.23
3285.54,2311443.54
2078.85,1511181.37
2078.79,1479597.09

SIPHT_100_341.xml
4702.67,3281022.88
4703.38,3281617.44
2351.45,1698396.09
2351.39,1669377.88

SIPHT_100_342.xml
4496.75,3129116.58
3284.73,2306377.41
2248.49,1613203.38
2248.43,1592920.29

SIPHT_100_343.xml
4427.48,3092870.31
4361.69,3044769.93
2213.86,1607750.17
2213.8,1579386.22

SIPHT_100_344.xml
4086.93,2853875.65
2927.35,2063564.24
2043.58,1478555.24
2043.52,1451348.15

SIPHT_100_345.xml
4781.62,3340484.02
3806.21,2674121.66
2390.93,1732249.29
2390.87,1702501.48

SIPHT_100_346.xml
4007.29,2799520.17
3429.34,2401076.89
2003.76,1451105.06
2003.7,1425649.52

SIPHT_100_347.xml
4902.84,3430982.71
3884.06,2738989.55
2451.54,1782200.69
2451.48,1751471.89

SIPHT_100_348.xml
4234.01,2958162.22
4234.73,2954986.07
2117.12,1533460.54
2117.07,1507009.19

SIPHT_100_349.xml
4826.28,3370058.79
4826.96,3364929.55
2413.26,1745294.64
2413.2,1715682.43

SIPHT_100_350.xml
4546.87,3174759.88
3287.26,2310336.31
2273.55,1646134.92
2273.49,1616927.06

SIPHT_100_351.xml
3812.01,2665738.51
3185.94,2240312.84
1906.12,1383399.19
1906.07,1358848.38

SIPHT_100_352.xml
4900.64,3414335.46
3726.49,2614511.41
2450.43,1768426.03
2450.38,1736114.07

SIPHT_100_353.xml
5498.15,3829511.96
3777.22,2649563.17
2749.19,1980209.49
2749.13,1947076.13

SIPHT_100_354.xml
5365.34,3728628.44
5366.09,3717600.35
2682.79,1916761.51
2682.73,1893859.36

SIPHT_100_355.xml
5073.73,3529550.35
3571.7,2503923.43
2536.98,1817035.92
2536.92,1793043.31

SIPHT_100_356.xml
4891.18,3409309.76
3814.61,2679524.95
2445.71,1758497.28
2445.65,1735373.03

SIPHT_100_357.xml
5183.34,3613061.38
5117.87,3562893.25
2591.79,1870009.82
2591.73,1840029.82

SIPHT_100_358.xml
4524.07,3151251.83
3608.86,2530009.85
2262.15,1628235.37
2262.09,1601698.98

SIPHT_100_359.xml
4959.94,3444564.92
3904.25,2729404.21
2480.09,1774074.35
2480.03,1747089.85

SIPHT_100_360.xml
4890.83,3419743.02
3736.62,2626709.51
2445.53,1774252.72
2445.48,1742614.61

SIPHT_100_361.xml
4237.73,2961419.35
3126.84,2202998.15
2118.98,1536158.01
2118.93,1509640.75

SIPHT_100_362.xml
4733.79,3304265.03
4734.54,3308363.62
2367.01,1711337.73
2366.96,1681908.18

SIPHT_100_363.xml
4115.5,2878429.44
3361.39,2363886.43
2057.87,1488754.16
2057.81,1467999.55

SIPHT_100_364.xml
4142.62,2890071.43
3631.94,2550224.74
2071.43,1495252.74
2071.37,1473843.87

SIPHT_100_365.xml
4813.31,3348519.95
4814.05,3343567.04
2406.77,1731372.99
2406.71,1702963.46

SIPHT_100_366.xml
4036.59,2810352.84
3265.81,2283719.67
2018.41,1451565.54
2018.35,1427667.76

SIPHT_100_367.xml
4774.48,3332791.55
4463.02,3117221.13
2387.36,1728396.53
2387.3,1697908.11

SIPHT_100_368.xml
4829.47,3366935.36
4769.08,3320272.3
2414.85,1737216.11
2414.79,1714280.29

SIPHT_100_369.xml
4181.45,2911035.89
3416.96,2390985.14
2090.84,1503230.31
2090.78,1479171.21

SIPHT_100_370.xml
5044.27,3514626.87
3923.79,2758372.57
2522.25,1817314.01
2522.2,1786638.22

SIPHT_100_371.xml
4975.78,3467719.73
4827.13,3359993.98
2488.01,1792698.64
2487.95,1763697.47

SIPHT_100_372.xml
4402.48,3068145.51
3469.42,2430628.14
2201.36,1586895.89
2201.3,1559948.02

SIPHT_100_373.xml
5364.87,3745818.08
4227.62,2970827.13
2682.55,1940617.21
2682.49,1906696.79

SIPHT_100_374.xml
3632.39,2538534.37
3006.37,2109552.26
1816.31,1316341.28
1816.25,1292984.61

SIPHT_100_375.xml
3591.58,2516854.23
2969.75,2093270.26
1795.9,1303499.34
1795.83,1283709.59

SIPHT_100_376.xml
5201.82,3624128.71
3636.9,2555526.46
2601.03,1873080.81
2600.97,1843361.32

SIPHT_100_377.xml
4711.2,3283604.53
3714.25,2609321.17
2355.72,1697540.11
2355.66,1669070.17

SIPHT_100_378.xml
5140.23,3582113.72
3492.06,2452011.06
2570.23,1851736.96
2570.18,1821728.46

SIPHT_100_379.xml
4172.9,2915444.39
4173.6,2914875.68
2086.57,1515647.65
2086.51,1488315.89

SIPHT_100_380.xml
4829.85,3373257.33
3652.71,2564766.34
2415.04,1748251.66
2414.98,1717192.55

SIPHT_100_381.xml
4690.68,3273976.61
3694.33,2592047.75
2345.46,1695502.14
2345.4,1666428.07

SIPHT_100_382.xml
4754.55,3315529.44
3156.8,2225806.43
2377.39,1710862.95
2377.33,1687558.72

SIPHT_100_383.xml
4715.48,3288320.38
4344.92,3033515.56
2357.86,1701149.27
2357.8,1674267.37

SIPHT_100_384.xml
4219.22,2940718.84
3085.5,2166062.35
2109.73,1517096.3
2109.67,1495453.46

SIPHT_100_385.xml
5184.58,3611439.17
4011.92,2804696.79
2592.41,1865897.46
2592.35,1837258.04

SIPHT_100_386.xml
5104.06,3558224.26
4088.27,2861749.32
2552.15,1841158.94
2552.09,1811520.61

SIPHT_100_387.xml
4239.54,2952466.07
3359.53,2353467.16
2119.89,1525786.15
2119.83,1500956.33

SIPHT_100_388.xml
4982.39,3467575.02
3424.71,2406566.5
2491.31,1790578.37
2508.67,1772986

SIPHT_100_389.xml
4284.91,2993654.62
4101.31,2860359.56
2142.57,1551690.23
2142.51,1524091.7

SIPHT_100_390.xml
4934.63,3435942.92
3891.06,2720737.16
2467.43,1774716.89
2467.37,1745349.3

SIPHT_100_391.xml
4987.72,3475536.16
4472.68,3126340.82
2493.98,1796913.55
2493.92,1767603.86

SIPHT_100_392.xml
4697.78,3269555.01
3232.78,2276576.29
2349.01,1689307.26
2348.95,1663407.99

SIPHT_100_393.xml
4770.67,3325225.5
3476.02,2435110.49
2385.45,1715474.8
2385.39,1691491.56

SIPHT_100_394.xml
4251.96,2963460.16
3528.25,2466353.47
2126.1,1532215.53
2126.04,1506915.36

SIPHT_100_395.xml
4550.86,3177095.26
3602.14,2531812.46
2275.55,1645651.33
2275.49,1617634.82

SIPHT_100_396.xml
4518.56,3150630.61
3956.84,2770009.29
2259.4,1629758.98
2259.34,1603493.37

SIPHT_100_397.xml
4465.09,3117844.34
4371.07,3063296.15
2232.66,1617123.11
2232.6,1588687.41

SIPHT_100_398.xml
5130.93,3579449.57
4065.82,2854239.74
2565.58,1852926.34
2565.52,1821564.53

SIPHT_100_399.xml
4316.72,3015993.91
3914.71,2733973.29
2158.48,1563841.15
2158.42,1536852.98

SIPHT_100_400.xml
4361.88,3044514.74
3187.65,2241369.25
2181.06,1576576.94
2181,1550741.99

SIPHT_100_401.xml
5351.98,3719198.37
4248.78,2975273.02
2676.11,1911169.74
2676.05,1887992.45

SIPHT_100_402.xml
3856.46,2704786.38
3480.07,2453790.48
1928.35,1409246.6
1928.29,1382369.47

SIPHT_100_403.xml
3926.15,2747489.69
3164.1,2227311.26
1963.19,1426624.32
1963.13,1401177.65

SIPHT_100_404.xml
4340.52,3022239.95
4307.02,2997712.32
2170.38,1563753.07
2170.32,1538360.7

SIPHT_100_405.xml
4010.28,2796591.37
3185.83,2235162.14
2005.26,1441694.06
2005.2,1422548.71

SIPHT_100_406.xml
3802.84,2659069.97
2905.59,2046177.66
1901.54,1379776.18
1901.5,1355379.84

SIPHT_100_407.xml
4948.56,3444441.14
3805.7,2672779.43
2474.4,1776524.57
2474.34,1753181.52

SIPHT_100_408.xml
4848.2,3368130.7
3926.72,2740778.9
2424.22,1730833.4
2424.16,1707541.37

SIPHT_100_409.xml
5149.16,3591460.82
3985.03,2795487.4
2574.7,1858551.17
2591.96,1836935.6

SIPHT_100_410.xml
4229.39,2955578.69
3441.16,2424845.67
2114.81,1532396.56
2114.75,1506236.24

SIPHT_100_411.xml
4295.56,3007914.57
3514.33,2472556.45
2147.9,1562994.48
2147.84,1534318.16

SIPHT_100_412.xml
5046.34,3515770.11
3398.12,2389711.8
2523.29,1817037.54
2523.23,1788993.51

SIPHT_100_413.xml
3798.03,2656117.14
3590.59,2512519.05
1899.13,1378318.48
1899.08,1353597.62

SIPHT_100_414.xml
4909.21,3416430.8
3330.54,2349214.03
2454.72,1759208.13
2454.66,1737010.14

SIPHT_100_415.xml
5140.68,3581390.82
4380.38,3064283.03
2570.46,1850822.64
2587.89,1830244.54

SIPHT_100_416.xml
4994.27,3477713.49
3974.91,2777631.74
2497.25,1800775.15
2497.19,1770097.23

SIPHT_100_417.xml
3544.97,2482427.32
3545.7,2485431.52
1772.6,1289366.62
1772.52,1265526.82

SIPHT_100_418.xml
5150.86,3582153.05
3529.71,2480945.74
2575.55,1852923.5
2575.49,1818719.77

SIPHT_100_419.xml
4326.75,3013007.64
3122.52,2187368.53
2163.49,1564954.97
2163.43,1532857.98

SIPHT_100_420.xml
4968.86,3463916.73
4969.61,3457585.51
2484.55,1792290.26
2484.49,1762930.11

SIPHT_100_421.xml
4998.75,3471472.38
3969.45,2765129.55
2499.5,1788833.38
2499.44,1762798.95

SIPHT_100_422.xml
5255.65,3653310.31
4145.41,2900041.14
2627.94,1882421.83
2627.89,1853310.82

SIPHT_100_423.xml
4468.06,3113719.8
4138.42,2893974.98
2234.15,1604631.18
2234.09,1584649.5

SIPHT_100_424.xml
4985.53,3470027.58
3795.53,2664156.39
2492.88,1790836.66
2492.82,1766915.9

SIPHT_100_425.xml
4944.7,3436832.25
3345.93,2343779.84
2472.47,1771550.61
2472.41,1744213.52

SIPHT_100_426.xml
5133.77,3585826.12
3873.12,2722507.65
2567,1855495.96
2566.95,1822780.25

SIPHT_100_427.xml
4997.45,3490205.93
4712.14,3288793.96
2498.84,1808418.37
2498.79,1777849.29

SIPHT_100_428.xml
4986.7,3477984.97
3874.81,2716043.33
2493.47,1799716.16
2493.41,1768767.13

SIPHT_100_429.xml
5108.83,3543530.66
4016.23,2807140.79
2554.53,1825988.21
2554.47,1802584.21

SIPHT_100_430.xml
4292.98,2992647.33
3385.17,2377177.6
2146.61,1548302.39
2146.55,1523299.09

SIPHT_100_431.xml
5095.86,3539766.44
3391.31,2383610.48
2548.05,1825924.87
2547.99,1796474.6

SIPHT_100_432.xml
4029.42,2816951.09
2911.8,2053842.44
2014.83,1461184.09
2014.77,1435335.46

SIPHT_100_433.xml
5079.26,3535664.5
4087.89,2858284.54
2539.75,1826005.58
2557.1,1807447.03

SIPHT_100_434.xml
4221.39,2954629.35
3747.35,2624995.22
2110.81,1534603.23
2110.76,1506821.44

SIPHT_100_435.xml
4167.88,2912594.42
4005.82,2799730.17
2084.06,1510212.12
2084,1482801.43

SIPHT_100_436.xml
5237.56,3652855.65
4104.93,2880278.67
2618.9,1890204.17
2618.84,1858331.64

SIPHT_100_437.xml
4404.23,3074852.54
3635.39,2546723.44
2202.23,1592675.23
2202.17,1565720.83

SIPHT_100_438.xml
4635.73,3241898.82
3623.23,2552663.3
2317.98,1682480.11
2317.92,1651883.89

SIPHT_100_439.xml
4016.12,2799006.65
2888.14,2030222.47
2008.18,1446826.8
2008.12,1426264.83

SIPHT_100_440.xml
4855.98,3387680.21
4403.21,3082330.07
2428.11,1753348.51
2428.05,1724160.95

SIPHT_100_441.xml
4329.17,3028412.6
3465.6,2437002.31
2164.7,1571813.23
2164.65,1542978.32

SIPHT_100_442.xml
4270.07,2979623.79
2996.63,2111165.65
2135.15,1542601.17
2135.09,1517267.88

SIPHT_100_443.xml
4862.48,3382084.53
3866.54,2706632.13
2431.36,1739154.03
2431.3,1718182.45

SIPHT_100_444.xml
5139.8,3591698.43
4044.5,2842788.84
2570.02,1862596.9
2569.96,1828742.09

SIPHT_100_445.xml
4949.88,3444210.69
4950.57,3438875.04
2475.06,1773076.91
2475,1751134.26

SIPHT_100_446.xml
4593.93,3208209.87
3381.55,2379239.69
2297.08,1662505.16
2297.02,1633443.37

SIPHT_100_447.xml
4424.4,3082216.8
3536.42,2477083.78
2212.32,1592567.18
2212.26,1567438.65

SIPHT_100_448.xml
4636.21,3231081.45
3373.87,2373789.3
2318.22,1671344.55
2318.16,1643076.57

SIPHT_100_449.xml
4143.53,2886357.14
3613.29,2532065.43
2071.88,1490838.81
2071.82,1470298.16

SIPHT_100_450.xml
4814.45,3352804.46
3262.7,2292905.57
2407.34,1733438.05
2407.28,1705219.91

SIPHT_100_451.xml
4608.09,3219381.58
4196.99,2934801.41
2304.16,1668854.08
2304.1,1640163.56

SIPHT_100_452.xml
4670.66,3242164.34
3111.99,2176482.85
2335.45,1668867.13
2335.39,1644048.02

SIPHT_100_453.xml
3658.75,2554718.15
2705.18,1904390.38
1829.49,1323969.32
1829.43,1301369.25

SIPHT_100_454.xml
4607.84,3217822.1
3622.26,2548961.68
2304.04,1667477.24
2303.98,1639277.69

SIPHT_100_455.xml
5090.77,3538389.67
3996.92,2803242.09
2545.5,1825003.83
2545.44,1795525.54

SIPHT_100_456.xml
4134.3,2886716.4
3088.27,2167692.42
2067.27,1490650.93
2067.21,1470655.85

SIPHT_100_457.xml
5127.58,3573794.68
5128.27,3567882.91
2563.91,1842092.96
2563.85,1817298.54

SIPHT_100_458.xml
5067.78,3529405.12
3470.1,2434260.4
2534.01,1816776.69
2533.95,1793644.82

SIPHT_100_459.xml
4313.56,3010485.1
3113.64,2196331.76
2156.9,1558848.06
2174.26,1541931.94

SIPHT_100_460.xml
5136.92,3566737.47
3396.48,2380018.16
2568.58,1835785.65
2568.52,1812030.43

SIPHT_100_461.xml
5156.88,3598401.96
3603.43,2531899.38
2578.56,1861993.57
2578.5,1830748.76

SIPHT_100_462.xml
5009.35,3486819.62
3355.41,2360312.69
2504.79,1796362.54
2504.73,1772387.65

SIPHT_100_463.xml
5266.2,3672673.44
4159.34,2914405.76
2633.22,1900497.41
2633.16,1867955.88

SIPHT_100_464.xml
4706.88,3279352.74
3832.95,2688847.01
2353.56,1698109.05
2353.5,1670272.56

SIPHT_100_465.xml
3564.6,2497747.5
3357.59,2358437.29
1782.42,1305710.63
1782.36,1276284.49

SIPHT_100_466.xml
4144.36,2882145.13
2972.09,2084656.75
2072.3,1490498.32
2072.24,1466848.89

SIPHT_100_467.xml
4458.17,3115128.57
3114.53,2200425.69
2229.2,1614968.23
2229.15,1586913.02

SIPHT_100_468.xml
4970.5,3460166.54
3284.59,2311333.34
2485.37,1791018.78
2485.31,1761319.93

SIPHT_100_469.xml
5180.28,3605013.02
4028.2,2832313.55
2590.26,1859930.16
2590.2,1835760.34

SIPHT_100_470.xml
5193.11,3615877.18
3549.05,2487686.91
2596.67,1860751.38
2596.61,1834687.12

SIPHT_100_471.xml
5099.83,3564139.13
3527.31,2489755.88
2550.03,1848333.18
2549.97,1815685.14

SIPHT_100_472.xml
4580.5,3194036.75
3659.95,2569857.69
2290.37,1653015.78
2290.33,1627444.43

SIPHT_100_473.xml
5070.74,3532389.39
3391.06,2383841.48
2535.49,1825236.4
2535.43,1796046.59

SIPHT_100_474.xml
5210.77,3624437.13
4081.7,2862570.08
2605.5,1864486.33
2605.45,1840923.24

SIPHT_100_475.xml
5230.07,3643178.12
5230.82,3647994.43
2615.15,1877982.14
2615.09,1853925.71

SIPHT_100_476.xml
5170.89,3598616.51
3457.65,2428350.52
2585.56,1858296.11
2585.51,1828750.57

SIPHT_100_477.xml
4421.51,3083077.22
3120.2,2197740.68
2210.87,1590592.22
2210.82,1568716.38

SIPHT_100_478.xml
4408.68,3079721.04
3560.03,2503127.58
2204.46,1597025.83
2207,1570449.95

SIPHT_100_479.xml
4065.99,2832833.44
3225.89,2266799.25
2033.11,1465354.46
2033.05,1445398.93

SIPHT_100_480.xml
4804.47,3342621.25
3884.52,2713892.9
2402.35,1725241.88
2402.29,1698524.59

SIPHT_100_481.xml
4907.38,3423013.34
3656.21,2570098.41
2453.81,1771216.02
2453.75,1741834.97

SIPHT_100_482.xml
4344.86,3034499.59
3849.92,2694729.24
2172.55,1572419.31
2172.51,1546423

SIPHT_100_483.xml
5008.05,3485471.15
5008.78,3469078.84
2504.14,1799674.38
2504.08,1771541.27

SIPHT_100_484.xml
4626.41,3237981.35
4384.97,3067755.25
2313.32,1681890.1
2313.27,1651132.27

SIPHT_100_485.xml
4330.38,3025291.97
3099.63,2181815
2165.31,1568672.84
2165.25,1541811.34

SIPHT_100_486.xml
5081.23,3535214.78
4085.53,2861618.19
2540.73,1824273.16
2540.68,1795746.28

SIPHT_100_487.xml
4828.65,3359270.71
4206.16,2936513.92
2414.44,1736992.76
2414.38,1709092.32

SIPHT_100_488.xml
5111.17,3556302.79
3809.73,2672945.18
2555.7,1835205.47
2555.64,1807005.9

SIPHT_100_489.xml
4459.8,3108801.14
3226.97,2267297.19
2230.02,1607627.5
2229.96,1580846.31

SIPHT_100_490.xml
3899.65,2723790
3900.35,2720964.41
1949.95,1406919.79
1949.89,1387509.73

SIPHT_100_491.xml
5072.16,3533167.62
4006.82,2803087.95
2536.2,1820046.26
2536.14,1796877.25

SIPHT_100_492.xml
5003.77,3488704.84
3294.5,2324950.63
2502,1800366.7
2501.94,1775322.53

SIPHT_100_493.xml
5052.9,3521896.46
4001.77,2809815.46
2526.57,1815720.91
2526.51,1790416.52

SIPHT_100_494.xml
5177.25,3608078.59
4076.9,2864641.42
2588.75,1865084.93
2588.69,1834050.33

SIPHT_100_495.xml
4655.23,3242807.5
3663.8,2565964.51
2327.73,1674963.43
2327.67,1652362.2

SIPHT_100_496.xml
4247.62,2968784.92
3150.17,2218347.39
2123.93,1544315.59
2123.87,1510979.89

SIPHT_100_497.xml
4888.43,3403796.46
3856.47,2692717.28
2444.34,1758314.26
2444.28,1729403.62

SIPHT_100_498.xml
4956.41,3455073.11
4470.13,3119560.2
2478.32,1786794.26
2478.26,1756940.81

SIPHT_100_499.xml
4458.47,3107556.19
3612.58,2529257.16
2229.35,1602145.1
2229.29,1581590.86

SIPHT_100_500.xml
5073.21,3529933.44
3997.49,2794289.21
2536.72,1821936.59
2536.67,1792609.19

SIPHT_100_501.xml
4614.87,3220943.09
4496.34,3147118.47
2307.55,1672045.69
2307.5,1642365.86

SIPHT_100_502.xml
4617.36,3216828.49
4618.14,3209706.28
2308.8,1657012.18
2308.74,1635627.15

SIPHT_100_503.xml
5248.29,3651739.75
4128.39,2887227.09
2624.26,1886318.56
2624.21,1856066.02

SIPHT_100_504.xml
4667.62,3263932.68
4153.86,2911918.04
2333.93,1694065.18
2333.87,1663123.97

SIPHT_100_505.xml
4804.17,3350231.75
3779.11,2651379.82
2402.2,1733002.16
2402.14,1703949.14

SIPHT_100_506.xml
4514.47,3154425.95
4455.62,3105630.71
2257.35,1630860.97
2257.29,1608419.2

SIPHT_100_507.xml
5298.71,3691693.91
4150.25,2911697.71
2649.47,1908155.77
2649.42,1876703.16

SIPHT_100_508.xml
4388.7,3057647.16
3509.66,2465124.75
2194.47,1582165.63
2194.41,1555605.96

SIPHT_100_509.xml
4467.52,3119746.26
3601.92,2526289.1
2233.88,1616816.73
2233.82,1587627.48

SIPHT_100_510.xml
4816.25,3363177.27
4816.96,3362810.51
2408.24,1742535.97
2408.18,1712369.96

SIPHT_100_511.xml
4986.55,3472992.18
3326.29,2336663.3
2493.39,1794176.92
2493.33,1765194.02

SIPHT_100_512.xml
5164.99,3602224.97
3439.92,2424387.98
2582.61,1865970.11
2582.56,1834439.59

SIPHT_100_513.xml
4514.92,3143255.51
3689.21,2577326.17
2257.58,1618578.59
2257.52,1598316.69

SIPHT_100_514.xml
4243.79,2966907.29
3412.49,2403061.92
2122.01,1539272.39
2121.95,1510823.07

SIPHT_100_515.xml
5012.01,3489093.08
3997.77,2800802.91
2506.12,1802109.62
2506.06,1774055.66

SIPHT_100_516.xml
5162.05,3604937.65
4876.21,3406214.68
2581.14,1867989.83
2581.08,1835651.73

SIPHT_100_517.xml
4898.36,3420004.76
4899.07,3413183.37
2449.3,1771304.57
2449.24,1741417.65

SIPHT_100_518.xml
4528.18,3159092.32
3580.26,2504931.94
2264.21,1635123.24
2264.15,1606871.47

SIPHT_100_519.xml
4563.2,3182607.1
4563.86,3185209.76
2281.72,1646721.43
2281.66,1618998.45

SIPHT_100_520.xml
4926.06,3426209.53
3808.03,2667534.51
2463.15,1767363.45
2463.09,1740547.46

SIPHT_100_521.xml
4331.65,3015160.29
3773.23,2635143.87
2165.94,1557019.25
2165.89,1532033.6

SIPHT_100_522.xml
4976.21,3462144.46
4017.42,2805622.24
2488.22,1782171.67
2488.16,1759187.14

SIPHT_100_523.xml
5341.93,3727205.94
4218.59,2962737.99
2671.08,1928752.67
2671.02,1897062.36

SIPHT_100_524.xml
3902.15,2726035.33
2903.23,2040779.6
1951.19,1409466.72
1951.13,1390182

SIPHT_100_525.xml
5161.38,3603026.07
4003.78,2812593.18
2580.81,1862175.34
2580.75,1834813.95

SIPHT_100_526.xml
4396.06,3070826.35
3042.57,2147282.11
2198.15,1591537.35
2198.09,1564580.34

SIPHT_100_527.xml
4196.78,2937062.31
3278.76,2306947.79
2098.51,1520194.72
2098.45,1496667.2

SIPHT_100_528.xml
4102.63,2864103.19
3608.6,2521428.57
2051.43,1479354.38
2051.37,1458240.92

SIPHT_100_529.xml
4814.89,3357035.98
3270.52,2303752.4
2407.56,1736402.59
2407.5,1708920.29

SIPHT_100_530.xml
4326.27,3013859.26
3118.47,2191505.81
2163.25,1557462.27
2163.2,1532024.67

SIPHT_100_531.xml
4322.21,3012436.33
3440.77,2406111.46
2161.22,1553304.92
2161.16,1532835.57

SIPHT_100_532.xml
5143.41,3580081.25
5144.2,3569907.42
2571.82,1848652.47
2571.76,1818970.09

SIPHT_100_533.xml
5299.34,3686987.24
4147.96,2913181.11
2649.79,1906943.68
2649.73,1875432.2

SIPHT_100_534.xml
4329.59,3021903.89
3418.43,2405952.56
2164.91,1564871.67
2164.85,1538204.07

SIPHT_100_535.xml
3987.87,2793104.48
3140.05,2207487.06
1994.05,1457210.98
1993.99,1423665.12

SIPHT_100_536.xml
3959.2,2764881.44
3959.92,2768819.32
1979.72,1428445.19
1979.66,1408389.32

SIPHT_100_537.xml
4437.24,3097958.27
4355.73,3039119.28
2218.74,1606867.2
2218.68,1579157.47

SIPHT_100_538.xml
4794.06,3346235.63
4324.79,3027430.63
2397.15,1732924.85
2397.09,1703747.84

SIPHT_100_539.xml
3836.1,2682102.57
3385.1,2370355.41
1918.17,1391354.62
1918.11,1366930.32

SIPHT_100_540.xml
4403.74,3074892.37
4266,2972541.42
2201.99,1588744.85
2201.93,1567169.38

SIPHT_100_541.xml
4434.49,3097098.1
4435.19,3091796.73
2217.36,1605156.32
2217.3,1576527.13

SIPHT_100_542.xml
5031.84,3507015.26
3933.39,2755775.51
2516.04,1813427.9
2515.98,1783102.37

SIPHT_100_543.xml
4703.53,3277105
3494.41,2457025.02
2351.88,1693972.32
2351.83,1665390.26

SIPHT_100_544.xml
4750.51,3305793.94
3299.71,2312533.89
2375.37,1706068.58
2375.32,1680190.98

SIPHT_100_545.xml
4670.81,3256042.4
3415.9,2397862.31
2335.52,1683989.62
2335.46,1656705.64

SIPHT_100_546.xml
4647.73,3234196.5
3714.17,2603534.48
2323.98,1668622.95
2323.92,1646854.91

SIPHT_100_547.xml
5203.96,3622044.57
3818.22,2680148.24
2602.1,1869764.87
2602.04,1840799.01

SIPHT_100_548.xml
5360.21,3736518.36
4257.52,2991674.94
2680.22,1932738.18
2680.16,1900919.58

SIPHT_100_549.xml
5128.68,3563182.02
3453.64,2426372.12
2564.46,1835191.26
2564.4,1811696.25

SIPHT_100_550.xml
4745.66,3306870.11
3879.08,2716666.75
2372.95,1704467.07
2372.89,1682213.41

SIPHT_100_551.xml
4636.48,3233267.42
3698.59,2592726.48
2318.36,1672634.18
2318.3,1645113.78

SIPHT_100_552.xml
4787.06,3334659.16
3844.63,2695396.55
2393.65,1718678.74
2393.59,1691617.03

SIPHT_100_553.xml
4916.55,3423260.36
3881.43,2709752.66
2458.39,1768121.05
2458.33,1738805.27

SIPHT_100_554.xml
4608.6,3212827.78
3685.37,2588033.57
2304.42,1661754.62
2304.36,1633651.56

SIPHT_100_555.xml
4730.38,3304397.68
3531.28,2489113.79
2365.31,1712507.32
2365.25,1684010.98

SIPHT_100_556.xml
4463.81,3115963
3553.39,2499837.69
2232.02,1613790.29
2231.96,1586122.64

SIPHT_100_557.xml
5223.89,3642166.26
3663.31,2574469.94
2612.06,1883058.66
2612,1853151.22

SIPHT_100_558.xml
4204.02,2932919.24
3381.95,2372624.98
2102.13,1517529.03
2102.07,1491986.36

SIPHT_100_559.xml
4865.33,3378927.99
3300,2312333.88
2432.78,1740325.61
2623.78,1843396.32

SIPHT_100_560.xml
5300.87,3684057.17
3552.03,2487103.72
2650.55,1899070.95
2650.5,1869129.88

SIPHT_100_561.xml
4600.38,3212288.61
3866.79,2709772.52
2300.31,1665142.96
2300.25,1636831.76

SIPHT_100_562.xml
3620.36,2531482.69
3605.09,2512257.06
1810.3,1313338.35
1810.24,1290200.08

SIPHT_100_563.xml
4429.16,3089263.05
4429.9,3080267.37
2214.7,1598312.85
2214.64,1571175.07

SIPHT_100_564.xml
3778.74,2650962.25
3127.69,2202927.36
1889.49,1380092.14
1889.97,1353952.09

SIPHT_100_565.xml
4052.21,2829645.44
3281.02,2299280.19
2026.22,1466820.87
2026.17,1441318.2

SIPHT_100_566.xml
5106.67,3562395.91
4040.04,2832620.36
2553.45,1843729.6
2553.4,1812901.83

SIPHT_100_567.xml
5260.15,3658012.96
3550.97,2489609.45
2630.19,1886000.2
2630.13,1858094.01

SIPHT_100_568.xml
4352.63,3030754.87
3502.29,2452763.47
2176.43,1571334.62
2176.37,1544875.33

SIPHT_100_569.xml
5324.71,3697854.91
4153.68,2900016.04
2662.47,1901223.67
2662.41,1875794.58

SIPHT_100_570.xml
4796.32,3355743.2
3798.39,2681541.82
2398.28,1742321.26
2398.22,1710862.98

SIPHT_100_571.xml
4612.62,3225744.76
3757.61,2641788.6
2306.43,1668296.28
2306.39,1644453.93

SIPHT_100_572.xml
5257.58,3656383.29
4094.82,2872247.23
2628.91,1882692.7
2628.85,1857954.63

SIPHT_100_573.xml
4823.65,3362299.07
3105,2187163.03
2411.94,1738552.45
2411.88,1711521.9

SIPHT_100_574.xml
4751.35,3324134.29
4523.6,3168147.5
2375.79,1725832.14
2375.73,1695099.33

SIPHT_100_575.xml
5171.45,3609021.15
3872.88,2716755.64
2585.84,1868529.34
2585.79,1837269.9

SIPHT_100_576.xml
4663.46,3257944.71
4664.15,3260327.94
2331.85,1689873.8
2331.79,1659056.57

SIPHT_100_577.xml
3964.86,2776323.52
3232.44,2273763.37
1982.55,1442460.64
1982.49,1417504.97

SIPHT_100_578.xml
4345.68,3032141.42
3571.67,2506793.05
2172.96,1569574.47
2172.9,1543843.37

SIPHT_100_579.xml
5062.83,3529676.02
3902.77,2743193.33
2531.53,1828940.47
2531.47,1798695.78

SIPHT_100_580.xml
5065.27,3528213.53
3375.6,2371314.05
2532.75,1824921.14
2532.7,1793551.15

SIPHT_100_581.xml
3394.02,2372784.97
2803.03,1968951.15
1697.7,1231175.92
1697.07,1208800.82

SIPHT_100_582.xml
4554.71,3183308.91
4136.97,2898018.59
2277.47,1650845.72
2277.41,1621154.87

SIPHT_100_583.xml
5287.78,3671302.66
4179.77,2914928.74
2644.01,1892751.69
2643.95,1864531.96

SIPHT_100_584.xml
3979.5,2779897.89
2885.89,2035604.39
1989.87,1441152.37
1989.81,1416406.88

SIPHT_100_585.xml
4876.78,3401395.21
4877.49,3398343.86
2438.51,1759302.79
2438.45,1730068.65

SIPHT_100_586.xml
5278.45,3666498.76
4127.35,2884008.63
2639.34,1890153.88
2639.28,1861094.64

SIPHT_100_587.xml
4203.28,2935469.61
3355.09,2352331.64
2101.97,1521975.34
2101.7,1494201.9

SIPHT_100_588.xml
5259.82,3648388.32
4140.58,2890931.78
2630.03,1880578.55
2629.97,1852052.14

SIPHT_100_589.xml
5301.25,3687911.68
5301.96,3684174.68
2650.74,1904552.99
2650.68,1874317.22

SIPHT_100_590.xml
3735.45,2617234.28
3115.77,2195404.98
1867.84,1360744.97
1887.31,1348887.46

SIPHT_100_591.xml
4922.76,3437504.74
4923.47,3421229.49
2461.5,1780834.69
2461.44,1750555.49

SIPHT_100_592.xml
4733.13,3300263.61
3244.34,2280264.23
2366.68,1701568.27
2366.62,1679094.19

SIPHT_100_593.xml
4643.39,3232190.6
3732.05,2608726.54
2321.81,1664362.41
2321.75,1643998.88

SIPHT_100_594.xml
5073.9,3543047.89
3359.29,2369088.75
2537.07,1835683.96
2537.01,1803991.41

SIPHT_100_595.xml
4685.08,3270828.67
3773.01,2651795.89
2342.66,1695582.1
2342.6,1664955.89

SIPHT_100_596.xml
5395.23,3755154.56
3674.37,2586166.53
2697.73,1938565.83
2714.81,1918187.64

SIPHT_100_597.xml
4683.34,3266397.36
4063.2,2838329.09
2341.79,1691375.02
2341.73,1662725.66

SIPHT_100_598.xml
4576.13,3185772.84
3650.65,2560143.26
2288.18,1644531.56
2288.13,1622643.05

SIPHT_100_599.xml
5635.6,3907497.15
5636.29,3898149.79
2817.92,2015298.89
2817.86,1980432.92

SIPHT_100_600.xml
5146.18,3584027.21
4060.73,2844171.64
2573.21,1850693.34
2573.15,1826043.46

SIPHT_100_601.xml
5124.22,3561336.18
4681.78,3269750.2
2562.23,1835723.98
2562.17,1808581.67

SIPHT_100_602.xml
4382.41,3051408.8
3215.82,2256079.6
2191.32,1583398.9
2191.26,1550875.82

SIPHT_100_603.xml
4430.22,3089027.94
4076.51,2849013.89
2215.23,1597368.07
2215.19,1574669.21

SIPHT_100_604.xml
5362.29,3729290.75
5362.99,3732169.39
2681.26,1923753.58
2681.2,1893485.09

SIPHT_100_605.xml
3671.86,2565755.86
2974.89,2090389.09
1836.05,1327087.77
1835.99,1309307.93

SIPHT_100_606.xml
4970.22,3467315.15
4970.97,3464477.25
2485.23,1794998.35
2485.17,1763315.41

SIPHT_100_607.xml
5144.67,3576102
5145.39,3563384.61
2572.45,1843791.87
2572.39,1814888.57

SIPHT_100_608.xml
4733.42,3300650.42
3785.25,2661108.11
2366.83,1703076.95
2366.77,1679239.8

SIPHT_100_609.xml
4863.73,3384183.01
3272.39,2297611.52
2431.98,1747116.11
2431.92,1719294.78

SIPHT_100_610.xml
5343.37,3713224.14
3595.66,2525299.5
2671.8,1913632.49
2671.74,1884618.03

SIPHT_100_611.xml
5164,3592429.74
3441.3,2418203.09
2582.12,1853738.49
2582.06,1824924.67

SIPHT_100_612.xml
4903.19,3415190.78
3828.87,2682307.46
2451.72,1760571.2
2451.65,1736673.67

SIPHT_100_613.xml
5320.96,3700423.99
4164.94,2913391.6
2660.6,1910722.71
2660.54,1878911.61

SIPHT_100_614.xml
4763.69,3327134.26
3751.46,2635678.28
2381.96,1724263.72
2381.91,1693649.85

SIPHT_100_615.xml
4018.94,2801189.22
3149.47,2212091.51
2009.59,1446891.97
2009.53,1426855.01

SIPHT_100_616.xml
4947.66,3440194.65
3921.65,2740684.6
2473.95,1769727.79
2473.89,1746962.89

SIPHT_100_617.xml
5052.6,3522476.97
3550.63,2494233.09
2526.42,1823724.16
2526.36,1793525.25

SIPHT_100_618.xml
4024.68,2816258.12
3754.51,2629444.45
2012.46,1462248.72
2012.42,1435375.86

SIPHT_100_619.xml
4141.84,2904324.56
4142.53,2907538.65
2071.04,1511898.28
2070.98,1482762.93

SIPHT_100_620.xml
4971.5,3462940.43
4972.24,3458425.82
2485.87,1793813.68
2502.97,1773383.73

SIPHT_100_621.xml
4458.71,3107459.72
3471.93,2438376.76
2229.47,1600899.25
2229.42,1580624.98

SIPHT_100_622.xml
4847.33,3376473.5
3897.16,2728232.69
2423.78,1740107.53
2423.72,1722393.14

SIPHT_100_623.xml
5085.34,3533482.95
5086.07,3526810.47
2542.79,1820942.42
2542.73,1793006.78

SIPHT_100_624.xml
5016.6,3493367.44
3976.3,2783183.26
2508.42,1806103.22
2508.36,1775988.65

SIPHT_100_625.xml
4952.57,3453870.39
4594.83,3199259.81
2476.4,1787226.77
2476.34,1756659.7

SIPHT_100_626.xml
4196.55,2927942.35
3345.02,2345678.75
2098.39,1515637.4
2098.34,1490370.29

SIPHT_100_627.xml
5208.74,3631139.17
3614.84,2536524.77
2604.49,1872898.42
2604.43,1845390.06

SIPHT_100_628.xml
5140.19,3574269.64
4046.35,2832911.4
2570.21,1843356.63
2570.15,1815295.76

SIPHT_100_629.xml
4470.89,3122295.94
3580.36,2518459.1
2235.56,1616250.88
2235.51,1592393.57

SIPHT_100_630.xml
5000.32,3480585.9
3843.41,2690502.16
2500.28,1799099.9
2500.22,1770265.2

SIPHT_100_631.xml
4342.71,3026730.53
2999.7,2112039.44
2171.47,1568368.42
2171.42,1541230.66

SIPHT_100_632.xml
3727.83,2608268.33
3050.08,2139499.89
1864.03,1349075.63
1863.97,1329181.97

SIPHT_100_633.xml
4842.16,3373125.16
3828.13,2678912.06
2421.2,1738581.92
2421.14,1715092.73

SIPHT_100_634.xml
5114.14,3563559.38
3476.86,2441590.14
2557.19,1842866.61
2557.13,1812822.44

SIPHT_100_635.xml
4180.04,2920713.02
4180.74,2923533.08
2090.14,1518642.2
2090.08,1491714.83

SIPHT_100_636.xml
5169.37,3589805.76
4314.36,3001686.78
2584.8,1843099.13
2584.74,1822142.67

SIPHT_100_637.xml
4535.45,3157243.83
3254.02,2282267.98
2267.84,1630362.42
2267.78,1604244.25

SIPHT_100_638.xml
3741.88,2615716.8
3712.41,2591513.5
1871.06,1356751.96
1871,1332607.44

SIPHT_100_639.xml
4343.49,3033983.9
3482.36,2445117.6
2171.86,1572524.67
2171.81,1545305.14

SIPHT_100_640.xml
4949.09,3449088.32
3958.72,2774944.14
2474.66,1779435.43
2474.6,1755550.37

SIPHT_100_641.xml
4854.13,3371957.91
4854.88,3367148.94
2427.18,1740340.13
2427.12,1713902.54

SIPHT_100_642.xml
5038.31,3505924.89
5039.02,3497549.15
2519.27,1809072.54
2519.21,1781651.73

SIPHT_100_643.xml
4875.46,3392993.93
3527.39,2474749.15
2437.85,1751935.28
2437.79,1724785.3

SIPHT_100_644.xml
3937.08,2753326.53
3557.44,2490682.68
1968.66,1429692.67
1968.6,1403732.99

SIPHT_100_645.xml
4425.66,3091755.39
4426.39,3085353.77
2212.95,1602194.3
2212.89,1574171.46

SIPHT_100_646.xml
4619.22,3230240.93
3711.02,2608842.37
2309.73,1676093.18
2309.67,1645838.07

SIPHT_100_647.xml
4523.97,3161004.22
3531.25,2484921.92
2262.1,1638861.67
2262.05,1610485.38

SIPHT_100_648.xml
4851.91,3375081.97
3841.52,2684028.43
2426.07,1741485.16
2426.01,1713560.91

SIPHT_100_649.xml
4063.09,2849283.37
3595.61,2528898.07
2031.66,1482976.92
2031.61,1454669.15

SIPHT_100_650.xml
5382.97,3740370.29
3681.23,2583172.29
2691.6,1932693.08
2691.54,1900748.75

SIPHT_100_651.xml
4762.08,3316971.72
3870.06,2710205.57
2381.16,1713873.55
2381.1,1685933.5

SIPHT_100_652.xml
4253.05,2970963.25
3647.16,2551673.53
2126.64,1539926.44
2126.58,1512242.73

SIPHT_100_653.xml
4520.26,3161335.1
3577.67,2522884.08
2260.25,1640424.02
2260.19,1611732.92

SIPHT_100_654.xml
4422.1,3089904.57
3290.68,2318498.25
2211.17,1601868.77
2211.11,1574804.97

SIPHT_100_655.xml
3577.91,2504974.72
3499.6,2446419.69
1789.07,1297312.16
1789,1277799.48

SIPHT_100_656.xml
3965.37,2764774.18
3351.74,2357449.72
1982.8,1433574.2
1982.74,1409044.98

SIPHT_100_657.xml
4593.08,3201839.68
4404.2,3066780.86
2296.66,1655932.57
2296.6,1628692.63

SIPHT_100_658.xml
5080.14,3535842.97
4030.25,2814443.01
2540.19,1827435.25
2540.13,1798983.99

SIPHT_100_659.xml
3764.29,2639532.5
3324.48,2334737.2
1882.26,1373685.82
1882.21,1347576.77

SIPHT_100_660.xml
4066.69,2834497.45
3382.64,2369660.38
2033.46,1465456.72
2033.41,1441405.02

SIPHT_100_661.xml
4791.32,3334876.7
3372.87,2376068.32
2395.78,1722247.8
2395.72,1698742.34

SIPHT_100_662.xml
4809.35,3348077.18
3742.55,2624025.66
2404.79,1733312.25
2404.73,1704231.97

SIPHT_100_663.xml
4172.08,2910601.55
3409.6,2388743.88
2086.16,1506490.38
2086.1,1480803.18

SIPHT_100_664.xml
5350.17,3725347.81
4013.75,2813649.42
2675.2,1924294.01
2675.14,1893681.44

SIPHT_100_665.xml
5215.34,3627739.63
4059.19,2847989.4
2607.79,1875844.77
2607.73,1845370.02

SIPHT_100_666.xml
4800.66,3338791.01
4175.12,2908050.17
2400.45,1718277.74
2400.39,1697987.13

SIPHT_100_667.xml
5253.49,3653725.14
5254.21,3652797
2626.86,1884804.5
2626.8,1855601.58

SIPHT_100_668.xml
4933.9,3442128.82
4934.61,3445746.36
2467.07,1781588.37
2467.01,1751335.15

SIPHT_100_669.xml
4735.91,3296822.16
3753.7,2625172.78
2368.07,1698221.7
2368.02,1675705.15

SIPHT_100_670.xml
5044.93,3510129.7
4108.39,2875694.86
2522.58,1811649.31
2522.53,1782710.52

SIPHT_100_671.xml
5239.42,3642857.08
4410.96,3084505.54
2619.83,1878109.43
2619.77,1853351.04

SIPHT_100_672.xml
4819.97,3356722.03
4076.05,2851574.66
2410.1,1733453.91
2410.05,1709896.1

SIPHT_100_673.xml
3471.05,2427315.15
3471.76,2432468.13
1735.64,1263191.88
1735.56,1240036.56

SIPHT_100_674.xml
4661.32,3251568.98
4662.04,3253850.03
2330.78,1678373.64
2330.72,1655549.26

SIPHT_100_675.xml
4342.37,3034947.4
3942.67,2756356.46
2171.3,1574043.01
2171.24,1545878.69

SIPHT_100_676.xml
5101.71,3549414.52
3396.14,2386527.2
2550.97,1826385.53
2550.92,1803586.39

SIPHT_100_677.xml
3828.08,2681754.33
3762.6,2634028.34
1914.16,1395675.74
1914.1,1368517.79

SIPHT_100_678.xml
5078.18,3531945.06
3475.73,2437076.91
2539.21,1822903.28
2539.15,1793028.76

SIPHT_100_679.xml
4470.59,3115836.01
4471.33,3113048.88
2235.41,1614069.79
2235.35,1587484.4

SIPHT_100_680.xml
4193.87,2934501.65
3536.09,2481137.94
2097.05,1523653.25
2097.98,1497325.28

SIPHT_100_681.xml
3935.16,2746451.83
3349.73,2347625.74
1967.7,1422075.45
1967.64,1398402.85

SIPHT_100_682.xml
4291.18,2991694.13
3520.21,2463498
2145.71,1547156.52
2145.65,1521164.04

SIPHT_100_683.xml
4449.37,3095006
3560.11,2478166.16
2224.8,1596880.82
2224.75,1571681.54

SIPHT_100_684.xml
5149.43,3580732.99
4050.95,2836889.83
2574.84,1846730.89
2574.78,1817901.98

SIPHT_100_685.xml
4097.05,2855728.09
3329.63,2334828.14
2048.64,1472636.04
2048.59,1451206.67

SIPHT_100_686.xml
4170.09,2920958.83
3013.77,2134557.14
2085.16,1516869.21
2085.1,1490203.68

SIPHT_100_687.xml
4374.61,3043588.34
3045.25,2135794.63
2187.42,1570665.06
2187.36,1545707.09

SIPHT_100_688.xml
4604.46,3214827.82
4605.19,3209553.48
2302.35,1667326.14
2302.29,1638072.71

SIPHT_100_689.xml
4836.06,3372795.6
3785.7,2657214.05
2418.15,1739325.15
2418.09,1716711.06

SIPHT_100_690.xml
4557.74,3172315.83
3593.39,2518089.79
2278.99,1640977.92
2278.93,1614352.24

SIPHT_100_691.xml
4775.56,3329404.86
3660.06,2562542.49
2387.9,1721956.63
2387.84,1694149.59

SIPHT_100_692.xml
5414.32,3761543.79
4274.38,2989633.92
2707.28,1933090.64
2707.22,1908868.68

SIPHT_100_693.xml
4774.58,3334267.5
3750.48,2637037.14
2387.41,1727710.19
2387.35,1695220.06

SIPHT_100_694.xml
4892.02,3411309.74
3404.28,2391762.39
2446.13,1765065.53
2446.07,1734263.2

SIPHT_100_695.xml
4897.92,3409070.2
3911.29,2738426.6
2449.08,1759923.58
2449.02,1734306.79

SIPHT_100_696.xml
4744.94,3316680.77
3725.95,2619118.63
2372.59,1720462.59
2372.53,1689002.12

SIPHT_100_697.xml
5153.85,3595032.36
4016.02,2819261.6
2577.04,1860616.46
2576.98,1829868.47

SIPHT_100_698.xml
5362.62,3727544.61
4213.92,2945006.38
2681.43,1922242.68
2681.37,1892104.88

SIPHT_100_699.xml
4429.31,3088013.78
3567.61,2504520.01
2214.77,1601009.51
2214.71,1573672.86

SIPHT_100_700.xml
4802.23,3348599.39
4162.5,2913624.61
2401.23,1732592.34
2401.17,1702495.98

SIPHT_100_701.xml
5072.64,3535310.27
4000.95,2805098.22
2536.44,1826861.85
2536.38,1797207.34

SIPHT_100_702.xml
4468.93,3117958.65
3151.23,2213127.2
2234.58,1613392.14
2234.52,1587226.65

SIPHT_100_703.xml
5074.35,3528613.94
4004.13,2793238.27
2537.3,1819477.46
2537.24,1795455.13

SIPHT_100_704.xml
4046.76,2822054.12
3008.54,2111440.68
2023.5,1462077.31
2023.44,1437977.67

SIPHT_100_705.xml
4739.14,3307165.7
3261.67,2296284.78
2369.69,1712224.04
2369.63,1683419.12

SIPHT_100_706.xml
4462.47,3110775.91
3587.44,2516379.05
2231.35,1604454.62
2231.3,1583000.28

SIPHT_100_707.xml
4713.71,3285586.11
3696.7,2589475.29
2356.97,1699054.47
2356.91,1671796.02

SIPHT_100_708.xml
5380.01,3744823.88
4270.91,2994533.2
2690.12,1933261.38
2690.06,1901770.86

SIPHT_100_709.xml
4264.87,2972288.25
4256.99,2963536.43
2132.55,1536387.96
2132.49,1512263.45

SIPHT_100_710.xml
5260.16,3658181.78
3583.71,2509711.24
2630.2,1886750.24
2630.14,1857707.16

SIPHT_100_711.xml
4809.22,3355836.86
4454.33,3108733.75
2404.73,1740301.36
2404.67,1709311.59

SIPHT_100_712.xml
5413.1,3776577.66
4257.43,2985352.06
2706.67,1955088.76
2706.61,1922326.43

SIPHT_100_713.xml
4989.18,3475087.12
3982.78,2784527.66
2494.71,1795727.67
2494.65,1765544.01

SIPHT_100_714.xml
5260.56,3658786.26
3583.36,2509271.36
2630.4,1887588.75
2630.34,1857562.09

SIPHT_100_715.xml
4156.63,2905882.04
3366.24,2365144.04
2078.43,1507696.51
2078.39,1481737.5

SIPHT_100_716.xml
3909.14,2727809.23
2824.12,1989363.53
1954.69,1411769.54
1954.63,1387904.15

SIPHT_100_717.xml
4246.99,2960421.47
3447.13,2420405.19
2123.61,1531387.8
2123.55,1505974.55

SIPHT_100_718.xml
4376.24,3058626.19
3323.5,2331138.33
2188.24,1586269.99
2188.18,1557601.14

SIPHT_100_719.xml
5100.66,3563881.79
4013.18,2821658.15
2550.45,1847900.96
2550.39,1814973.14

SIPHT_100_720.xml
5015.12,3489281.79
3322.96,2328064.78
2507.68,1800497.56
2507.62,1771869.49

SIPHT_100_721.xml
4607.32,3217244.5
3503.18,2459451.39
2303.78,1667007.46
2303.72,1638173.22

SIPHT_100_722.xml
4409.17,3082424.1
3588.62,2515563.17
2204.7,1598836.81
2204.66,1571270.61

SIPHT_100_723.xml
4148.95,2898827.23
3338.93,2348619.38
2074.59,1502238.77
2091.87,1487548.88

SIPHT_100_724.xml
4422.64,3082643.29
2973.59,2095429.76
2211.44,1588968.66
2211.38,1567275.89

SIPHT_100_725.xml
4296.27,2998203.53
4068.7,2846443.05
2148.25,1546436.62
2148.19,1526614.07

SIPHT_100_726.xml
4540.08,3163906.44
3171.29,2232535.61
2270.16,1634159.82
2270.1,1611557.67

SIPHT_100_727.xml
4963.69,3457411.19
3916.7,2749381.35
2481.96,1786171.06
2481.9,1756342.98

SIPHT_100_728.xml
5209.15,3628012.63
3946.4,2767524.17
2604.69,1870914.2
2604.64,1841435.42

SIPHT_100_729.xml
4196.09,2939984.9
3042.62,2147419.69
2098.16,1528590.04
2098.1,1500684.08

SIPHT_100_730.xml
4330.39,3020165.65
3225.37,2261503.7
2165.31,1558672.21
2165.25,1537610.17

SIPHT_100_731.xml
3880.33,2716759.23
3224.85,2268212.45
1940.28,1411369.01
1940.21,1386956.99

SIPHT_100_732.xml
4152.54,2895163.05
3345.19,2342833.78
2076.39,1492436.04
2076.33,1472280.23

SIPHT_100_733.xml
4800.38,3339954.7
3407.49,2385550.4
2400.31,1717617.93
2400.25,1695418.82

SIPHT_100_734.xml
4763.03,3314324.45
3817.37,2677297.16
2381.63,1709904.94
2381.57,1686743.65

SIPHT_100_735.xml
4558.85,3178412.71
3075.01,2159223.91
2279.54,1644112.07
2279.48,1616449.3

SIPHT_100_736.xml
4661.91,3247967.22
3271.69,2308317.99
2331.07,1673627.57
2331.01,1652362.3

SIPHT_100_737.xml
5175.83,3604764.71
4037.86,2833420.68
2588.03,1861860.84
2587.98,1833745.31

SIPHT_100_738.xml
4831.99,3361838.91
3828.36,2677789.14
2416.11,1730196.69
2416.05,1708693.69

SIPHT_100_739.xml
4628.17,3226806.47
3616.67,2539393.45
2314.2,1663783.48
2314.14,1641628.58

SIPHT_100_740.xml
3848.04,2690115.09
2886.85,2033075.65
1924.14,1390990.23
1924.06,1370927.47

SIPHT_100_741.xml
3875.74,2708621.27
3187.9,2234757.09
1937.99,1403172.85
1937.93,1383156.37

SIPHT_100_742.xml
4976.46,3468734.47
3932.27,2766662.77
2488.35,1793952.1
2488.29,1764126.28

SIPHT_100_743.xml
4031.95,2808661.33
3391.63,2371269.33
2016.09,1445977.26
2016.04,1427645.32

SIPHT_100_744.xml
4394.97,3063000.99
3745.64,2625855.74
2197.6,1585169.56
2197.54,1559020.61

SIPHT_100_745.xml
4567.95,3178041.29
3670.98,2566482.44
2284.09,1639758.07
2284.04,1616957.37

SIPHT_100_746.xml
4987.22,3475544.95
3977.18,2780800.96
2493.73,1790998.42
2511.21,1778847.75

SIPHT_100_747.xml
5281.4,3665577.69
3576.39,2505354.12
2640.82,1887133.22
2640.76,1858989.39

SIPHT_100_748.xml
4585.38,3198621.21
3203.86,2259441.66
2292.81,1655313.12
2292.75,1627078.02

SIPHT_100_749.xml
4969.59,3460649.75
3705.83,2597094.41
2484.91,1787845.83
2484.85,1758915.99

SIPHT_100_750.xml
4422.04,3085576.64
3267.67,2302018.17
2211.14,1597269.35
2211.08,1569519.02

SIPHT_100_751.xml
3953.51,2770328.5
3450.12,2430679.67
1976.87,1434801.63
1976.83,1413936.95

SIPHT_100_752.xml
5062.46,3530061.4
3997.85,2797711.46
2531.34,1826008.36
2531.29,1796132.35

SIPHT_100_753.xml
5337.04,3721143.68
4174.1,2932814.2
2668.64,1924927.86
2668.58,1892912.47

SIPHT_100_754.xml
4356.93,3043628.88
3458.93,2434524.51
2178.58,1577163.73
2178.52,1550706.99

SIPHT_100_755.xml
5056.83,3529244.17
3922.29,2753787.69
2528.53,1828411.13
2528.48,1796073.8

SIPHT_100_756.xml
4540.87,3170691.89
4432.04,3090939.75
2270.55,1645608.96
2270.49,1617375.44

SIPHT_100_757.xml
5216.8,3622092.88
3494.58,2447683.99
2608.52,1860213.67
2608.46,1837651.01

SIPHT_100_758.xml
5190.06,3610923.91
5190.79,3614952.64
2595.15,1859373.82
2595.09,1832793.68

SIPHT_100_759.xml
4880.36,3403309.64
3799.08,2660507.98
2440.3,1760632.64
2440.24,1731482.21

SIPHT_100_760.xml
5353.07,3728886.07
4224.3,2961668.17
2676.65,1927079.19
2691.32,1905889.76

SIPHT_100_761.xml
4356.58,3042897.95
3413.81,2394100.92
2178.41,1576507.3
2178.35,1548893.46

SIPHT_100_762.xml
4992.51,3478608.07
3390.45,2386268.49
2496.37,1798364.89
2496.31,1768987.25

SIPHT_100_763.xml
4853.22,3379241.66
3235.32,2273439.07
2426.72,1745153.12
2426.67,1718103.39

SIPHT_100_764.xml
5032.17,3499164.34
3690.97,2580854.18
2516.21,1800227.5
2516.15,1777827.04

SIPHT_100_765.xml
4964.12,3455537.11
3896.02,2734933.4
2482.18,1784255.09
2482.12,1755842.78

SIPHT_100_766.xml
4598.49,3207879.23
3613.36,2539962.88
2299.36,1661068.72
2299.3,1632407.14

SIPHT_100_767.xml
5006.13,3497665.64
3360.3,2380409.95
2503.18,1813164.74
2503.13,1782142.62

SIPHT_100_768.xml
5152.15,3581448.59
4063.29,2835031.02
2576.19,1846301.48
2576.13,1818196.88

SIPHT_100_769.xml
5333.47,3715545.9
4639.58,3253551.27
2666.85,1924482.85
2666.79,1892700.01

SIPHT_100_770.xml
4439.99,3091593.86
3039.91,2136716.3
2220.11,1597316.55
2220.05,1571145.44

SIPHT_100_771.xml
4121.42,2878224.32
4122.17,2873252.16
2060.83,1491222.7
2060.77,1465516.43

SIPHT_100_772.xml
5029.07,3501406.01
3962,2784400.98
2514.65,1812797.33
2514.59,1782939.12

SIPHT_100_773.xml
4883.41,3406485.63
3872.83,2726084.71
2441.82,1763004.39
2441.76,1733706.78

SIPHT_100_774.xml
5240.69,3654371.82
5241.43,3647978.87
2620.46,1890678.5
2620.41,1858611.92

SIPHT_100_775.xml
4994.86,3482601.46
3878.37,2723193.61
2497.55,1797415.16
2497.49,1772565.44

SIPHT_100_776.xml
5314.06,3684675.05
4181.59,2919019.02
2657.15,1895446.83
2657.09,1867249.59

SIPHT_100_777.xml
4139.77,2883460.47
3360.41,2353280.79
2070.01,1489776.07
2069.95,1465521.08

SIPHT_100_778.xml
5116.72,3556192.5
3417.35,2391891.96
2558.48,1828540.73
2558.42,1804962.15

SIPHT_100_779.xml
4506.42,3137074.11
3537.96,2483895.54
2253.33,1620274.57
2253.27,1594675.48

SIPHT_100_780.xml
4219.32,2940313.87
3345.66,2348028.74
2109.78,1522823.53
2109.72,1496248.9

SIPHT_100_781.xml
5327.37,3708989.88
4307.89,3017423.72
2663.8,1919389.56
2663.74,1887200.11

SIPHT_100_782.xml
5005.49,3480963.48
4043.32,2822147.46
2502.86,1794115.69
2502.8,1772007.86

SIPHT_100_783.xml
4685.83,3260122.37
3463.31,2429948.62
2343.03,1682017.65
2342.98,1656887.83

SIPHT_100_784.xml
5138.06,3569747.32
3526.45,2467057.19
2569.15,1839115.95
2569.09,1811996.33

SIPHT_100_785.xml
4368.75,3052367.76
4369.49,3046777.21
2184.49,1578527.85
2184.44,1556748.19

SIPHT_100_786.xml
5430.14,3776139.95
3683.6,2587156.81
2715.19,1942102.32
2715.13,1917458.34

SIPHT_100_787.xml
5175.59,3609681.87
3417.11,2411610.97
2587.91,1868177.81
2587.85,1836583.59

SIPHT_100_788.xml
5325.06,3701162.7
4158.7,2906596.36
2662.65,1911293.78
2662.59,1881141.21

SIPHT_100_789.xml
5045.03,3511437.14
3489.22,2451690.36
2522.63,1807503.45
2522.57,1782245.76

SIPHT_100_790.xml
4814.15,3357452.66
4814.88,3354902.08
2407.19,1737232.31
2407.13,1708219.31

SIPHT_100_791.xml
4868.08,3383159.73
3901.48,2726013.37
2434.16,1743116.56
2434.1,1720854.46

SIPHT_100_792.xml
4367.7,3053174.72
3493.73,2463820.36
2183.97,1583718.62
2183.91,1555223.86

SIPHT_100_793.xml
3405.38,2384237.98
2995.31,2108202.09
1702.81,1238636.37
1702.73,1216419.29

SIPHT_100_794.xml
4244.13,2954950.58
2878.01,2026589.71
2122.18,1522119.23
2122.12,1502013.1

SIPHT_100_795.xml
5297.98,3692339.7
4201.49,2948659.87
2649.11,1910066.8
2649.05,1878404.62

SIPHT_100_796.xml
5093.62,3543012.9
3415.36,2401544.69
2546.93,1827937.95
2546.87,1799283

SIPHT_100_797.xml
4603.57,3217377.89
3712.61,2610181.5
2301.9,1668667.95
2301.84,1639563.46

SIPHT_100_798.xml
4217.95,2948759.27
3101.38,2198074.61
2109.09,1525360.6
2109.04,1503168.2

SIPHT_100_799.xml
4885.8,3404947.49
3943.91,2769474.5
2443.02,1760485.42
2442.96,1731239.07

SIPHT_100_800.xml
4463.33,3123634.88
4305.92,3018323.97
2231.78,1622118.65
2231.73,1591925.34

SIPHT_100_801.xml
5247.14,3653162.99
3529.08,2475204.28
2623.69,1886773.75
2623.63,1856371.86

SIPHT_100_802.xml
4458.1,3108072.92
3528.57,2473050.68
2229.17,1607244.66
2229.11,1580553.5

SIPHT_100_803.xml
4541.91,3175620.25
3767.21,2653723.27
2271.07,1647804.51
2271.01,1616619.56

SIPHT_100_804.xml
5040.33,3511883.29
3966.14,2776291.58
2520.28,1815249.5
2520.22,1786735.11

SIPHT_100_805.xml
4297.8,2998958.14
3929.63,2752118.71
2149.02,1552311.54
2148.96,1526823.04

SIPHT_100_806.xml
4995.82,3477114.22
3876.2,2716683.93
2498.03,1795099.19
2497.97,1766945.66

SIPHT_100_807.xml
5258.88,3662743.71
4472.36,3120384.69
2629.56,1892170.05
2629.5,1863406.03

SIPHT_100_808.xml
5061.88,3522978.02
3446.08,2421531.38
2531.06,1814805.27
2531,1790026.81

SIPHT_100_809.xml
5011.37,3499064.85
3898.09,2743024.65
2505.8,1812485.13
2505.74,1782654.2

SIPHT_100_810.xml
5279.92,3674721.45
4184.03,2932824.35
2640.08,1901855.23
2640.02,1871481.04

SIPHT_100_811.xml
5241.62,3642505.15
5242.33,3636012.56
2620.93,1877340.43
2620.87,1849080.78

SIPHT_100_812.xml
4604.75,3205783.9
3674.95,2574132.81
2302.49,1655348.31
2302.43,1628910.02

SIPHT_100_813.xml
4760.87,3321121.15
3318.21,2339411.06
2380.56,1718841.64
2380.5,1689329.78

SIPHT_100_814.xml
5150.74,3588334.5
3502.15,2462937.84
2575.49,1849641.73
2575.43,1824347.5

SIPHT_100_815.xml
5151.72,3585148.75
4007.5,2815927.56
2575.98,1850230.26
2575.92,1822448.27

SIPHT_100_816.xml
5017.29,3493028.13
3551.45,2497814.82
2508.76,1803764.1
2508.7,1775594.76

SIPHT_100_817.xml
4709.05,3282414.76
3583,2518054.34
2354.64,1698823.42
2354.58,1670941.55

SIPHT_100_818.xml
5193.76,3621312.79
4024.91,2826896.38
2597,1873182.52
2596.94,1842240.27

SIPHT_100_819.xml
4731.95,3300787.78
3984.75,2792628.32
2366.09,1708157.42
2366.03,1679521.62

SIPHT_100_820.xml
4674.54,3249700.39
4675.25,3244189.38
2337.39,1676886.38
2337.33,1650095.73

SIPHT_100_821.xml
4746.85,3314367.29
3749.7,2635022.16
2373.54,1717004.17
2373.48,1687198.35

SIPHT_100_822.xml
4817.25,3365794.23
3752.71,2636939.66
2408.74,1744787.14
2408.69,1712883.09

SIPHT_100_823.xml
5458.95,3796205.78
5459.66,3794544.04
2729.59,1959357.29
2729.53,1928111.23

SIPHT_100_824.xml
4854.73,3392016.03
3773.46,2661463.09
2427.48,1755688.02
2427.42,1727879.54

SIPHT_100_825.xml
4928.51,3430726.42
3816.25,2679536.7
2464.37,1767214.41
2464.31,1744838.97

SIPHT_100_826.xml
5145.75,3585699.04
3448.17,2422140.54
2572.99,1849297.43
2572.93,1823411.76

SIPHT_100_827.xml
5018.34,3498446.31
3421.92,2404994.99
2509.29,1809151.23
2509.23,1778968.77

SIPHT_100_828.xml
4052.01,2830014.4
3320.23,2329740.09
2026.12,1460913.07
2026.07,1441927.06

SIPHT_100_829.xml
4969.41,3464608.68
4970.12,3462329.04
2484.82,1791825.38
2484.76,1762848.1

SIPHT_100_830.xml
4853.85,3379850.55
4854.59,3382839.33
2427.04,1739010.08
2426.98,1719270.24

SIPHT_100_831.xml
4236.99,2964827.64
3412.66,2397048.82
2118.61,1539039.9
2118.55,1511707.65

SIPHT_100_832.xml
5255.43,3663716.05
3958.95,2783178.65
2627.83,1894634.76
2627.78,1863975.96

SIPHT_100_833.xml
5075.5,3530882.91
5076.23,3526006.64
2537.87,1821774.89
2537.81,1793828.96

SIPHT_100_834.xml
4330.12,3024947.94
3148.1,2220403.37
2165.18,1568066.57
2165.12,1540795.03

SIPHT_100_835.xml
4997.44,3482765.77
3872.38,2715368.18
2498.84,1801262.65
2498.78,1772581.29

SIPHT_100_836.xml
4789.62,3332094.77
3827.78,2671582.03
2394.93,1719424.64
2394.87,1692353.48

SIPHT_100_837.xml
4069.19,2837336.11
3339.09,2340833.07
2034.71,1464121.21
2034.66,1444276.16

SIPHT_100_838.xml
4403.28,3071693.85
3519.48,2468607.73
2201.76,1589699.58
2201.7,1562460.63

SIPHT_100_839.xml
4980.25,3472442.67
3315.13,2338943.62
2490.24,1796413.82
2490.18,1766220.91

SIPHT_100_840.xml
5345.51,3716517.72
4208.7,2946359.51
2672.87,1916076.43
2672.81,1888415.03

SIPHT_100_841.xml
5255.16,3668554.03
4086.16,2875582.64
2627.7,1899944.72
2627.64,1868364.74

SIPHT_100_842.xml
4806.75,3344209.5
3342.85,2347299.43
2403.49,1725542.56
2403.44,1698745.96

SIPHT_100_843.xml
4463.61,3114313.47
3214.42,2256065.48
2231.92,1612191.02
2231.86,1585193.3

SIPHT_100_844.xml
4577.44,3191236.8
3129.9,2201304.13
2288.84,1650324.03
2288.78,1623085.57

SIPHT_100_845.xml
3791.73,2647113.72
3181.78,2231979.03
1895.98,1365009.63
1895.92,1347602.8

SIPHT_100_846.xml
4715.29,3282396.29
3803.38,2665525.84
2357.76,1695092.35
2375.22,1678907.46

SIPHT_100_847.xml
4803.91,3351134.09
3840.62,2694767.69
2402.07,1734410.6
2402.02,1704923.69

SIPHT_100_848.xml
3545.96,2474079.69
2745.96,1930752.11
1773.1,1280645.04
1773.04,1257068.16

SIPHT_100_849.xml
4175.47,2907959.19
3443.81,2411966.88
2087.85,1497174.22
2087.79,1477993.2

SIPHT_100_850.xml
3900.53,2726288.13
2984.57,2096642.04
1950.38,1414361.66
1950.34,1389248.9

SIPHT_100_851.xml
4915.61,3422284.9
3942.97,2765542.49
2457.92,1768809.15
2457.86,1739933.68

SIPHT_100_852.xml
3947.2,2753550.62
3184.97,2241691.08
1973.72,1425431.24
1973.66,1400683.69

SIPHT_100_853.xml
5142.69,3580694.18
4109.01,2880511.64
2571.46,1850688.79
2571.4,1819412.32

SIPHT_100_854.xml
4934,3444991.76
4170.07,2920645.68
2467.12,1784772.46
2467.06,1753391.84

SIPHT_100_855.xml
4414.25,3082378.79
3471.77,2432850.4
2207.24,1597075.89
2207.19,1569045.34

SIPHT_100_856.xml
5081.89,3540291.35
4014.62,2820132.65
2541.06,1829803.86
2541,1799855.15

SIPHT_100_857.xml
4936.79,3435979.38
3371.27,2369819.29
2468.51,1775143.97
2468.45,1747186.46

SIPHT_100_858.xml
3887.19,2720225.05
2879.58,2035197.8
1943.71,1412508.2
1943.65,1387101.08

SIPHT_100_859.xml
4731.19,3295550.88
3727.12,2615970.07
2365.71,1709165.6
2365.65,1679610.24

SIPHT_100_860.xml
4173.7,2905187.14
3317.35,2332401.04
2086.97,1500772.78
2086.91,1481913.88

SIPHT_100_861.xml
4752.34,3304819.05
3213.38,2251059.05
2376.29,1705105.68
2376.23,1676437.86

SIPHT_100_862.xml
4886.63,3397458.91
3866.28,2711621.74
2443.43,1760310.45
2443.37,1732548.6

SIPHT_100_863.xml
4222.81,2940788.27
3382.54,2368436.58
2111.52,1514295.53
2111.46,1494407.53

SIPHT_100_864.xml
4953.87,3451964.91
3881.14,2717564.69
2477.05,1784401.72
2476.99,1754758.4

SIPHT_100_865.xml
3301.84,2314674.02
2778.73,1954441.88
1651.04,1210349.35
1650.98,1181841.22

SIPHT_100_866.xml
4810.04,3360100.91
3401.44,2402101.21
2405.14,1741636.32
2405.08,1711256

SIPHT_100_867.xml
4343.04,3034779.8
4343.75,3036094.79
2171.64,1573077.41
2171.58,1549992.2

SIPHT_100_868.xml
4428.87,3094852.8
4429.57,3097177.72
2214.56,1608633.78
2214.5,1578288.27

SIPHT_100_869.xml
4625,3231605.4
3703.57,2604584.61
2312.62,1675598.23
2312.56,1646304.99

SIPHT_100_870.xml
4426.25,3094700.29
3517.47,2478512.32
2213.24,1602407.52
2213.18,1573759.98

SIPHT_100_871.xml
4036.33,2828079.31
3245.39,2290357.83
2018.28,1471329.24
2018.22,1445095.41

SIPHT_100_872.xml
4992.44,3482834.86
4464.22,3123123.89
2496.34,1802686.4
2496.28,1772436.89

SIPHT_100_873.xml
4579.81,3195356.8
4182.4,2920146.08
2290.02,1654143.7
2289.96,1626078.1

SIPHT_100_874.xml
5388.1,3753920.75
4234.14,2973459.73
2694.17,1940339.15
2694.11,1908570.98

SIPHT_100_875.xml
4717.21,3291517.66
3742.56,2620266.58
2358.72,1703945.63
2358.67,1675301.91

SIPHT_100_876.xml
4596.24,3202001.14
3163.36,2224027.29
2298.24,1654728.73
2298.18,1627575.97

SIPHT_100_877.xml
4614.96,3223933.6
3265.87,2296503.28
2307.6,1671382.9
2307.54,1642149.42

SIPHT_100_878.xml
4031.21,2819128.73
3363.77,2366145.06
2015.72,1462899.79
2032.8,1448334.57

SIPHT_100_879.xml
4369.76,3046850.26
4094.97,2851442.23
2185,1571570.8
2184.94,1550452.7

SIPHT_100_880.xml
4521.79,3154561.59
3704.35,2599996.5
2261.01,1626894.75
2260.95,1605271.63

SIPHT_100_881.xml
4443.96,3101702.33
3647.2,2560291.78
2222.1,1606742.35
2222.04,1580390.27

SIPHT_100_882.xml
4492.06,3136518.04
3591.61,2521603.22
2246.15,1624982.54
2246.09,1597412.59

SIPHT_100_883.xml
4612.19,3222032.84
3332.44,2355296.58
2306.21,1667199.14
2306.15,1641326.76

SIPHT_100_884.xml
4436.02,3093860.66
3582.45,2507736.26
2218.13,1600670.51
2218.07,1574851.72

SIPHT_100_885.xml
4752.58,3321445.05
3673.88,2583884.03
2376.4,1725082.88
2376.35,1693161.67

SIPHT_100_886.xml
4008.11,2800461.92
2802.17,1972109.15
2004.17,1451402.34
2004.11,1426323

SIPHT_100_887.xml
4776.07,3323475.06
3781.7,2643707.61
2388.15,1715435.25
2388.1,1688335.87

SIPHT_100_888.xml
3974.14,2768853.95
2861.54,2017254.86
1987.19,1439546.8
1987.13,1414906.64

SIPHT_100_889.xml
5069.7,3526420.29
3326.71,2338120.9
2534.97,1820744.73
2534.91,1791111.87

SIPHT_100_890.xml
4750.39,3316417.93
3243.41,2284991.46
2375.31,1717785.99
2375.26,1689508.75

SIPHT_100_891.xml
5293.62,3685951.48
5294.36,3676171.27
2646.93,1903933.29
2646.87,1873146.73

SIPHT_100_892.xml
5056.46,3532090.56
3427.31,2425072.22
2528.35,1830429.23
2528.29,1799482.47

SIPHT_100_893.xml
3635.02,2538371.25
2697.97,1896920.94
1817.63,1315458.35
1817.57,1292521.13

SIPHT_100_894.xml
4900.57,3419622.64
4901.28,3420277.5
2450.4,1770511.5
2450.34,1739290.58

SIPHT_100_895.xml
5186.19,3601523.08
4126.85,2879355.83
2593.21,1854460.4
2593.15,1826861.17

SIPHT_100_896.xml
4563.6,3186314.09
3554.16,2498816.53
2281.92,1650561.11
2281.86,1622525.98

SIPHT_100_897.xml
4723.04,3293140.71
4723.76,3292657.19
2361.64,1704722.65
2361.58,1676183.82

SIPHT_100_898.xml
4832.9,3366737.05
4833.61,3364379.25
2416.57,1739919.87
2416.51,1711720.76

SIPHT_100_899.xml
5201.38,3635812.51
4078.95,2876056.91
2600.81,1885888.85
2600.75,1852299.82

SIPHT_100_900.xml
4936.99,3440647.55
3459.97,2429637.42
2468.61,1779178.97
2468.56,1750953.96

SIPHT_100_901.xml
4069.78,2849019.57
3029.1,2140493.07
2035.01,1480173.54
2034.95,1452016.21

SIPHT_100_902.xml
5103.49,3556202.65
3410.33,2397185.74
2551.86,1838207.65
2551.8,1808591.4

SIPHT_100_903.xml
3918.75,2739892.48
3569.77,2506030.98
1959.49,1420970.1
1959.43,1397669.63

SIPHT_100_904.xml
4774.31,3330817.99
4211.05,2953585.95
2387.27,1718525.36
2387.21,1695070.74

SIPHT_100_905.xml
4073.38,2847539.79
3290.9,2313548.49
2036.81,1479294.76
2036.75,1452243.32

SIPHT_100_906.xml
5113.54,3558834.71
3372.86,2371150.74
2556.89,1834673.66
2556.83,1811533.28

SIPHT_100_907.xml
4080.3,2848880.21
3753.19,2621464.3
2040.27,1475585.16
2040.21,1449646.26

SIPHT_100_908.xml
4312.18,3011854.07
3834.51,2680358.84
2156.21,1556417.39
2156.15,1534073.6

SIPHT_100_909.xml
4857.01,3384917.49
4443.18,3097490.83
2428.62,1752854.67
2428.56,1723065.95

SIPHT_100_910.xml
3922.16,2747671.77
3177.85,2243941.49
1961.2,1424252.78
1961.14,1401884.12

SIPHT_100_911.xml
5223.64,3636101.81
3526.04,2478851.35
2611.94,1877744.43
2611.88,1846829.19

SIPHT_100_912.xml
4317.41,3008936.39
3056.91,2152517.76
2158.82,1555522.85
2158.76,1530754.71

SIPHT_100_913.xml
4807.35,3352046.77
3790.29,2662603.82
2403.79,1728553.73
2403.73,1706095.94

SIPHT_100_914.xml
4834.3,3374097.54
3841.13,2693967.93
2417.27,1747309.72
2417.21,1716929.58

SIPHT_100_915.xml
4648,3247788.02
3504.25,2466713.35
2324.12,1678254.46
2341.27,1668290.2

SIPHT_100_916.xml
5144.12,3579436.95
4082.35,2859622.61
2572.18,1847986.86
2572.12,1823936.05

SIPHT_100_917.xml
5280.49,3677293.93
4006.93,2805380.34
2640.36,1893531.81
2640.31,1869809.67

SIPHT_100_918.xml
4996.27,3481618.55
3908.82,2742562.62
2498.25,1799599.33
2498.19,1770675.42

SIPHT_100_919.xml
3725.27,2605838.25
3569.94,2499492.66
1862.75,1352072.24
1862.69,1332023.91

SIPHT_100_920.xml
4557.98,3178922.14
4558.69,3186190.48
2279.11,1644286.19
2281.95,1622751.79

SIPHT_100_921.xml
4363.85,3044539.7
3444.25,2423053.67
2182.04,1580044.93
2181.98,1551772.69

SIPHT_100_922.xml
4910.68,3427243.84
3864.55,2720023.3
2455.46,1774615.39
2455.4,1744692.75

SIPHT_100_923.xml
4613.89,3213748.49
3225.17,2261780.38
2307.06,1658224.84
2307,1636711.54

SIPHT_100_924.xml
4719.39,3288762.05
3808.65,2671880.64
2359.82,1700731.19
2359.76,1672168.85

SIPHT_100_925.xml
4898.24,3413931.98
3923.04,2748380.5
2449.24,1765291.22
2449.18,1735345.72

SIPHT_100_926.xml
4996.85,3493154.31
3371.29,2382179.51
2498.55,1812761.09
2498.49,1779314.06

SIPHT_100_927.xml
4037.22,2819103.95
4037.93,2813864.58
2018.73,1455822.84
2018.67,1435875.28

SIPHT_100_928.xml
4504.26,3142682.69
3778.94,2649911.69
2252.25,1626854.86
2252.19,1599221.65

SIPHT_100_929.xml
5221.02,3629373.43
4400.78,3069993.39
2610.63,1871305.8
2610.57,1842881.63

SIPHT_100_930.xml
3713.97,2600079.01
3268.87,2291074.58
1857.1,1350843.9
1857.03,1326167.01

SIPHT_100_931.xml
4395.41,3063666.3
4396.1,3056968.14
2197.82,1579816.2
2197.76,1559244.41

SIPHT_100_932.xml
5285.97,3669163.41
4210.82,2952896.68
2643.1,1895213.2
2643.04,1865876.21

SIPHT_100_933.xml
4949.74,3453048.25
3985.46,2793149.33
2474.99,1781709.17
2474.93,1757460.56

SIPHT_100_934.xml
4162.89,2896722.03
3354.99,2352510.13
2081.56,1494366.63
2081.5,1474761.01

SIPHT_100_935.xml
3716.67,2600474.35
2811.03,1983585.25
1858.45,1350892.16
1858.39,1327287.36

SIPHT_100_936.xml
4940.16,3453038.26
3474.73,2454622.17
2470.19,1790967.82
2470.14,1759711.16

SIPHT_100_937.xml
4915.62,3421291.01
3373.89,2365094.25
2457.93,1766361.26
2475.16,1750417.01

SIPHT_100_938.xml
4938.47,3438235.7
3873.97,2708890.62
2469.35,1775520.36
2469.29,1746564.7

SIPHT_100_939.xml
4783.91,3332069.31
3132.43,2199555.13
2392.07,1721732.38
2392.01,1694517

SIPHT_100_940.xml
4768.66,3330222.79
3771.33,2648829.93
2384.45,1725630.07
2384.39,1695640.68

SIPHT_100_941.xml
5131.3,3581622.76
3917.9,2770044.55
2565.77,1855330.18
2565.71,1823580.75

SIPHT_100_942.xml
4742.97,3305189.87
4743.74,3310538.51
2371.6,1708421.97
2371.55,1681564.89

SIPHT_100_943.xml
4836.79,3366197.15
3906.33,2733847.28
2418.51,1737858.14
2418.45,1711122.52

SIPHT_100_944.xml
4846.02,3378601.9
4573.72,3185806.77
2423.13,1748345.14
2423.07,1717314.09

SIPHT_100_945.xml
5323.2,3691684.37
4149.62,2900083.08
2661.71,1894189.49
2661.66,1871618.28

SIPHT_100_946.xml
4004.97,2802714.3
3214.37,2264585.07
2002.6,1451384.2
2002.54,1429368.19

SIPHT_100_947.xml
3897.47,2724486.24
3200.45,2253219.27
1948.85,1413483.61
1948.8,1387482.16

SIPHT_100_948.xml
5318.03,3699635.89
4148.35,2908483.54
2659.13,1912662.97
2659.07,1882928.26

SIPHT_100_949.xml
5518.25,3826016.88
3825.44,2666663.68
2759.24,1967425.58
2759.18,1938353.91

SIPHT_100_950.xml
4790.55,3347482.8
3824.94,2684877.06
2395.39,1735526.46
2395.34,1705869.11

SIPHT_100_951.xml
5143.81,3577541.19
3972.49,2782990.12
2572.02,1841855.44
2571.96,1817425.92

SIPHT_100_952.xml
4754.61,3313532.9
3150.38,2215949.16
2377.42,1713124.79
2377.36,1684944.99

SIPHT_100_953.xml
4973.44,3469719.25
3659.32,2569327.62
2486.84,1796642.14
2486.78,1764904.12

SIPHT_100_954.xml
4903.38,3421148.98
3388.58,2381253.52
2451.81,1775848.26
2451.75,1739874.06

SIPHT_100_955.xml
4561.47,3177142.17
3691.05,2587793.9
2280.85,1640419.41
2280.8,1618983.9

SIPHT_100_956.xml
5255.86,3660778.23
5256.56,3664159.63
2628.05,1895180.36
2682.32,1901227.27

SIPHT_100_957.xml
4389.9,3062743.42
4179.48,2921115.74
2195.07,1581352.07
2195.01,1559203.05

SIPHT_100_958.xml
4682.32,3267688.12
3631.34,2551412.01
2341.28,1691958.64
2341.22,1661795.32

SIPHT_100_959.xml
5140.51,3584454.72
4248.34,2986833.27
2570.37,1850096.69
2570.31,1824358.6

SIPHT_100_960.xml
4907.14,3420549.73
3892.56,2735029.52
2453.69,1768840.53
2453.63,1739252.1

SIPHT_100_961.xml
4927.88,3434444.87
4928.55,3426369.62
2464.06,1774374.52
2464.97,1745491.91

SIPHT_100_962.xml
3780.81,2646715.71
3423.36,2406822.01
1890.52,1374910.06
1890.45,1350269.07

SIPHT_100_963.xml
4643.32,3247726.88
4004.33,2810467.13
2321.78,1685887.54
2321.72,1655171.42

SIPHT_100_964.xml
5178.94,3606077.84
3944.58,2766416.11
2589.59,1862389.81
2589.53,1833059.17

SIPHT_100_965.xml
4517.93,3153019.05
3375.63,2378153.35
2259.08,1632166.59
2259.02,1604449.81

SIPHT_100_966.xml
4314.58,3016821.01
4315.32,3009405.4
2157.41,1568429.74
2157.35,1538532.7

SIPHT_100_967.xml
4801.27,3350120.49
3452.74,2426662.09
2400.75,1734410.72
2400.69,1704825.53

SIPHT_100_968.xml
4904.47,3419937.02
3858.69,2708201.15
2452.35,1765290.79
2452.29,1740539.64

SIPHT_100_969.xml
4915.1,3425333.89
3843.17,2700135.92
2457.67,1767664.11
2457.61,1742830.72

SIPHT_100_970.xml
4803.83,3342739.38
3824.73,2680928.31
2402.03,1725485.83
2401.98,1697161.24

SIPHT_100_971.xml
4059.01,2838011.41
2903.45,2043756.31
2029.62,1472272.82
2029.59,1446969.66

SIPHT_100_972.xml
4380.59,3055276.79
3578.69,2507949.67
2190.41,1581039.19
2190.35,1554223.86

SIPHT_100_973.xml
5215.99,3631965.04
4089.2,2868270.1
2608.11,1870938.27
2608.05,1847595.08

SIPHT_100_974.xml
5394.62,3753031.35
4432.47,3087635.14
2697.43,1936829.09
2697.37,1905835.9

SIPHT_100_975.xml
4894.51,3407402.74
3449.58,2419640.33
2447.37,1760526.23
2447.31,1732875.2

SIPHT_100_976.xml
4119.85,2886026.78
3101.99,2185792.5
2060.04,1498833.6
2060,1471901.92

SIPHT_100_977.xml
4540.79,3166367.93
4127.3,2879804.54
2270.51,1638128.38
2270.45,1610250.53

SIPHT_100_978.xml
4911.87,3407866.83
3891.23,2707044.89
2456.05,1747637.2
2455.99,1728536.43

SIPHT_100_979.xml
4475.92,3114290.39
3621.06,2529703.87
2238.08,1602952.85
2238.02,1583168.46

SIPHT_100_980.xml
3839.13,2686216.7
3341.22,2350762.52
1919.68,1395229.11
1919.61,1370583.38

SIPHT_100_981.xml
5081.69,3553698.61
4003.17,2820562.99
2540.96,1844181.74
2540.9,1811492.72

SIPHT_100_982.xml
4253.48,2963025.74
3626.88,2537943.66
2126.86,1535740.59
2126.8,1509027.5

SIPHT_100_983.xml
4844.12,3382637.43
3811.27,2677837.59
2422.18,1752716.03
2422.12,1722601.86

SIPHT_100_984.xml
5140.3,3572587.54
3383.88,2376355.59
2570.27,1836441.19
2570.21,1813004.44

SIPHT_100_985.xml
5134.57,3568619.77
4030.58,2815237.46
2567.4,1840387.79
2567.34,1811923.13

SIPHT_100_986.xml
5027.57,3512981.71
3861.89,2726344.33
2513.9,1821436.81
2513.84,1790783.32

SIPHT_100_987.xml
5045.15,3518573.08
3395.84,2398695.49
2522.69,1820372.72
2522.63,1790622.93

SIPHT_100_988.xml
3861.68,2695664.39
3260.37,2287086.52
1930.96,1397899.81
1930.9,1372840.26

SIPHT_100_989.xml
4430.14,3094670.18
3965.21,2768024.28
2215.19,1604217.38
2215.13,1576891.77

SIPHT_100_990.xml
3899.7,2726959.92
3200.35,2247396.18
1949.97,1414442.27
1949.91,1390250.25

SIPHT_100_991.xml
5048.9,3523474.52
3963.74,2783740.11
2524.57,1825185.3
2524.51,1793712.29

SIPHT_100_992.xml
4714.09,3286715.9
3812.91,2679325.12
2357.16,1699346.15
2357.11,1675825.52

SIPHT_100_993.xml
4567.43,3196641.54
4372.7,3060306.43
2283.83,1660333.71
2283.77,1629938.54

SIPHT_100_994.xml
5021.83,3491908.44
5022.61,3486685.57
2511.03,1800975.54
2510.97,1772774.86

SIPHT_100_995.xml
4287.25,2988090.86
4287.97,2983084.77
2143.74,1539553.15
2143.69,1519940.16

SIPHT_100_996.xml
4372.91,3054557.96
3515.19,2462276.84
2186.57,1577874.64
2186.52,1555380.25

SIPHT_100_997.xml
4765.38,3321078.34
3287.72,2310069.58
2382.81,1716983.98
2382.75,1688350.16

SIPHT_100_998.xml
4656.51,3247092.64
3855.52,2702425.07
2328.37,1680021.03
2328.31,1651557.33

SIPHT_100_999.xml
4753.94,3309048.54
3768.5,2637370.02
2377.09,1712380.72
2377.03,1684062.22

SIPHT_100_1000.xml
5389.66,3759485.13
4299.2,2999981.25
2694.95,1945583.95
2694.89,1913823.34

